,mass bin,1st Xoff,2nd Xoff,3rd Xoff,4th Xoff,full sample
0,1277713058146.4575,5039.0,11346.0,14180.0,13929.0,44494.0
1,1309676609105.1804,5096.0,11066.0,13800.0,13320.0,43282.0
2,1342023524859.7407,5169.0,10780.0,13392.0,12993.0,42334.0
3,1373697484527.8499,5009.0,10654.0,13077.0,12408.0,41148.0
4,1405791125453.812,4958.0,10445.0,12629.0,11912.0,39944.0
5,1437419658451.3875,5153.0,10382.0,12060.0,11363.0,38958.0
6,1475273015629.7886,6526.0,13438.0,15319.0,14315.0,49598.0
7,1511933619631.9019,4890.0,9917.0,11093.0,10147.0,36047.0
8,1549407953667.9536,6475.0,12800.0,14220.0,12689.0,46184.0
9,1586857752667.922,4779.0,9515.0,10041.0,8962.0,33297.0
10,1623963666826.2327,6267.0,12192.0,13056.0,11124.0,42639.0
11,1666823261548.5781,6083.0,11941.0,12299.0,10518.0,40841.0
12,1709295742232.4512,6083.0,11457.0,11805.0,9906.0,39251.0
13,1751966949152.5425,6254.0,11161.0,11287.0,8983.0,37685.0
14,1794593829822.5244,6029.0,10805.0,10638.0,8502.0,35974.0
15,1837151537285.5444,5887.0,10616.0,10113.0,7849.0,34465.0
16,1879374536082.474,5820.0,10244.0,9614.0,7539.0,33217.0
17,1927355687812.796,7393.0,12446.0,11454.0,8510.0,39803.0
18,1975612015837.4937,5809.0,9739.0,8610.0,6236.0,30394.0
19,2023185187810.0637,7055.0,11753.0,10318.0,7222.0,36348.0
20,2071386652726.9558,5739.0,9141.0,7697.0,5476.0,28053.0
21,2118913957076.7288,7129.0,10903.0,9311.0,6299.0,33642.0
22,2172458468208.0925,6920.0,10768.0,8624.0,5895.0,32207.0
23,2225912055277.8594,6802.0,10025.0,8312.0,5379.0,30518.0
24,2284041678957.7188,8136.0,11830.0,9272.0,5910.0,35148.0
25,2342733249667.799,6773.0,9555.0,7318.0,4739.0,28385.0
26,2396426601941.7476,6695.0,9334.0,6919.0,4266.0,27214.0
27,2454616465045.2056,7853.0,11130.0,8035.0,4899.0,31917.0
28,2518934743394.309,7872.0,10640.0,7582.0,4459.0,30553.0
29,2582369388270.981,7912.0,10349.0,7103.0,4123.0,29487.0
30,2646121150278.293,8085.0,9897.0,6886.0,3881.0,28749.0
31,2710455518047.2603,7702.0,9635.0,6470.0,3619.0,27426.0
32,2774289528314.2817,7611.0,9249.0,6322.0,3439.0,26621.0
33,2843298026315.7896,8968.0,10292.0,6844.0,3672.0,29776.0
34,2912370931793.77,7448.0,8549.0,5252.0,2913.0,24162.0
35,2981713277171.3335,8428.0,9317.0,5943.0,3055.0,26743.0
36,3056057530194.725,8114.0,8878.0,5487.0,2870.0,25349.0
37,3130835306822.513,7871.0,8380.0,4985.0,2500.0,23736.0
38,3205163694923.989,7762.0,8164.0,4546.0,2367.0,22839.0
39,3285270231416.55,8556.0,8584.0,4865.0,2462.0,24467.0
40,3370026949666.4644,8245.0,8092.0,4389.0,2249.0,22975.0
41,3455265342650.4844,8157.0,7465.0,4103.0,2006.0,21731.0
42,3540448183457.8716,7762.0,7004.0,3704.0,1782.0,20252.0
43,3625802588483.888,7572.0,6609.0,3422.0,1575.0,19178.0
44,3710886859810.5176,7283.0,6199.0,3219.0,1411.0,18112.0
45,3801684855769.231,7904.0,6747.0,3241.0,1434.0,19326.0
46,3896695066613.9033,7581.0,6202.0,2923.0,1240.0,17946.0
47,3992437196287.1963,7326.0,5710.0,2640.0,1160.0,16836.0
48,4088821857619.577,7192.0,5359.0,2477.0,1015.0,16043.0
49,4190611760083.8135,7636.0,5654.0,2491.0,960.0,16741.0
50,4295852050516.024,7364.0,5225.0,2339.0,932.0,15860.0
51,4402957609297.178,7228.0,4858.0,2025.0,775.0,14886.0
52,4510237699448.796,6894.0,4634.0,1848.0,696.0,14072.0
53,4621796714721.375,7214.0,4619.0,1937.0,649.0,14419.0
54,4733234869455.804,6358.0,3910.0,1589.0,545.0,12402.0
55,4845120494538.835,6592.0,4089.0,1584.0,504.0,12769.0
56,4967069216680.755,7098.0,4162.0,1544.0,490.0,13294.0
57,5089186914351.472,6083.0,3458.0,1296.0,387.0,11224.0
58,5212725790196.977,6549.0,3498.0,1300.0,398.0,11745.0
59,5339473324783.585,6238.0,3327.0,1168.0,325.0,11058.0
60,5473159846792.212,6266.0,3488.0,1136.0,314.0,11204.0
61,5611821216020.589,6217.0,3111.0,1081.0,284.0,10693.0
62,5750597753369.945,6009.0,2929.0,939.0,243.0,10120.0
63,5888226413768.88,5694.0,2621.0,861.0,197.0,9373.0
64,6032334131633.356,5804.0,2622.0,853.0,213.0,9492.0
65,6181198999642.7295,5598.0,2433.0,780.0,171.0,8982.0
66,6335175733752.62,5724.0,2416.0,721.0,175.0,9036.0
67,6490946464067.278,5232.0,2102.0,596.0,139.0,8069.0
68,6649546302535.91,5639.0,2171.0,591.0,172.0,8573.0
69,6814957959507.741,5038.0,1866.0,536.0,95.0,7535.0
70,6981012394312.067,5204.0,1951.0,495.0,119.0,7769.0
71,7151694417573.559,4962.0,1643.0,434.0,83.0,7122.0
72,7327053262610.088,4996.0,1653.0,396.0,66.0,7111.0
73,7507394120082.815,4830.0,1474.0,362.0,73.0,6739.0
74,7693547722071.979,4807.0,1518.0,345.0,51.0,6721.0
75,7885384980988.593,4734.0,1335.0,298.0,44.0,6411.0
76,8076804764096.663,4345.0,1286.0,272.0,45.0,5948.0
77,8273608475734.792,4389.0,1180.0,243.0,38.0,5850.0
78,8480270378719.567,4436.0,1126.0,247.0,41.0,5850.0
79,8688986717594.874,4058.0,1005.0,210.0,30.0,5303.0
80,8904421085450.346,4330.0,1004.0,183.0,26.0,5543.0
81,9121411314432.99,3880.0,861.0,144.0,30.0,4915.0
82,9343963826679.65,4108.0,866.0,158.0,21.0,5153.0
83,9578690314136.125,3820.0,821.0,141.0,12.0,4794.0
84,9813833775372.125,3695.0,693.0,133.0,20.0,4541.0
85,10052295218186.568,3827.0,647.0,109.0,15.0,4598.0
86,10298831593794.076,3545.0,584.0,99.0,13.0,4241.0
87,10553110841423.947,3708.0,544.0,103.0,16.0,4371.0
88,10815175304878.049,3280.0,488.0,68.0,12.0,3848.0
89,11076124125342.258,3287.0,457.0,77.0,12.0,3833.0
90,11344938911867.643,3143.0,421.0,88.0,15.0,3667.0
91,11628327821939.586,3145.0,379.0,34.0,12.0,3570.0
92,11915732105628.908,2878.0,339.0,65.0,16.0,3298.0
93,12209428717948.719,2925.0,293.0,49.0,14.0,3281.0
94,12512631193880.945,3007.0,277.0,38.0,11.0,3333.0
95,12818990408525.756,2815.0,239.0,32.0,7.0,3093.0
96,13131315325248.07,2721.0,210.0,34.0,7.0,2972.0
97,13456407378640.777,2575.0,158.0,38.0,8.0,2779.0
98,13783549186676.994,2582.0,173.0,27.0,7.0,2789.0
99,14128263655030.8,2435.0,148.0,27.0,8.0,2618.0
100,14470133304940.375,2348.0,143.0,36.0,7.0,2534.0
101,14827298063935.164,2221.0,110.0,22.0,8.0,2361.0
102,15195117016525.234,2239.0,91.0,21.0,8.0,2359.0
103,15567670856610.8,2148.0,95.0,33.0,6.0,2282.0
104,15952108915662.65,2075.0,78.0,21.0,7.0,2181.0
105,16344917488323.82,1927.0,82.0,24.0,9.0,2042.0
106,16740492893401.016,1970.0,70.0,23.0,6.0,2069.0
107,17155742590559.824,1822.0,50.0,22.0,10.0,1904.0
108,17571935926773.455,1748.0,55.0,18.0,8.0,1829.0
109,18006111378687.54,1661.0,56.0,21.0,6.0,1744.0
110,18452683402244.535,1693.0,48.0,14.0,4.0,1759.0
111,18910871943371.945,1554.0,52.0,24.0,6.0,1636.0
112,19376191358024.69,1458.0,34.0,22.0,8.0,1522.0
113,19845085774058.58,1434.0,33.0,14.0,7.0,1488.0
114,20332732334047.11,1401.0,39.0,22.0,3.0,1465.0
115,20839183567727.61,1351.0,30.0,24.0,2.0,1407.0
116,21341650209205.02,1195.0,35.0,21.0,6.0,1257.0
117,21872568888888.89,1125.0,22.0,16.0,7.0,1170.0
118,22414036283185.84,1130.0,36.0,15.0,2.0,1183.0
119,22965075085324.23,1172.0,32.0,20.0,5.0,1229.0
120,23521024725274.727,1092.0,18.0,16.0,8.0,1134.0
121,24107530612244.9,1078.0,31.0,18.0,5.0,1132.0
122,24700270500532.48,939.0,27.0,17.0,1.0,984.0
123,25315206697459.586,866.0,28.0,14.0,5.0,913.0
124,25923555813953.49,860.0,23.0,15.0,12.0,910.0
125,26570831868131.867,910.0,32.0,19.0,5.0,966.0
126,27214380891719.746,785.0,32.0,15.0,6.0,838.0
127,27887977690288.715,762.0,23.0,15.0,9.0,809.0
128,28581403068340.31,717.0,16.0,13.0,2.0,748.0
129,29287625187406.297,667.0,28.0,21.0,5.0,721.0
130,30003984615384.617,650.0,23.0,10.0,2.0,685.0
131,30734535190615.836,682.0,16.0,12.0,4.0,714.0
132,31502969543147.207,591.0,16.0,13.0,6.0,626.0
133,32245665461121.156,553.0,18.0,15.0,5.0,591.0
134,33059741245136.188,514.0,18.0,9.0,1.0,542.0
135,33869355072463.77,552.0,33.0,19.0,4.0,608.0
136,34716103752759.383,453.0,24.0,8.0,2.0,487.0
137,35575519480519.484,462.0,23.0,10.0,4.0,499.0
138,36439888337468.984,403.0,19.0,9.0,3.0,434.0
139,37332517241379.31,377.0,23.0,12.0,2.0,414.0
140,38237992268041.234,388.0,22.0,12.0,6.0,428.0
141,39196393854748.6,358.0,10.0,13.0,7.0,388.0
142,40167991097922.85,337.0,16.0,9.0,1.0,363.0
143,41145046012269.94,326.0,18.0,8.0,5.0,357.0
144,42159680921052.63,304.0,15.0,8.0,2.0,329.0
145,43164182410423.45,307.0,14.0,8.0,3.0,332.0
146,44256122302158.27,278.0,6.0,9.0,3.0,296.0
147,45328796491228.07,285.0,19.0,8.0,3.0,315.0
148,46481508928571.43,224.0,12.0,10.0,3.0,249.0
149,47610575510204.08,245.0,16.0,14.0,0.0,275.0
150,48764110169491.52,236.0,13.0,9.0,7.0,265.0
151,49969516279069.766,215.0,14.0,7.0,2.0,238.0
152,51167505154639.17,194.0,21.0,5.0,0.0,220.0
153,52438855555555.555,180.0,8.0,8.0,2.0,198.0
154,53728283018867.92,159.0,10.0,9.0,0.0,178.0
155,55058103448275.86,145.0,17.0,7.0,6.0,175.0
156,56340710937500.0,128.0,10.0,9.0,0.0,147.0
157,57814558620689.66,145.0,12.0,13.0,4.0,174.0
158,59228952380952.38,126.0,7.0,6.0,2.0,141.0
159,60734579365079.37,126.0,13.0,7.0,4.0,150.0
160,62216054263565.89,129.0,10.0,4.0,0.0,143.0
161,63721412500000.0,80.0,12.0,4.0,3.0,99.0
162,65263834951456.31,103.0,16.0,2.0,2.0,123.0
163,66916734693877.555,98.0,14.0,1.0,0.0,113.0
164,68535518072289.16,83.0,6.0,5.0,0.0,94.0
165,70144526315789.48,76.0,13.0,3.0,2.0,94.0
166,71868684782608.7,92.0,4.0,4.0,6.0,106.0
167,73719679012345.67,81.0,6.0,2.0,1.0,90.0
168,75470215384615.39,65.0,7.0,1.0,0.0,73.0
169,77422372881355.94,59.0,12.0,2.0,1.0,74.0
170,79288500000000.0,64.0,12.0,1.0,0.0,77.0
171,81383689655172.4,58.0,3.0,3.0,1.0,65.0
172,83245032786885.25,61.0,7.0,5.0,1.0,74.0
173,85486960000000.0,50.0,7.0,2.0,1.0,60.0
174,87500073170731.7,41.0,3.0,2.0,1.0,47.0
175,89491276595744.69,47.0,2.0,3.0,2.0,54.0
176,91649568181818.19,44.0,2.0,2.0,2.0,50.0
177,93879162162162.16,37.0,5.0,1.0,1.0,44.0
178,96307678571428.58,28.0,4.0,1.0,0.0,33.0
179,98760740740740.73,27.0,7.0,2.0,0.0,36.0
180,101063235294117.64,34.0,1.0,2.0,0.0,37.0
181,103621200000000.0,25.0,4.0,0.0,1.0,30.0
182,105945238095238.1,21.0,4.0,2.0,1.0,28.0
183,108780000000000.0,19.0,3.0,2.0,0.0,24.0
184,111390000000000.0,23.0,6.0,2.0,0.0,31.0
185,114060000000000.0,18.0,3.0,2.0,1.0,24.0
186,116868333333333.33,12.0,3.0,1.0,3.0,19.0
187,119645625000000.0,16.0,1.0,1.0,0.0,18.0
188,122626000000000.0,15.0,3.0,1.0,0.0,19.0
189,125290000000000.0,7.0,2.0,2.0,0.0,11.0
190,129310000000000.0,14.0,4.0,1.0,1.0,20.0
191,131912000000000.0,10.0,4.0,1.0,0.0,15.0
192,135811176470588.23,17.0,1.0,1.0,0.0,19.0
193,138890000000000.0,10.0,1.0,0.0,0.0,11.0
194,141692857142857.16,7.0,4.0,1.0,0.0,12.0
195,145126666666666.66,3.0,4.0,0.0,0.0,7.0
196,149154000000000.0,5.0,1.0,1.0,0.0,7.0
197,151736250000000.0,8.0,3.0,1.0,0.0,12.0
198,156480000000000.0,4.0,3.0,1.0,0.0,8.0
