,mass bin,1st Xoff,2nd Xoff,3rd Xoff,4th Xoff,full sample
0,1277716976875.3525,3546.0,9175.0,14022.0,17172.0,43915.0
1,1310087876132.0479,3423.0,9087.0,13986.0,17096.0,43592.0
2,1341957395773.8435,3502.0,9049.0,13893.0,16841.0,43285.0
3,1373778660260.034,3538.0,8975.0,13391.0,16397.0,42301.0
4,1405571623883.9285,3584.0,8945.0,13130.0,15671.0,41330.0
5,1437565978530.1404,3633.0,8905.0,12914.0,15158.0,40610.0
6,1474915894602.635,4706.0,11451.0,16767.0,19771.0,52695.0
7,1512260040923.7065,3421.0,8359.0,12038.0,14058.0,37876.0
8,1549753312236.2869,4740.0,11085.0,15761.0,17791.0,49377.0
9,1586854390451.833,3519.0,8144.0,11554.0,12794.0,36011.0
10,1623831823253.738,4481.0,10805.0,14554.0,16528.0,46368.0
11,1666430096463.0225,4665.0,10445.0,14135.0,15480.0,44725.0
12,1709281243207.9983,4601.0,10562.0,13883.0,14589.0,43635.0
13,1751913727272.7273,4400.0,10180.0,13255.0,13652.0,41487.0
14,1794397292027.7297,4616.0,9888.0,12497.0,12924.0,39925.0
15,1837096586799.2766,4424.0,9722.0,12149.0,12265.0,38560.0
16,1879784083124.001,4379.0,9552.0,11621.0,11698.0,37250.0
17,1927483122971.511,5546.0,11529.0,14145.0,13614.0,44834.0
18,1975566659157.468,4439.0,9149.0,10672.0,10314.0,34574.0
19,2023100144665.4612,5530.0,11221.0,12896.0,12161.0,41808.0
20,2071241488109.2537,4247.0,8475.0,10059.0,9131.0,31912.0
21,2119321395174.8645,5347.0,10381.0,11722.0,10828.0,38278.0
22,2172243372578.8074,5266.0,10249.0,11518.0,10033.0,37066.0
23,2225622311983.0737,5199.0,10042.0,10877.0,9624.0,35742.0
24,2284097227176.909,6167.0,11661.0,12454.0,10596.0,40878.0
25,2342572389518.968,5114.0,9590.0,9831.0,8310.0,32845.0
26,2396058982387.4756,5110.0,9280.0,9490.0,7765.0,31645.0
27,2454808173395.1025,6044.0,10734.0,10822.0,8812.0,36412.0
28,2518316905874.4995,5992.0,10486.0,10290.0,8154.0,34922.0
29,2582409461966.605,5929.0,10312.0,9898.0,7568.0,33707.0
30,2646483627204.0303,5955.0,9970.0,9172.0,7057.0,32154.0
31,2710437663230.2407,5820.0,9724.0,9239.0,6684.0,31467.0
32,2773931755936.9043,5769.0,9621.0,8814.0,6336.0,30540.0
33,2843052328095.7188,6937.0,11241.0,9625.0,6700.0,34503.0
34,2912581514589.3066,5929.0,9276.0,8090.0,5444.0,28739.0
35,2981628286213.9316,6862.0,10622.0,9090.0,6071.0,32645.0
36,3056567026949.128,6939.0,10302.0,8828.0,5822.0,31891.0
37,3130496727748.691,6876.0,10271.0,8469.0,5399.0,31015.0
38,3205180783979.5483,7041.0,10025.0,7945.0,5072.0,30083.0
39,3285293857620.149,7782.0,11194.0,8845.0,5613.0,33434.0
40,3370496818847.331,7513.0,10724.0,8227.0,5121.0,31585.0
41,3455415785277.704,7526.0,10278.0,7917.0,4897.0,30618.0
42,3540945556295.8027,7505.0,9953.0,7517.0,4754.0,29729.0
43,3625608699821.8936,7299.0,9539.0,7118.0,4340.0,28296.0
44,3710987220582.0327,7113.0,9064.0,6702.0,4009.0,26888.0
45,3802105000000.0,7880.0,9795.0,7083.0,4328.0,29086.0
46,3897791813172.3955,7622.0,9288.0,6696.0,3974.0,27580.0
47,3992944759206.799,7413.0,8699.0,6270.0,3670.0,26052.0
48,4089463221884.4985,7238.0,8479.0,5858.0,3380.0,24955.0
49,4189995114503.817,7860.0,9099.0,6119.0,3534.0,26612.0
50,4296708345047.9233,7825.0,8674.0,5646.0,3202.0,25347.0
51,4403464346164.346,7326.0,8265.0,5229.0,3075.0,23895.0
52,4509644424385.502,7201.0,7628.0,4936.0,2759.0,22524.0
53,4621636316064.888,7644.0,7987.0,5087.0,2724.0,23442.0
54,4733421834189.288,6815.0,6938.0,4192.0,2268.0,20213.0
55,4844633266074.791,7434.0,7291.0,4308.0,2325.0,21358.0
56,4967401888020.833,7680.0,7528.0,4458.0,2211.0,21877.0
57,5090173209435.311,6995.0,6622.0,3830.0,1889.0,19336.0
58,5212760703572.402,7334.0,6781.0,3768.0,1856.0,19739.0
59,5339361423911.502,7051.0,6577.0,3457.0,1674.0,18759.0
60,5472868477826.608,7509.0,6735.0,3609.0,1640.0,19493.0
61,5611485400225.4795,7096.0,6248.0,3299.0,1537.0,18180.0
62,5750314407502.131,7038.0,5937.0,3152.0,1326.0,17453.0
63,5888947950760.318,6905.0,5674.0,2895.0,1208.0,16682.0
64,6031372912978.347,7343.0,5807.0,2861.0,1155.0,17166.0
65,6181122681293.632,7019.0,5227.0,2636.0,1082.0,15964.0
66,6335264125747.67,7189.0,5619.0,2677.0,1088.0,16573.0
67,6490362122626.828,6426.0,4903.0,2266.0,861.0,14456.0
68,6650596694549.379,7412.0,5231.0,2477.0,825.0,15945.0
69,6815624226110.363,6687.0,4587.0,2079.0,824.0,14177.0
70,6978762335025.381,6895.0,4734.0,2076.0,771.0,14476.0
71,7150821951947.471,6701.0,4391.0,2006.0,669.0,13767.0
72,7325869854132.901,6787.0,4400.0,1943.0,651.0,13781.0
73,7508382562277.58,6744.0,4179.0,1821.0,576.0,13320.0
74,7693856545638.651,6913.0,4199.0,1724.0,560.0,13396.0
75,7884194653135.413,6602.0,3862.0,1639.0,474.0,12577.0
76,8076569368667.187,6415.0,3696.0,1422.0,387.0,11920.0
77,8274334654963.681,6608.0,3701.0,1358.0,377.0,12044.0
78,8479942463919.06,6721.0,3485.0,1374.0,389.0,11969.0
79,8689494429060.107,6139.0,3227.0,1228.0,333.0,10927.0
80,8902212052647.146,6762.0,3314.0,1163.0,317.0,11556.0
81,9122101950325.055,5999.0,3006.0,1061.0,266.0,10332.0
82,9342594612954.186,6330.0,3045.0,1108.0,280.0,10763.0
83,9578818206478.379,6267.0,2872.0,966.0,201.0,10306.0
84,9812352713936.43,6135.0,2778.0,889.0,206.0,10008.0
85,10050671837398.373,6150.0,2685.0,767.0,174.0,9776.0
86,10297133546648.703,5938.0,2429.0,754.0,183.0,9304.0
87,10552940661478.6,6168.0,2410.0,715.0,165.0,9458.0
88,10812877501725.328,5796.0,2292.0,736.0,120.0,8944.0
89,11073221875541.688,5769.0,2181.0,627.0,147.0,8724.0
90,11346371681415.93,5876.0,2128.0,633.0,112.0,8749.0
91,11626586401781.127,5839.0,2009.0,577.0,108.0,8533.0
92,11915843022252.889,5797.0,1897.0,516.0,95.0,8305.0
93,12207040628864.158,5661.0,1722.0,492.0,82.0,7957.0
94,12511945908935.297,5842.0,1707.0,480.0,83.0,8112.0
95,12822320665942.816,5526.0,1553.0,413.0,57.0,7549.0
96,13135209474063.4,5552.0,1595.0,391.0,52.0,7590.0
97,13453108027565.654,5369.0,1400.0,311.0,38.0,7118.0
98,13782256587316.01,5503.0,1321.0,315.0,54.0,7193.0
99,14125796754104.549,5299.0,1260.0,256.0,41.0,6856.0
100,14473647454370.797,5205.0,1154.0,241.0,56.0,6656.0
101,14827542824295.842,5219.0,1098.0,251.0,39.0,6607.0
102,15194934744610.604,5149.0,1056.0,218.0,36.0,6459.0
103,15566484879032.258,4960.0,922.0,186.0,43.0,6111.0
104,15950529105628.373,5188.0,928.0,193.0,37.0,6346.0
105,16345055327025.916,4862.0,855.0,165.0,24.0,5906.0
106,16745790639364.814,4786.0,763.0,166.0,31.0,5746.0
107,17153496729354.047,4892.0,680.0,141.0,24.0,5737.0
108,17575205128205.129,4602.0,693.0,149.0,29.0,5473.0
109,18006155172413.793,4698.0,569.0,121.0,22.0,5410.0
110,18456863596872.285,4604.0,599.0,100.0,30.0,5333.0
111,18910761371274.926,4463.0,469.0,117.0,26.0,5075.0
112,19375404778313.805,4353.0,471.0,99.0,21.0,4944.0
113,19846032904148.785,4194.0,415.0,75.0,18.0,4702.0
114,20334765923200.734,4349.0,394.0,89.0,28.0,4860.0
115,20841677907265.062,4033.0,383.0,88.0,32.0,4536.0
116,21351883231334.15,4085.0,310.0,82.0,16.0,4493.0
117,21876717948717.95,3900.0,287.0,76.0,22.0,4285.0
118,22416522825809.742,3921.0,237.0,58.0,26.0,4242.0
119,22961415316257.188,3826.0,274.0,72.0,20.0,4192.0
120,23527342781456.953,3775.0,238.0,79.0,24.0,4116.0
121,24109486372576.566,3559.0,201.0,66.0,15.0,3841.0
122,24694004055619.93,3452.0,172.0,62.0,30.0,3716.0
123,25303951515151.516,3465.0,197.0,68.0,24.0,3754.0
124,25931472620790.63,3415.0,150.0,56.0,22.0,3643.0
125,26565224222086.637,3278.0,150.0,64.0,16.0,3508.0
126,27224288002512.562,3184.0,125.0,72.0,28.0,3409.0
127,27887994438992.477,3057.0,135.0,51.0,24.0,3267.0
128,28583285038838.23,2961.0,125.0,65.0,16.0,3167.0
129,29285130297723.293,2855.0,127.0,54.0,20.0,3056.0
130,29997172401035.887,2703.0,105.0,56.0,19.0,2883.0
131,30734928923293.457,2842.0,120.0,60.0,24.0,3046.0
132,31484726618705.035,2641.0,101.0,49.0,25.0,2816.0
133,32266638671875.0,2560.0,115.0,49.0,24.0,2748.0
134,33062643846458.25,2527.0,130.0,47.0,26.0,2730.0
135,33883587764894.043,2501.0,113.0,56.0,15.0,2685.0
136,34709049696969.695,2475.0,101.0,60.0,22.0,2658.0
137,35563683275563.26,2308.0,105.0,47.0,22.0,2482.0
138,36433670083876.98,2146.0,104.0,67.0,18.0,2335.0
139,37341673211781.2,2139.0,87.0,72.0,22.0,2320.0
140,38241203311867.52,2174.0,101.0,56.0,23.0,2354.0
141,39198807121661.72,2022.0,75.0,63.0,19.0,2179.0
142,40155178678678.68,1998.0,107.0,59.0,27.0,2191.0
143,41148156115879.83,1864.0,90.0,64.0,18.0,2036.0
144,42137869133075.65,1811.0,79.0,65.0,19.0,1974.0
145,43189482112436.12,1761.0,93.0,59.0,30.0,1943.0
146,44262981640849.11,1743.0,82.0,64.0,20.0,1909.0
147,45348654609101.516,1714.0,90.0,49.0,23.0,1876.0
148,46471993830968.54,1621.0,87.0,69.0,34.0,1811.0
149,47590221926910.3,1505.0,74.0,48.0,15.0,1642.0
150,48788070603337.61,1558.0,92.0,49.0,23.0,1722.0
151,49982624832214.766,1490.0,92.0,54.0,15.0,1651.0
152,51205204661325.56,1373.0,96.0,59.0,18.0,1546.0
153,52463352071005.914,1352.0,97.0,60.0,21.0,1530.0
154,53758122388059.7,1340.0,72.0,59.0,20.0,1491.0
155,55065071146245.06,1265.0,74.0,53.0,20.0,1412.0
156,56434054339010.55,1233.0,89.0,56.0,14.0,1392.0
157,57824738281250.0,1280.0,81.0,49.0,16.0,1426.0
158,59232721070811.74,1158.0,66.0,50.0,20.0,1294.0
159,60706462169553.33,1097.0,101.0,45.0,22.0,1265.0
160,62204635249764.375,1061.0,72.0,47.0,19.0,1199.0
161,63692184290030.21,993.0,76.0,48.0,13.0,1130.0
162,65280366225839.266,983.0,83.0,69.0,20.0,1155.0
163,66906945474372.95,917.0,76.0,44.0,16.0,1053.0
164,68524796756756.76,925.0,66.0,53.0,20.0,1064.0
165,70237974566473.99,865.0,78.0,52.0,19.0,1014.0
166,71946244521337.95,867.0,84.0,33.0,12.0,996.0
167,73743218487394.95,833.0,53.0,39.0,13.0,938.0
168,75511405109489.05,822.0,53.0,35.0,22.0,932.0
169,77387951865222.62,831.0,72.0,34.0,22.0,959.0
170,79290924242424.25,726.0,44.0,38.0,16.0,824.0
171,81255978883861.23,663.0,83.0,37.0,17.0,800.0
172,83244535014005.61,714.0,58.0,43.0,14.0,829.0
173,85318821428571.42,728.0,69.0,31.0,11.0,839.0
174,87442785401459.86,685.0,53.0,39.0,14.0,791.0
175,89495461799660.44,589.0,71.0,35.0,10.0,705.0
176,91680823327615.78,583.0,40.0,27.0,15.0,665.0
177,94005197934595.53,581.0,51.0,39.0,13.0,684.0
178,96321971804511.28,532.0,46.0,32.0,11.0,621.0
179,98650768786127.17,519.0,51.0,30.0,11.0,611.0
180,101056778202676.86,523.0,55.0,36.0,15.0,629.0
181,103537988165680.47,507.0,54.0,14.0,10.0,585.0
182,106203221052631.58,475.0,55.0,49.0,15.0,594.0
183,108787239915074.31,471.0,50.0,40.0,12.0,573.0
184,111487341176470.6,425.0,43.0,28.0,9.0,505.0
185,114159177057356.61,401.0,48.0,23.0,12.0,484.0
186,116947601010101.02,396.0,52.0,26.0,8.0,482.0
187,119806100795755.97,377.0,48.0,33.0,8.0,466.0
188,122811066666666.67,375.0,38.0,33.0,8.0,454.0
189,125829795918367.34,343.0,48.0,19.0,8.0,418.0
190,128865519287833.83,337.0,32.0,26.0,7.0,402.0
191,132108590163934.42,305.0,51.0,21.0,9.0,386.0
192,135342150170648.47,293.0,37.0,19.0,12.0,361.0
193,138642801724137.94,232.0,39.0,15.0,7.0,293.0
194,141980449826989.62,289.0,54.0,15.0,15.0,373.0
195,145598326996197.72,263.0,34.0,28.0,10.0,335.0
196,149061462450592.88,253.0,44.0,16.0,7.0,320.0
197,152810123456790.12,243.0,43.0,18.0,10.0,314.0
198,156534784482758.62,232.0,49.0,11.0,3.0,295.0
