,mass bin,1st Xoff,2nd Xoff,3rd Xoff,4th Xoff,full sample
0,1277620243757.4316,3364.0,8849.0,14010.0,17221.0,43444.0
1,1309744672732.6094,3407.0,8790.0,13907.0,17054.0,43158.0
2,1341837422771.4033,3399.0,8740.0,13513.0,16801.0,42453.0
3,1373802659123.0552,3535.0,8655.0,13316.0,16436.0,41942.0
4,1405512539820.446,3453.0,8666.0,12874.0,15942.0,40935.0
5,1437840964555.491,3442.0,8600.0,12529.0,15269.0,39840.0
6,1475148414607.4788,4573.0,11214.0,16488.0,19577.0,51852.0
7,1512056340526.1602,3383.0,8374.0,11827.0,14032.0,37616.0
8,1549435292827.3745,4559.0,10768.0,15523.0,18036.0,48886.0
9,1586674869911.2336,3267.0,8117.0,11248.0,12904.0,35536.0
10,1623977458926.6155,4565.0,10546.0,14534.0,16167.0,45812.0
11,1666461726457.3992,4460.0,10503.0,14099.0,15424.0,44486.0
12,1709172172516.6323,4359.0,10207.0,13494.0,14878.0,42938.0
13,1751864416906.3953,4519.0,9958.0,12993.0,13855.0,41325.0
14,1794407418924.9224,4502.0,9744.0,12630.0,12974.0,39850.0
15,1836836679263.1082,4234.0,9545.0,11933.0,12317.0,38029.0
16,1879709157509.1575,4368.0,9376.0,11757.0,11747.0,37248.0
17,1927556380988.024,5344.0,11432.0,14060.0,13828.0,44664.0
18,1975179856115.108,4309.0,8884.0,10682.0,10335.0,34210.0
19,2023294439190.4673,5287.0,10846.0,12883.0,12158.0,41174.0
20,2071652935650.54,4258.0,8596.0,9729.0,9154.0,31737.0
21,2118961622464.8987,5128.0,10484.0,11833.0,10818.0,38263.0
22,2172618842815.815,5185.0,10248.0,11491.0,10045.0,36969.0
23,2225862943757.479,5014.0,9931.0,10823.0,9329.0,35097.0
24,2284297752993.2754,6097.0,11549.0,12465.0,10687.0,40798.0
25,2342952930549.98,4982.0,9395.0,10048.0,8106.0,32531.0
26,2395698053133.239,4931.0,9104.0,9587.0,7849.0,31471.0
27,2454780294412.847,5978.0,10726.0,10795.0,8661.0,36160.0
28,2518628302526.7085,5897.0,10220.0,10356.0,8033.0,34506.0
29,2582694069806.845,5902.0,10018.0,9684.0,7639.0,33243.0
30,2646573542286.815,5711.0,9808.0,9311.0,7191.0,32021.0
31,2709967466713.385,5708.0,9668.0,9078.0,6603.0,31057.0
32,2773862376237.6235,5757.0,9432.0,8694.0,6396.0,30279.0
33,2843457288135.5933,6785.0,10988.0,9684.0,6972.0,34429.0
34,2912312525879.917,5796.0,9173.0,7888.0,5696.0,28553.0
35,2981864307782.845,6797.0,10607.0,8954.0,6089.0,32447.0
36,3056476319290.466,6765.0,10478.0,8525.0,5810.0,31578.0
37,3130534495439.8354,6798.0,10198.0,8396.0,5594.0,30986.0
38,3205150818696.0405,6718.0,9871.0,8096.0,5125.0,29810.0
39,3285073690413.829,7636.0,11023.0,8703.0,5519.0,32881.0
40,3370256798101.0156,7583.0,10818.0,8473.0,5149.0,32023.0
41,3455584427586.207,7250.0,10332.0,7977.0,4815.0,30374.0
42,3540327528325.64,7149.0,9745.0,7550.0,4564.0,29008.0
43,3626138061195.31,6994.0,9409.0,7164.0,4345.0,27912.0
44,3711006443186.765,6891.0,9061.0,6588.0,4084.0,26624.0
45,3801430292397.6606,7695.0,9704.0,7085.0,4152.0,28636.0
46,3897197114736.4165,7417.0,9348.0,6546.0,4001.0,27312.0
47,3993499352576.207,7414.0,9035.0,6339.0,3704.0,26492.0
48,4089028125441.4463,7079.0,8433.0,5942.0,3379.0,24833.0
49,4190233999480.924,7706.0,9049.0,6075.0,3403.0,26233.0
50,4296625859991.9688,7471.0,8645.0,5654.0,3207.0,24977.0
51,4402771731351.5,7266.0,8042.0,5166.0,2944.0,23418.0
52,4509868122026.309,7146.0,7641.0,4867.0,2680.0,22334.0
53,4621868908680.048,7523.0,7905.0,4978.0,2694.0,23100.0
54,4733476362286.5625,6735.0,7034.0,4185.0,2250.0,20204.0
55,4845288106029.392,7281.0,7488.0,4344.0,2166.0,21279.0
56,4968008741394.986,7699.0,7614.0,4437.0,2239.0,21989.0
57,5090358349104.673,6869.0,6545.0,3742.0,1876.0,19032.0
58,5212738505347.965,7199.0,6789.0,3860.0,1926.0,19774.0
59,5340453307941.882,7089.0,6467.0,3590.0,1653.0,18799.0
60,5473173207547.17,7420.0,6605.0,3668.0,1678.0,19371.0
61,5611666435410.018,7207.0,6169.0,3381.0,1505.0,18262.0
62,5750246382918.949,7119.0,5953.0,3069.0,1261.0,17402.0
63,5889211301115.241,6725.0,5746.0,2848.0,1209.0,16528.0
64,6032190209193.112,7027.0,5777.0,2970.0,1182.0,16956.0
65,6181200947323.095,6967.0,5443.0,2785.0,1068.0,16263.0
66,6336343849895.761,7195.0,5411.0,2681.0,1028.0,16315.0
67,6489065744680.851,6580.0,4794.0,2292.0,842.0,14508.0
68,6649181514108.74,7265.0,5231.0,2491.0,887.0,15874.0
69,6814851384240.949,6574.0,4666.0,2147.0,754.0,14141.0
70,6980144073800.738,6775.0,4698.0,2094.0,763.0,14330.0
71,7150585211373.552,6647.0,4363.0,1874.0,669.0,13553.0
72,7326600088560.886,6775.0,4416.0,1884.0,593.0,13668.0
73,7507167146067.416,6675.0,4137.0,1785.0,539.0,13136.0
74,7692804457564.575,6775.0,4228.0,1723.0,498.0,13224.0
75,7885473285031.602,6487.0,3862.0,1640.0,445.0,12434.0
76,8076388688783.57,6330.0,3718.0,1426.0,424.0,11898.0
77,8274000658801.899,6527.0,3707.0,1420.0,411.0,12065.0
78,8480503269464.72,6576.0,3603.0,1399.0,378.0,11956.0
79,8689714214957.9,6057.0,3205.0,1227.0,324.0,10813.0
80,8902807208704.852,6617.0,3324.0,1220.0,278.0,11439.0
81,9121298674496.645,5960.0,2930.0,1034.0,254.0,10178.0
82,9343804913928.012,6390.0,3015.0,1105.0,251.0,10761.0
83,9579504766600.92,6084.0,2853.0,935.0,241.0,10113.0
84,9812480504430.81,5868.0,2646.0,871.0,202.0,9587.0
85,10053885327057.295,6161.0,2682.0,845.0,195.0,9883.0
86,10296875824733.547,5911.0,2545.0,780.0,158.0,9394.0
87,10551106603926.658,6163.0,2523.0,812.0,152.0,9650.0
88,10814116694772.344,5930.0,2231.0,685.0,131.0,8977.0
89,11074146909827.762,5922.0,2197.0,714.0,134.0,8967.0
90,11344477903023.797,5589.0,2074.0,660.0,140.0,8463.0
91,11628521396781.924,5842.0,2034.0,589.0,94.0,8559.0
92,11916306311111.111,5625.0,1882.0,479.0,101.0,8087.0
93,12208416606628.242,5552.0,1713.0,462.0,93.0,7820.0
94,12511410911602.209,5792.0,1783.0,425.0,79.0,8079.0
95,12819515803013.598,5442.0,1595.0,419.0,80.0,7536.0
96,13134400662251.656,5436.0,1478.0,367.0,64.0,7345.0
97,13453737057728.12,5370.0,1395.0,327.0,58.0,7150.0
98,13786934758364.312,5380.0,1426.0,319.0,44.0,7169.0
99,14125461133069.828,5313.0,1247.0,309.0,44.0,6913.0
100,14470116761196.95,5113.0,1130.0,269.0,42.0,6554.0
101,14828650997697.621,5212.0,1125.0,256.0,32.0,6625.0
102,15197464381463.041,5222.0,1057.0,230.0,32.0,6541.0
103,15569488603988.604,4914.0,969.0,188.0,25.0,6096.0
104,15950647486252.945,5092.0,930.0,201.0,31.0,6254.0
105,16346483756768.014,4802.0,848.0,182.0,27.0,5859.0
106,16743962119685.674,4963.0,799.0,148.0,25.0,5935.0
107,17153769785699.13,4713.0,740.0,141.0,26.0,5620.0
108,17573588857698.121,4631.0,618.0,134.0,25.0,5408.0
109,18005832745702.953,4538.0,604.0,111.0,21.0,5274.0
110,18455011178180.19,4473.0,528.0,131.0,23.0,5155.0
111,18911170120701.434,4391.0,483.0,104.0,17.0,4995.0
112,19377185150812.066,4310.0,442.0,115.0,33.0,4900.0
113,19846260699437.516,4089.0,417.0,72.0,26.0,4604.0
114,20339552681091.25,4252.0,407.0,87.0,20.0,4766.0
115,20837939853300.734,4090.0,324.0,89.0,19.0,4522.0
116,21350648814078.043,3921.0,298.0,67.0,22.0,4308.0
117,21877878054925.676,3969.0,272.0,76.0,30.0,4347.0
118,22410605998983.223,3934.0,268.0,71.0,20.0,4293.0
119,22964182276465.906,3769.0,254.0,69.0,17.0,4109.0
120,23522955586206.9,3625.0,247.0,78.0,19.0,3969.0
121,24108056592933.066,3481.0,184.0,59.0,20.0,3744.0
122,24696570682148.04,3445.0,170.0,74.0,16.0,3705.0
123,25306135863267.67,3452.0,150.0,60.0,14.0,3676.0
124,25930154684737.773,3394.0,163.0,72.0,29.0,3658.0
125,26564715709969.79,3310.0,135.0,60.0,19.0,3524.0
126,27225581738311.89,3187.0,144.0,50.0,24.0,3405.0
127,27896559132720.105,3044.0,138.0,65.0,20.0,3267.0
128,28580586884154.46,3004.0,135.0,60.0,19.0,3218.0
129,29281101171459.0,2817.0,120.0,65.0,19.0,3021.0
130,29999243766282.098,2687.0,111.0,55.0,22.0,2875.0
131,30742172561629.152,2799.0,98.0,64.0,20.0,2981.0
132,31486888638073.74,2658.0,109.0,65.0,19.0,2851.0
133,32269127617542.473,2531.0,113.0,67.0,16.0,2727.0
134,33055212252964.426,2530.0,105.0,60.0,25.0,2720.0
135,33877769261161.598,2531.0,97.0,70.0,19.0,2717.0
136,34707167143440.95,2447.0,114.0,57.0,20.0,2638.0
137,35561432829554.99,2382.0,93.0,58.0,23.0,2556.0
138,36438553116769.09,2278.0,88.0,63.0,15.0,2444.0
139,37330082995038.34,2217.0,91.0,53.0,19.0,2380.0
140,38246876828692.78,2119.0,89.0,60.0,20.0,2288.0
141,39191714492753.625,2070.0,85.0,59.0,17.0,2231.0
142,40166145885916.2,1981.0,94.0,66.0,15.0,2156.0
143,41146807631160.57,1887.0,96.0,61.0,22.0,2066.0
144,42151284164859.0,1844.0,92.0,61.0,15.0,2012.0
145,43189464125560.54,1784.0,76.0,52.0,20.0,1932.0
146,44250081644144.14,1776.0,91.0,59.0,19.0,1945.0
147,45351674684994.27,1746.0,85.0,58.0,19.0,1908.0
148,46464226698737.22,1663.0,86.0,45.0,24.0,1818.0
149,47606866371120.96,1579.0,105.0,46.0,21.0,1751.0
150,48777749667994.69,1506.0,89.0,60.0,16.0,1671.0
151,49966688559322.03,1416.0,93.0,57.0,9.0,1575.0
152,51198896032831.734,1462.0,72.0,48.0,12.0,1594.0
153,52447468271334.79,1371.0,87.0,42.0,21.0,1521.0
154,53726758308157.1,1324.0,83.0,50.0,20.0,1477.0
155,55072380952380.95,1260.0,76.0,37.0,25.0,1398.0
156,56423775541795.664,1292.0,80.0,46.0,18.0,1436.0
157,57820325714285.71,1225.0,92.0,46.0,14.0,1377.0
158,59234968916518.65,1126.0,76.0,57.0,12.0,1271.0
159,60676595475113.125,1105.0,75.0,50.0,26.0,1256.0
160,62175680038204.39,1047.0,90.0,48.0,21.0,1206.0
161,63696373493975.91,996.0,82.0,42.0,20.0,1140.0
162,65292589080459.77,1044.0,69.0,47.0,13.0,1173.0
163,66890322810590.63,982.0,78.0,48.0,24.0,1132.0
164,68530660173160.17,924.0,73.0,42.0,19.0,1058.0
165,70207691620111.734,895.0,69.0,35.0,16.0,1015.0
166,71973151241534.98,886.0,75.0,47.0,15.0,1023.0
167,73716578880407.12,786.0,66.0,38.0,19.0,909.0
168,75522359748427.67,795.0,65.0,43.0,19.0,922.0
169,77400550435865.5,803.0,62.0,48.0,12.0,925.0
170,79296021621621.62,740.0,74.0,40.0,11.0,865.0
171,81231146978021.98,728.0,66.0,38.0,16.0,848.0
172,83244997101449.28,690.0,62.0,30.0,15.0,797.0
173,85299880484114.98,661.0,60.0,42.0,13.0,776.0
174,87392896499238.97,657.0,64.0,32.0,10.0,763.0
175,89537078175895.77,614.0,65.0,53.0,14.0,746.0
176,91736644800000.0,625.0,53.0,37.0,16.0,731.0
177,94002156521739.12,575.0,58.0,31.0,18.0,682.0
178,96283753571428.58,560.0,44.0,37.0,14.0,655.0
179,98637625730994.16,513.0,44.0,34.0,17.0,608.0
180,101055510288065.84,486.0,49.0,30.0,8.0,573.0
181,103567525987525.98,481.0,49.0,32.0,13.0,575.0
182,106158021505376.34,465.0,54.0,26.0,17.0,562.0
183,108754083885209.72,453.0,68.0,26.0,12.0,559.0
184,111490796252927.4,427.0,57.0,27.0,4.0,515.0
185,114170163170163.17,429.0,43.0,24.0,18.0,514.0
186,116971510989010.98,364.0,49.0,22.0,12.0,447.0
187,119907000000000.0,390.0,55.0,26.0,6.0,477.0
188,122805597826086.95,368.0,55.0,23.0,7.0,453.0
189,125864248554913.3,346.0,52.0,22.0,7.0,427.0
190,128922069970845.48,343.0,48.0,18.0,5.0,414.0
191,132053943217665.61,317.0,48.0,28.0,7.0,400.0
192,135299000000000.0,310.0,43.0,21.0,10.0,384.0
193,138709415384615.39,325.0,42.0,21.0,7.0,395.0
194,142066524822695.03,282.0,39.0,27.0,10.0,358.0
195,145597406015037.6,266.0,49.0,17.0,11.0,343.0
196,149138830645161.28,248.0,59.0,19.0,9.0,335.0
197,152759545454545.47,242.0,44.0,15.0,5.0,306.0
198,156511530612244.9,196.0,39.0,14.0,6.0,255.0
