,mass bin,1st Xoff,2nd Xoff,3rd Xoff,4th Xoff,full sample
0,1277836998656.6877,5211.0,11952.0,15327.0,15345.0,47835.0
1,1309735585937.5,5120.0,11730.0,14957.0,14872.0,46679.0
2,1341685654806.9644,5284.0,11362.0,14453.0,14263.0,45362.0
3,1373999631497.2847,5156.0,11574.0,14008.0,13751.0,44489.0
4,1405560084033.6135,4998.0,11332.0,13592.0,13149.0,43071.0
5,1437610041265.4746,5089.0,10954.0,13364.0,12688.0,42095.0
6,1474913758782.2014,6832.0,14304.0,16957.0,16053.0,54146.0
7,1512131051489.4456,5069.0,10515.0,12121.0,11293.0,38998.0
8,1549225056501.4314,6637.0,13680.0,15510.0,14364.0,50191.0
9,1586724806989.0288,4922.0,10101.0,11251.0,10153.0,36427.0
10,1624049055425.449,6405.0,12733.0,14299.0,12578.0,46015.0
11,1666667901234.5679,6480.0,12672.0,13710.0,11657.0,44519.0
12,1709328769254.7068,6427.0,12181.0,12916.0,10864.0,42388.0
13,1751996349895.4817,6219.0,11815.0,12298.0,10226.0,40558.0
14,1794326867793.3975,6331.0,11678.0,11754.0,9529.0,39292.0
15,1837222240500.0823,6079.0,11298.0,11259.0,9037.0,37673.0
16,1879515548630.474,6097.0,10927.0,10832.0,8165.0,36021.0
17,1927373266932.271,7530.0,13290.0,12804.0,9679.0,43303.0
18,1975222380226.8496,5907.0,10229.0,9627.0,7288.0,33051.0
19,2023047829018.3386,7416.0,12473.0,11661.0,8490.0,40040.0
20,2071124167672.9343,5797.0,9662.0,8675.0,6269.0,30403.0
21,2118945956389.7322,7246.0,11646.0,10517.0,7418.0,36827.0
22,2172548424753.8677,7110.0,11678.0,9770.0,6822.0,35380.0
23,2225686458333.3335,7200.0,11075.0,9562.0,6359.0,34196.0
24,2284312963625.522,8385.0,12865.0,10743.0,7177.0,39170.0
25,2342671819988.6426,7044.0,10733.0,8465.0,5413.0,31655.0
26,2396033021674.458,7059.0,10232.0,8188.0,5009.0,30488.0
27,2454349934469.2007,8393.0,11903.0,9194.0,5796.0,35286.0
28,2518196388261.851,8417.0,11832.0,8914.0,5314.0,34477.0
29,2582044290160.4023,8354.0,11375.0,8334.0,5024.0,33087.0
30,2646270710447.761,8375.0,11253.0,8010.0,4557.0,32195.0
31,2709946503750.3022,8266.0,10749.0,7716.0,4329.0,31060.0
32,2774028130715.7666,8201.0,10731.0,7226.0,4159.0,30317.0
33,2843438002409.3745,9131.0,11708.0,8052.0,4344.0,33235.0
34,2912666335498.6626,7851.0,9649.0,6316.0,3596.0,27412.0
35,2981715930181.1753,9052.0,10644.0,7029.0,3825.0,30550.0
36,3055692634107.2856,8743.0,10256.0,6706.0,3404.0,29109.0
37,3130848742064.4253,8506.0,9591.0,6065.0,3242.0,27404.0
38,3205334325276.327,8233.0,9337.0,5686.0,2992.0,26248.0
39,3284911014060.503,9388.0,9825.0,6012.0,2981.0,28206.0
40,3369685849784.9346,9067.0,9357.0,5553.0,2811.0,26788.0
41,3455396164414.93,8734.0,8674.0,5128.0,2597.0,25133.0
42,3540696447665.439,8417.0,8375.0,4645.0,2234.0,23671.0
43,3625675277025.3633,8122.0,8099.0,4333.0,2160.0,22714.0
44,3710920894770.0063,7935.0,7478.0,4025.0,1822.0,21260.0
45,3801161030092.593,8640.0,7896.0,4168.0,1854.0,22558.0
46,3897531388788.861,8331.0,7233.0,3731.0,1685.0,20980.0
47,3993455379628.475,8021.0,7076.0,3515.0,1444.0,20056.0
48,4088652450980.392,7752.0,6475.0,3147.0,1322.0,18696.0
49,4189382672382.994,8397.0,6718.0,3337.0,1338.0,19790.0
50,4297463993574.6943,8093.0,6405.0,3080.0,1190.0,18768.0
51,4403131815306.768,7905.0,5999.0,2731.0,1042.0,17677.0
52,4508577039431.157,7735.0,5597.0,2492.0,958.0,16782.0
53,4621768332502.492,8024.0,5901.0,2560.0,947.0,17432.0
54,4732807180925.666,7130.0,4995.0,2080.0,724.0,14929.0
55,4845130115830.116,7511.0,5032.0,2056.0,744.0,15343.0
56,4967099373321.396,7819.0,5235.0,2032.0,672.0,15758.0
57,5089017423814.898,7088.0,4494.0,1758.0,551.0,13891.0
58,5212292447667.26,7309.0,4581.0,1823.0,552.0,14265.0
59,5339915663855.938,6997.0,4205.0,1601.0,465.0,13268.0
60,5473441872258.771,7296.0,4316.0,1652.0,467.0,13731.0
61,5611706413103.831,7204.0,3927.0,1474.0,395.0,13000.0
62,5750186323769.883,6727.0,3728.0,1274.0,368.0,12097.0
63,5890151969332.531,6652.0,3511.0,1196.0,295.0,11654.0
64,6032202858844.551,6716.0,3439.0,1094.0,302.0,11551.0
65,6181666397766.057,6446.0,3122.0,1056.0,229.0,10853.0
66,6335752885906.04,6705.0,3222.0,1006.0,226.0,11159.0
67,6490618774139.379,5955.0,2766.0,884.0,205.0,9810.0
68,6650543266737.838,6557.0,2937.0,929.0,219.0,10642.0
69,6815146902654.867,6102.0,2586.0,726.0,171.0,9585.0
70,6979124252706.415,6189.0,2531.0,688.0,154.0,9562.0
71,7151238787262.873,5904.0,2395.0,686.0,141.0,9126.0
72,7325631199737.403,6093.0,2285.0,612.0,111.0,9101.0
73,7508435975820.38,5790.0,2097.0,584.0,109.0,8580.0
74,7692795916978.564,5878.0,2027.0,524.0,93.0,8522.0
75,7883139675892.207,5492.0,1927.0,477.0,75.0,7971.0
76,8076634975917.006,5398.0,1724.0,407.0,66.0,7595.0
77,8273775069098.949,5427.0,1665.0,389.0,64.0,7545.0
78,8479831309331.9,5583.0,1646.0,378.0,52.0,7659.0
79,8688580974246.356,5009.0,1467.0,354.0,48.0,6878.0
80,8902267520415.738,5388.0,1437.0,286.0,51.0,7162.0
81,9119864119464.469,4855.0,1246.0,284.0,37.0,6422.0
82,9343866641074.855,5210.0,1233.0,247.0,39.0,6729.0
83,9578146180205.604,4961.0,1114.0,203.0,37.0,6315.0
84,9811832253857.857,4601.0,1069.0,200.0,29.0,5899.0
85,10051742936882.783,4658.0,1005.0,172.0,24.0,5859.0
86,10297019024171.889,4468.0,907.0,178.0,22.0,5575.0
87,10551718490878.94,4824.0,866.0,149.0,22.0,5861.0
88,10812192190787.936,4277.0,784.0,134.0,19.0,5214.0
89,11072534856335.375,4246.0,672.0,120.0,22.0,5060.0
90,11346688952110.004,4218.0,638.0,108.0,16.0,4980.0
91,11628048670465.338,4212.0,619.0,105.0,13.0,4949.0
92,11917266752577.32,3880.0,530.0,102.0,16.0,4528.0
93,12208687339825.73,3902.0,476.0,69.0,12.0,4459.0
94,12512866700715.016,3916.0,459.0,84.0,17.0,4476.0
95,12821204920177.965,3821.0,379.0,67.0,10.0,4277.0
96,13133368204283.361,3642.0,357.0,59.0,18.0,4076.0
97,13455960641840.75,3303.0,324.0,60.0,9.0,3696.0
98,13783819778974.213,3529.0,291.0,49.0,13.0,3882.0
99,14123309134906.23,3306.0,247.0,48.0,18.0,3619.0
100,14471538224414.303,3244.0,232.0,30.0,18.0,3524.0
101,14827174520636.984,3077.0,224.0,41.0,10.0,3352.0
102,15192420137750.082,3049.0,209.0,40.0,17.0,3315.0
103,15568178864569.084,2924.0,164.0,35.0,13.0,3136.0
104,15950578329882.678,2898.0,139.0,38.0,7.0,3082.0
105,16345661307609.861,2799.0,127.0,37.0,8.0,2971.0
106,16741963466770.307,2573.0,122.0,30.0,11.0,2736.0
107,17156599439775.91,2499.0,100.0,36.0,9.0,2644.0
108,17577703270084.78,2477.0,108.0,37.0,8.0,2630.0
109,18004982836125.867,2447.0,96.0,44.0,7.0,2594.0
110,18453081035923.14,2394.0,97.0,28.0,7.0,2526.0
111,18908496276828.734,2283.0,62.0,35.0,7.0,2387.0
112,19375386534839.926,2124.0,78.0,43.0,9.0,2254.0
113,19849366136034.73,2073.0,58.0,33.0,4.0,2168.0
114,20337730246602.918,1987.0,62.0,29.0,10.0,2088.0
115,20834915380521.555,1879.0,56.0,37.0,9.0,1981.0
116,21345393451720.312,1802.0,65.0,20.0,12.0,1899.0
117,21878432495616.598,1711.0,53.0,35.0,7.0,1806.0
118,22418799881936.246,1694.0,58.0,28.0,5.0,1785.0
119,22956276886512.18,1683.0,51.0,39.0,11.0,1784.0
120,23521716636197.44,1641.0,49.0,27.0,11.0,1728.0
121,24105413702239.79,1518.0,57.0,29.0,8.0,1612.0
122,24699590691307.324,1461.0,50.0,28.0,5.0,1544.0
123,25309044744318.184,1408.0,39.0,25.0,5.0,1477.0
124,25923316628701.594,1317.0,49.0,24.0,7.0,1397.0
125,26560454887218.047,1330.0,42.0,29.0,8.0,1409.0
126,27223765175718.85,1252.0,39.0,33.0,13.0,1337.0
127,27890039729501.27,1183.0,40.0,20.0,12.0,1255.0
128,28575396243291.594,1118.0,53.0,27.0,13.0,1211.0
129,29272808398950.133,1143.0,55.0,24.0,7.0,1229.0
130,29994191191191.19,999.0,42.0,28.0,11.0,1080.0
131,30738199610516.066,1027.0,31.0,23.0,4.0,1085.0
132,31471406313645.62,982.0,40.0,27.0,7.0,1056.0
133,32270288153681.965,937.0,36.0,20.0,8.0,1001.0
134,33060056229327.453,907.0,34.0,27.0,4.0,972.0
135,33857551071878.94,793.0,50.0,14.0,11.0,868.0
136,34705715840386.94,827.0,32.0,17.0,9.0,885.0
137,35560336399474.375,761.0,35.0,22.0,3.0,821.0
138,36432111553784.86,753.0,32.0,26.0,8.0,819.0
139,37334471428571.43,700.0,54.0,22.0,6.0,782.0
140,38257619718309.86,639.0,38.0,25.0,8.0,710.0
141,39181389324960.75,637.0,33.0,23.0,6.0,699.0
142,40161200612557.43,653.0,28.0,18.0,3.0,702.0
143,41161284578696.34,629.0,36.0,24.0,4.0,693.0
144,42147708333333.336,552.0,29.0,22.0,4.0,607.0
145,43189629191321.5,507.0,28.0,10.0,3.0,548.0
146,44257473251028.805,486.0,37.0,19.0,6.0,548.0
147,45312632850241.55,414.0,27.0,12.0,9.0,462.0
148,46456221238938.055,452.0,31.0,14.0,7.0,504.0
149,47610448036951.5,433.0,32.0,14.0,4.0,483.0
150,48758071264367.81,435.0,21.0,11.0,11.0,478.0
151,49955059278350.516,388.0,23.0,21.0,6.0,438.0
152,51223058988764.05,356.0,20.0,15.0,3.0,394.0
153,52459144970414.2,338.0,24.0,19.0,9.0,390.0
154,53730826797385.62,306.0,29.0,16.0,3.0,354.0
155,55026935691318.33,311.0,21.0,15.0,9.0,356.0
156,56439789308176.1,318.0,20.0,14.0,8.0,360.0
157,57831194078947.37,304.0,22.0,11.0,2.0,339.0
158,59198276450511.945,293.0,20.0,16.0,5.0,334.0
159,60726102766798.42,253.0,23.0,6.0,3.0,285.0
160,62167549107142.86,224.0,17.0,10.0,6.0,257.0
161,63721591743119.266,218.0,24.0,7.0,2.0,251.0
162,65280818181818.18,231.0,23.0,13.0,3.0,270.0
163,66868728260869.56,184.0,16.0,11.0,7.0,218.0
164,68545343373493.98,166.0,17.0,6.0,2.0,191.0
165,70239246913580.25,162.0,19.0,12.0,1.0,194.0
166,71902046242774.56,173.0,18.0,9.0,0.0,200.0
167,73728293750000.0,160.0,13.0,11.0,4.0,188.0
168,75521585714285.72,140.0,16.0,6.0,2.0,164.0
169,77390142857142.86,154.0,10.0,6.0,1.0,171.0
170,79231275000000.0,120.0,14.0,7.0,2.0,143.0
171,81270895522388.06,134.0,30.0,4.0,3.0,171.0
172,83240342105263.16,114.0,11.0,4.0,0.0,129.0
173,85299369369369.38,111.0,11.0,4.0,0.0,126.0
174,87316597938144.33,97.0,17.0,3.0,1.0,118.0
175,89640883720930.23,86.0,13.0,6.0,2.0,107.0
176,91742413333333.33,75.0,10.0,2.0,1.0,88.0
177,94037489583333.33,96.0,9.0,5.0,0.0,110.0
178,96249352941176.47,85.0,12.0,2.0,0.0,99.0
179,98763455882352.94,68.0,15.0,3.0,0.0,86.0
180,101174583333333.33,72.0,9.0,3.0,0.0,84.0
181,103872950819672.12,61.0,13.0,3.0,0.0,77.0
182,106008196721311.47,61.0,11.0,6.0,1.0,79.0
183,108743214285714.28,56.0,12.0,0.0,1.0,69.0
184,111360434782608.7,46.0,10.0,6.0,0.0,62.0
185,114138250000000.0,40.0,4.0,4.0,0.0,48.0
186,116876875000000.0,48.0,7.0,2.0,0.0,57.0
187,120100285714285.72,35.0,11.0,0.0,1.0,47.0
188,122463750000000.0,40.0,9.0,4.0,1.0,54.0
189,125465937500000.0,32.0,5.0,5.0,1.0,43.0
190,128855517241379.31,29.0,10.0,0.0,0.0,39.0
191,132262142857142.86,28.0,10.0,3.0,0.0,41.0
192,135149393939393.94,33.0,2.0,0.0,1.0,36.0
193,138648333333333.33,18.0,9.0,1.0,0.0,28.0
194,142290689655172.4,29.0,7.0,3.0,2.0,41.0
195,145539523809523.8,21.0,6.0,3.0,2.0,32.0
196,148962500000000.0,16.0,7.0,2.0,0.0,25.0
197,152808571428571.44,14.0,6.0,1.0,1.0,22.0
198,156568461538461.53,13.0,7.0,2.0,0.0,22.0
