,mass bin,1st Xoff,2nd Xoff,3rd Xoff,4th Xoff,full sample
0,1277886738660.9072,4630.0,9762.0,11794.0,11337.0,37523.0
1,1309913175087.108,4592.0,9619.0,11267.0,10958.0,36436.0
2,1341837291116.9746,4548.0,9383.0,10897.0,10398.0,35226.0
3,1373707953063.8853,4602.0,9324.0,10344.0,10086.0,34356.0
4,1405628341528.8333,4474.0,9130.0,10182.0,9359.0,33145.0
5,1437633824185.6313,4482.0,8958.0,9874.0,9136.0,32450.0
6,1474820909392.6318,6026.0,11526.0,12460.0,11035.0,41047.0
7,1512016833030.853,4408.0,8273.0,8902.0,7987.0,29570.0
8,1549456530789.2454,5765.0,10802.0,11246.0,9832.0,37645.0
9,1586690415111.9402,4288.0,7797.0,8018.0,6965.0,27068.0
10,1624054798815.5374,5741.0,10081.0,10175.0,8785.0,34782.0
11,1666469774112.5852,5578.0,9823.0,9526.0,8187.0,33114.0
12,1709170940014.6306,5468.0,9553.0,9126.0,7357.0,31504.0
13,1751465833945.6282,5444.0,9131.0,8779.0,6780.0,30134.0
14,1794340497568.2754,5346.0,9064.0,8103.0,6394.0,28907.0
15,1837125195822.4543,5362.0,8594.0,7821.0,6054.0,27831.0
16,1879511397557.6663,5159.0,8575.0,7247.0,5535.0,26516.0
17,1927508593262.6326,6412.0,9848.0,8639.0,6469.0,31368.0
18,1975675247917.4932,5042.0,7791.0,6503.0,4835.0,24171.0
19,2023077566478.6462,6205.0,9347.0,7575.0,5505.0,28632.0
20,2071054581097.8127,4846.0,7382.0,5777.0,3849.0,21854.0
21,2118901219311.254,6069.0,8665.0,6726.0,4638.0,26098.0
22,2172120951091.5552,5909.0,8435.0,6338.0,4363.0,25045.0
23,2225770311418.685,5780.0,8113.0,6073.0,3927.0,23893.0
24,2284223236628.6265,7273.0,9360.0,6817.0,4485.0,27935.0
25,2342698427619.2104,5851.0,7457.0,5390.0,3362.0,22060.0
26,2395760301595.6514,5703.0,7255.0,5060.0,3129.0,21147.0
27,2454556196894.228,6826.0,8446.0,5812.0,3570.0,24654.0
28,2518182587064.677,6834.0,8103.0,5381.0,3218.0,23536.0
29,2582069059777.711,6658.0,7750.0,5073.0,3010.0,22491.0
30,2646036530642.9756,6641.0,7488.0,4613.0,2768.0,21510.0
31,2709897672267.6123,6487.0,7096.0,4384.0,2573.0,20540.0
32,2773699761070.405,6278.0,6689.0,4030.0,2387.0,19384.0
33,2843459708529.79,6999.0,7493.0,4398.0,2432.0,21322.0
34,2912602917726.887,5895.0,5922.0,3426.0,1902.0,17145.0
35,2981297784535.187,6906.0,6713.0,3796.0,2024.0,19439.0
36,3056002872224.8096,6441.0,6345.0,3478.0,1871.0,18135.0
37,3130865220115.933,6383.0,5815.0,3252.0,1683.0,17133.0
38,3204932133676.093,6224.0,5516.0,2964.0,1541.0,16245.0
39,3285125587622.7314,6722.0,5980.0,3104.0,1608.0,17414.0
40,3370295364741.641,6580.0,5473.0,2782.0,1435.0,16270.0
41,3455264041867.955,6210.0,4982.0,2570.0,1279.0,15041.0
42,3540123349250.782,6073.0,4840.0,2258.0,1186.0,14357.0
43,3625738270547.9453,5840.0,4471.0,2045.0,1031.0,13387.0
44,3710571823899.371,5565.0,4151.0,1899.0,895.0,12510.0
45,3802129882000.997,6017.0,4384.0,1965.0,941.0,13307.0
46,3897350797649.0347,5955.0,4034.0,1776.0,784.0,12549.0
47,3992867612541.601,5709.0,3664.0,1657.0,700.0,11730.0
48,4089208266617.017,5371.0,3404.0,1410.0,631.0,10816.0
49,4189957473647.8315,5787.0,3549.0,1447.0,605.0,11388.0
50,4295965459864.692,5469.0,3134.0,1354.0,572.0,10529.0
51,4403330045959.402,5222.0,3134.0,1188.0,506.0,10050.0
52,4509375448983.619,5067.0,2846.0,1089.0,444.0,9446.0
53,4621119195509.822,5345.0,2821.0,1076.0,397.0,9639.0
54,4732872808159.723,4608.0,2451.0,866.0,334.0,8259.0
55,4844721672924.489,4794.0,2405.0,929.0,331.0,8459.0
56,4966547337509.788,5108.0,2448.0,881.0,307.0,8744.0
57,5089569351230.425,4470.0,2099.0,693.0,254.0,7516.0
58,5212950065789.474,4560.0,2052.0,731.0,226.0,7569.0
59,5339950429799.427,4537.0,1961.0,641.0,201.0,7340.0
60,5473087294992.347,4573.0,1903.0,596.0,187.0,7259.0
61,5611315983606.558,4392.0,1727.0,607.0,166.0,6892.0
62,5750608127547.351,4171.0,1558.0,520.0,147.0,6396.0
63,5888320955974.843,3975.0,1506.0,433.0,125.0,6039.0
64,6031772657220.9795,4023.0,1471.0,412.0,110.0,6016.0
65,6181812021716.649,3868.0,1284.0,412.0,120.0,5684.0
66,6335921346346.347,3996.0,1272.0,355.0,108.0,5731.0
67,6489918826979.472,3410.0,1023.0,285.0,89.0,4807.0
68,6647928618840.949,3917.0,1125.0,322.0,89.0,5453.0
69,6814969251257.769,3379.0,1028.0,294.0,74.0,4775.0
70,6979987398373.983,3444.0,978.0,253.0,64.0,4739.0
71,7150921883489.284,3313.0,830.0,223.0,59.0,4425.0
72,7325931702191.534,3331.0,851.0,191.0,47.0,4420.0
73,7506999813200.498,3212.0,742.0,195.0,42.0,4191.0
74,7693533501736.659,3167.0,708.0,195.0,42.0,4112.0
75,7884923399262.487,2983.0,663.0,150.0,27.0,3823.0
76,8074174208466.738,2811.0,610.0,142.0,24.0,3587.0
77,8272448801431.127,2795.0,581.0,117.0,28.0,3521.0
78,8481664188004.209,2851.0,520.0,111.0,16.0,3498.0
79,8691335351483.137,2461.0,441.0,98.0,17.0,3017.0
80,8900161816065.191,2577.0,459.0,93.0,13.0,3142.0
81,9118633117723.156,2319.0,399.0,82.0,14.0,2814.0
82,9344382393509.127,2465.0,372.0,74.0,16.0,2927.0
83,9578511106364.8,2341.0,322.0,71.0,10.0,2744.0
84,9812770061728.395,2268.0,302.0,58.0,6.0,2634.0
85,10050811315417.256,2121.0,219.0,55.0,12.0,2407.0
86,10294210004719.207,2119.0,258.0,39.0,5.0,2421.0
87,10554051449953.227,2138.0,217.0,43.0,3.0,2401.0
88,10813149892933.62,1868.0,198.0,31.0,8.0,2105.0
89,11072677819751.754,1853.0,176.0,37.0,1.0,2067.0
90,11343766365688.488,1772.0,157.0,25.0,6.0,1960.0
91,11629298307063.63,1713.0,148.0,27.0,5.0,1893.0
92,11915859137826.352,1647.0,120.0,22.0,6.0,1795.0
93,12208023855577.047,1551.0,123.0,20.0,1.0,1695.0
94,12510837092731.83,1596.0,90.0,18.0,7.0,1711.0
95,12819090020935.102,1433.0,77.0,23.0,4.0,1537.0
96,13135965870307.168,1465.0,69.0,21.0,2.0,1557.0
97,13456772935779.816,1308.0,62.0,15.0,2.0,1387.0
98,13777926793557.834,1366.0,65.0,14.0,5.0,1450.0
99,14125491633466.135,1255.0,70.0,12.0,4.0,1341.0
100,14472566694283.348,1207.0,54.0,16.0,2.0,1279.0
101,14825210896309.314,1138.0,38.0,13.0,4.0,1193.0
102,15193223097112.861,1143.0,34.0,12.0,1.0,1190.0
103,15565356877323.42,1076.0,36.0,9.0,2.0,1123.0
104,15951475155279.504,966.0,28.0,5.0,3.0,1002.0
105,16349508108108.107,925.0,31.0,8.0,2.0,966.0
106,16742305361305.361,858.0,33.0,14.0,1.0,906.0
107,17152034602076.125,867.0,30.0,13.0,2.0,912.0
108,17575691846522.781,834.0,17.0,5.0,1.0,857.0
109,18005303430079.156,758.0,16.0,5.0,3.0,782.0
110,18442558238636.363,704.0,8.0,5.0,5.0,722.0
111,18906407932011.332,706.0,18.0,10.0,1.0,735.0
112,19371009915014.164,706.0,8.0,1.0,1.0,716.0
113,19843515974440.895,626.0,14.0,4.0,1.0,645.0
114,20341994871794.87,585.0,11.0,6.0,1.0,603.0
115,20838759535655.06,603.0,10.0,10.0,5.0,628.0
116,21345404634581.105,561.0,10.0,5.0,3.0,579.0
117,21871297872340.426,517.0,12.0,9.0,0.0,538.0
118,22399564210526.316,475.0,10.0,7.0,4.0,496.0
119,22959054176072.234,443.0,10.0,3.0,2.0,458.0
120,23534845238095.24,420.0,5.0,6.0,5.0,436.0
121,24090679906542.055,428.0,14.0,1.0,1.0,444.0
122,24697798295454.547,352.0,10.0,6.0,1.0,369.0
123,25308990220048.9,409.0,10.0,8.0,1.0,428.0
124,25944099125364.43,343.0,6.0,2.0,2.0,353.0
125,26558905325443.785,338.0,8.0,1.0,2.0,349.0
126,27229558528428.094,299.0,7.0,3.0,1.0,310.0
127,27882665480427.047,281.0,8.0,3.0,3.0,295.0
128,28579403041825.094,263.0,5.0,6.0,1.0,275.0
129,29272692592592.594,270.0,3.0,2.0,1.0,276.0
130,29983050980392.156,255.0,9.0,1.0,2.0,267.0
131,30729736607142.855,224.0,5.0,5.0,1.0,235.0
132,31487510204081.633,196.0,8.0,2.0,2.0,208.0
133,32300660098522.168,203.0,5.0,4.0,1.0,213.0
134,33083531250000.0,192.0,5.0,2.0,0.0,199.0
135,33866894179894.18,189.0,3.0,6.0,2.0,200.0
136,34700310160427.81,187.0,5.0,1.0,0.0,193.0
137,35551881987577.64,161.0,2.0,2.0,3.0,168.0
138,36402950704225.35,142.0,9.0,3.0,1.0,155.0
139,37335992125984.25,127.0,5.0,4.0,2.0,138.0
140,38240251908396.945,131.0,1.0,5.0,0.0,137.0
141,39135956896551.73,116.0,7.0,2.0,3.0,128.0
142,40149201754385.97,114.0,9.0,3.0,0.0,126.0
143,41147428571428.57,105.0,8.0,1.0,0.0,114.0
144,42131730000000.0,100.0,4.0,3.0,0.0,107.0
145,43170000000000.0,86.0,2.0,2.0,1.0,91.0
146,44321464285714.29,84.0,4.0,4.0,1.0,93.0
147,45329215053763.44,93.0,6.0,3.0,0.0,102.0
148,46473988372093.02,86.0,6.0,3.0,1.0,96.0
149,47557385714285.71,70.0,3.0,1.0,1.0,75.0
150,48801189189189.19,74.0,3.0,0.0,1.0,78.0
151,49963907407407.41,54.0,1.0,3.0,1.0,59.0
152,51170913793103.445,58.0,2.0,1.0,0.0,61.0
153,52450160000000.0,50.0,1.0,3.0,0.0,54.0
154,53745363636363.63,44.0,0.0,0.0,1.0,45.0
155,55063307692307.695,39.0,2.0,1.0,0.0,42.0
156,56489023809523.81,42.0,2.0,0.0,0.0,44.0
157,57788853658536.586,41.0,1.0,0.0,0.0,42.0
158,59206200000000.0,40.0,3.0,1.0,0.0,44.0
159,60801826086956.52,23.0,5.0,2.0,1.0,31.0
160,62373347826086.95,23.0,1.0,0.0,1.0,25.0
161,63835904761904.766,21.0,2.0,1.0,0.0,24.0
162,65416777777777.78,27.0,0.0,0.0,0.0,27.0
163,66875535714285.71,28.0,1.0,1.0,0.0,30.0
164,68584916666666.664,24.0,1.0,0.0,0.0,25.0
165,70103285714285.71,21.0,3.0,1.0,0.0,25.0
166,72006200000000.0,20.0,3.0,1.0,0.0,24.0
167,73708333333333.33,21.0,3.0,0.0,0.0,24.0
168,75462272727272.73,11.0,2.0,0.0,0.0,13.0
169,77401266666666.67,15.0,2.0,0.0,0.0,17.0
170,79567800000000.0,10.0,0.0,0.0,0.0,10.0
171,81271222222222.22,9.0,6.0,0.0,0.0,15.0
172,83153416666666.67,12.0,2.0,1.0,0.0,15.0
173,85199857142857.14,7.0,0.0,0.0,0.0,7.0
174,86766000000000.0,3.0,1.0,1.0,0.0,5.0
175,89562714285714.28,7.0,1.0,0.0,0.0,8.0
176,92105000000000.0,6.0,1.0,2.0,0.0,9.0
177,93949666666666.67,9.0,2.0,0.0,0.0,11.0
178,96073666666666.67,3.0,3.0,0.0,0.0,6.0
179,98466800000000.0,5.0,0.0,0.0,0.0,5.0
180,101156666666666.67,6.0,0.0,1.0,0.0,7.0
181,103386666666666.67,3.0,1.0,1.0,0.0,5.0
182,106156666666666.67,6.0,1.0,1.0,0.0,8.0
183,108480000000000.0,5.0,0.0,0.0,0.0,5.0
184,111690000000000.0,1.0,2.0,0.0,0.0,3.0
185,,0.0,0.0,0.0,0.0,0.0
186,117180000000000.0,5.0,1.0,0.0,0.0,6.0
187,,0.0,0.0,0.0,0.0,0.0
188,121460000000000.0,1.0,1.0,1.0,0.0,3.0
189,125865000000000.0,2.0,0.0,0.0,0.0,2.0
190,129453333333333.33,3.0,1.0,1.0,0.0,5.0
191,133120000000000.0,1.0,0.0,0.0,0.0,1.0
192,134540000000000.0,1.0,0.0,0.0,0.0,1.0
193,,0.0,0.0,0.0,0.0,0.0
194,143216666666666.66,3.0,0.0,0.0,0.0,3.0
195,143930000000000.0,1.0,0.0,0.0,0.0,1.0
196,148390000000000.0,1.0,0.0,0.0,0.0,1.0
197,,0.0,0.0,0.0,0.0,0.0
198,156110000000000.0,1.0,1.0,0.0,0.0,2.0
