,mass bin,1st Xoff,2nd Xoff,3rd Xoff,4th Xoff,full sample
0,1277895165444.8186,5047.0,11731.0,15663.0,15943.0,48384.0
1,1309909848484.8484,5016.0,11936.0,15287.0,15401.0,47640.0
2,1341849941107.1848,5094.0,11710.0,14750.0,15053.0,46607.0
3,1373604872251.9312,5049.0,11233.0,14640.0,14533.0,45455.0
4,1405480549515.7146,5059.0,11303.0,14254.0,13974.0,44590.0
5,1437650804787.4536,4846.0,10798.0,13727.0,13531.0,42902.0
6,1475037529761.9048,6720.0,14295.0,17488.0,16988.0,55491.0
7,1512046463614.0637,4892.0,10534.0,12739.0,11818.0,39983.0
8,1549537902859.7368,6609.0,13538.0,16132.0,15267.0,51546.0
9,1586677633448.346,4927.0,10004.0,11675.0,10560.0,37166.0
10,1624096392156.8628,6375.0,13215.0,14821.0,13527.0,47938.0
11,1666659744000.0,6250.0,12713.0,14476.0,12611.0,46050.0
12,1709142236734.6938,6125.0,12452.0,13568.0,12071.0,44216.0
13,1751712953451.0435,6230.0,11869.0,12803.0,11143.0,42045.0
14,1794540815016.8457,6233.0,11634.0,12426.0,10625.0,40918.0
15,1836881661129.568,6020.0,11320.0,11751.0,9788.0,38879.0
16,1879630214621.0596,5964.0,11182.0,11230.0,9125.0,37501.0
17,1927345846958.7966,7645.0,13442.0,13530.0,10626.0,45243.0
18,1975429844507.6074,5981.0,10569.0,10208.0,7849.0,34607.0
19,2023763737024.2214,7225.0,12623.0,12100.0,9524.0,41472.0
20,2071368284960.422,5685.0,9918.0,9351.0,6898.0,31852.0
21,2119373243960.3408,7161.0,11929.0,11017.0,8209.0,38316.0
22,2172565809804.7478,7119.0,11733.0,10685.0,7399.0,36936.0
23,2225508211939.446,7002.0,11251.0,9949.0,6947.0,35149.0
24,2284373107399.732,8203.0,13446.0,11215.0,7697.0,40561.0
25,2343115726375.1763,7090.0,10830.0,8960.0,5984.0,32864.0
26,2396036345059.115,6851.0,10311.0,8694.0,5553.0,31409.0
27,2454451014771.226,8327.0,12447.0,9829.0,6248.0,36851.0
28,2518568477993.607,8134.0,12307.0,9555.0,5817.0,35813.0
29,2582325755906.4756,8169.0,11897.0,8997.0,5460.0,34523.0
30,2646216078191.8145,8185.0,11585.0,8651.0,5010.0,33431.0
31,2710121830814.237,8204.0,11405.0,8266.0,4745.0,32620.0
32,2774238132537.6104,8043.0,10864.0,7918.0,4448.0,31273.0
33,2843570365168.5396,9256.0,12242.0,8622.0,4952.0,35072.0
34,2912501535363.705,7946.0,10127.0,7057.0,3864.0,28994.0
35,2981438028487.452,8846.0,11413.0,7808.0,4198.0,32265.0
36,3056354630781.409,8843.0,10825.0,7350.0,3992.0,31010.0
37,3130495017958.5215,8631.0,10178.0,6687.0,3691.0,29187.0
38,3204982216158.5005,8429.0,9754.0,6379.0,3417.0,27979.0
39,3285304280155.642,9509.0,10615.0,6670.0,3607.0,30401.0
40,3370500043159.258,9268.0,9927.0,6192.0,3176.0,28563.0
41,3455617055593.6855,8742.0,9593.0,5746.0,2772.0,26853.0
42,3540602927563.064,8642.0,8989.0,5206.0,2590.0,25427.0
43,3626343894711.187,8206.0,8433.0,4870.0,2432.0,23941.0
44,3711119925604.464,8065.0,7971.0,4513.0,2145.0,22694.0
45,3801275968289.921,8830.0,8335.0,4664.0,2200.0,24029.0
46,3897145510542.5254,8442.0,7876.0,4368.0,2046.0,22732.0
47,3993050453391.367,8271.0,7336.0,4025.0,1736.0,21368.0
48,4089472144566.176,7941.0,7109.0,3677.0,1589.0,20316.0
49,4190034676089.517,8490.0,7286.0,3778.0,1635.0,21189.0
50,4296439153002.241,8477.0,6871.0,3506.0,1411.0,20265.0
51,4402576084262.701,8070.0,6609.0,3253.0,1272.0,19204.0
52,4509544846016.798,7858.0,6187.0,2885.0,1155.0,18085.0
53,4621706033236.994,8304.0,6346.0,3049.0,1105.0,18804.0
54,4733410954551.733,7239.0,5451.0,2452.0,912.0,16054.0
55,4845208818570.873,7711.0,5694.0,2482.0,891.0,16778.0
56,4966878405356.056,8215.0,5752.0,2507.0,864.0,17338.0
57,5089982527322.404,7320.0,4952.0,2006.0,685.0,14963.0
58,5212619905400.079,7611.0,5131.0,2076.0,627.0,15445.0
59,5341001521119.109,7363.0,4704.0,1868.0,608.0,14543.0
60,5474266215512.754,7684.0,4773.0,1850.0,536.0,14843.0
61,5612417945332.101,7573.0,4443.0,1624.0,489.0,14129.0
62,5749603581500.282,7092.0,4164.0,1574.0,462.0,13292.0
63,5889154428177.997,6899.0,3968.0,1409.0,351.0,12627.0
64,6032210331491.713,7240.0,3942.0,1356.0,390.0,12928.0
65,6181730759219.089,6915.0,3620.0,1211.0,323.0,12069.0
66,6336499559095.435,7031.0,3735.0,1179.0,297.0,12242.0
67,6490007520891.365,6462.0,3198.0,1035.0,227.0,10922.0
68,6649826862582.781,7248.0,3314.0,1091.0,261.0,11914.0
69,6815375445544.555,6565.0,2972.0,957.0,199.0,10693.0
70,6979725692849.487,6531.0,2937.0,928.0,194.0,10590.0
71,7150626029784.537,6312.0,2672.0,791.0,149.0,9924.0
72,7326455348351.484,6703.0,2750.0,748.0,127.0,10328.0
73,7506618535103.15,6253.0,2506.0,680.0,123.0,9562.0
74,7693630975911.057,6476.0,2464.0,644.0,131.0,9715.0
75,7883935503725.3,6174.0,2276.0,607.0,88.0,9145.0
76,8076804760279.815,5861.0,2189.0,545.0,78.0,8673.0
77,8275786483293.959,5926.0,2113.0,502.0,87.0,8628.0
78,8482279949748.744,5970.0,2040.0,461.0,84.0,8555.0
79,8688236428052.325,5504.0,1664.0,425.0,66.0,7659.0
80,8901308921089.385,5728.0,1761.0,388.0,59.0,7936.0
81,9121270114096.43,5434.0,1416.0,366.0,57.0,7273.0
82,9344078374507.697,5586.0,1593.0,290.0,52.0,7521.0
83,9577052553269.654,5444.0,1370.0,295.0,34.0,7143.0
84,9813394846743.295,5220.0,1295.0,280.0,35.0,6830.0
85,10051279672630.377,5254.0,1169.0,241.0,25.0,6689.0
86,10298426420397.51,4981.0,1096.0,185.0,28.0,6290.0
87,10552884167636.787,5154.0,1068.0,184.0,22.0,6428.0
88,10812878478861.27,4707.0,948.0,170.0,28.0,5853.0
89,11073949959316.518,4916.0,861.0,164.0,20.0,5961.0
90,11345629714048.902,4826.0,860.0,141.0,16.0,5843.0
91,11627575998282.525,4658.0,709.0,134.0,25.0,5526.0
92,11913270527030.084,4421.0,689.0,112.0,15.0,5237.0
93,12209827191011.236,4450.0,623.0,97.0,15.0,5185.0
94,12512046192545.164,4373.0,598.0,84.0,15.0,5070.0
95,12819732249581.64,4183.0,536.0,86.0,22.0,4827.0
96,13130636318897.639,4064.0,478.0,80.0,21.0,4643.0
97,13453822970195.271,3892.0,409.0,63.0,16.0,4380.0
98,13782148898455.305,3949.0,406.0,56.0,11.0,4422.0
99,14124660229645.094,3832.0,332.0,64.0,18.0,4246.0
100,14472003737319.809,3746.0,311.0,58.0,7.0,4122.0
101,14824631977559.607,3565.0,299.0,55.0,10.0,3929.0
102,15197106089831.91,3629.0,243.0,46.0,21.0,3939.0
103,15567098216895.645,3421.0,233.0,45.0,17.0,3716.0
104,15952547147502.217,3383.0,209.0,52.0,5.0,3649.0
105,16345628229363.578,3174.0,207.0,33.0,13.0,3427.0
106,16742583010335.918,3096.0,139.0,40.0,11.0,3286.0
107,17151831804281.346,2943.0,126.0,34.0,12.0,3115.0
108,17573865756162.559,3002.0,151.0,40.0,20.0,3213.0
109,18004690587811.035,2773.0,139.0,37.0,9.0,2958.0
110,18454619599578.504,2847.0,110.0,43.0,18.0,3018.0
111,18910551465063.863,2662.0,100.0,44.0,16.0,2822.0
112,19367058033951.836,2533.0,92.0,44.0,11.0,2680.0
113,19849442484969.94,2495.0,89.0,36.0,9.0,2629.0
114,20346502986857.824,2511.0,76.0,36.0,8.0,2631.0
115,20837883994766.68,2293.0,72.0,44.0,13.0,2422.0
116,21354530461270.67,2298.0,77.0,32.0,14.0,2421.0
117,21875392646391.285,2203.0,78.0,36.0,10.0,2327.0
118,22413808297567.953,2097.0,63.0,36.0,11.0,2207.0
119,22957778748180.496,2061.0,69.0,33.0,14.0,2177.0
120,23522806182531.895,2038.0,56.0,25.0,10.0,2129.0
121,24103307483731.02,1844.0,70.0,31.0,14.0,1959.0
122,24690345592212.008,1849.0,70.0,30.0,6.0,1955.0
123,25315750141003.95,1773.0,68.0,33.0,16.0,1890.0
124,25927053341508.277,1631.0,56.0,24.0,4.0,1715.0
125,26565021778584.39,1653.0,69.0,30.0,18.0,1770.0
126,27219962913907.285,1510.0,57.0,28.0,10.0,1605.0
127,27889708277703.605,1498.0,71.0,43.0,10.0,1622.0
128,28583320848056.535,1415.0,52.0,32.0,9.0,1508.0
129,29281825966850.83,1448.0,60.0,38.0,11.0,1557.0
130,30001129670329.67,1365.0,57.0,30.0,8.0,1460.0
131,30738445468509.984,1302.0,57.0,35.0,13.0,1407.0
132,31486422442244.223,1212.0,58.0,31.0,8.0,1309.0
133,32269108968985.75,1193.0,49.0,30.0,13.0,1285.0
134,33063172680412.37,1164.0,63.0,29.0,12.0,1268.0
135,33874875862068.965,1015.0,42.0,34.0,9.0,1100.0
136,34726557059961.316,1034.0,44.0,29.0,9.0,1116.0
137,35558050534499.516,1029.0,48.0,25.0,10.0,1112.0
138,36436333333333.336,951.0,49.0,28.0,8.0,1036.0
139,37315852654387.87,923.0,42.0,30.0,4.0,999.0
140,38246449101796.41,835.0,46.0,32.0,5.0,918.0
141,39195736020806.24,769.0,47.0,24.0,13.0,853.0
142,40173161125319.695,782.0,44.0,24.0,12.0,862.0
143,41135265957446.805,752.0,41.0,32.0,6.0,831.0
144,42165969002695.414,742.0,49.0,26.0,12.0,829.0
145,43170435612082.67,629.0,42.0,26.0,10.0,707.0
146,44247463157894.734,570.0,38.0,23.0,8.0,639.0
147,45335466882067.85,619.0,34.0,18.0,5.0,676.0
148,46471901993355.484,602.0,26.0,27.0,10.0,665.0
149,47597330948121.65,559.0,34.0,32.0,12.0,637.0
150,48756875000000.0,584.0,25.0,28.0,8.0,645.0
151,49976467803030.305,528.0,27.0,17.0,13.0,585.0
152,51202350305498.984,491.0,40.0,23.0,9.0,563.0
153,52456132631578.945,475.0,38.0,29.0,6.0,548.0
154,53745031250000.0,448.0,35.0,19.0,5.0,507.0
155,55073091764705.88,425.0,29.0,26.0,8.0,488.0
156,56436183937823.836,386.0,42.0,17.0,7.0,452.0
157,57811587301587.305,378.0,29.0,20.0,7.0,434.0
158,59230561827956.99,372.0,23.0,14.0,6.0,415.0
159,60652208955223.88,335.0,32.0,17.0,4.0,388.0
160,62199792048929.664,327.0,21.0,18.0,9.0,375.0
161,63685304733727.81,338.0,26.0,16.0,9.0,389.0
162,65299314381270.91,299.0,26.0,11.0,3.0,339.0
163,66877734767025.086,279.0,25.0,6.0,5.0,315.0
164,68555393835616.44,292.0,21.0,11.0,3.0,327.0
165,70218407843137.26,255.0,29.0,12.0,2.0,298.0
166,71916332000000.0,250.0,21.0,13.0,2.0,286.0
167,73669780487804.88,246.0,28.0,15.0,3.0,292.0
168,75527638554216.88,249.0,18.0,9.0,3.0,279.0
169,77337407608695.66,184.0,25.0,10.0,3.0,222.0
170,79226474285714.28,175.0,19.0,6.0,3.0,203.0
171,81211483870967.73,186.0,25.0,13.0,2.0,226.0
172,83187185185185.19,162.0,16.0,9.0,2.0,189.0
173,85254243902439.03,164.0,18.0,6.0,5.0,193.0
174,87375013422818.8,149.0,17.0,3.0,4.0,173.0
175,89511246376811.6,138.0,20.0,8.0,1.0,167.0
176,91709080000000.0,150.0,24.0,7.0,4.0,185.0
177,93992571428571.42,133.0,25.0,5.0,0.0,163.0
178,96340600000000.0,120.0,20.0,8.0,2.0,150.0
179,98683206896551.72,116.0,18.0,3.0,2.0,139.0
180,101028750000000.0,100.0,10.0,3.0,2.0,115.0
181,103528155339805.83,103.0,20.0,5.0,2.0,130.0
182,106271020408163.27,98.0,7.0,4.0,3.0,112.0
183,108765270270270.27,74.0,22.0,4.0,3.0,103.0
184,111414545454545.45,88.0,12.0,4.0,3.0,107.0
185,114103000000000.0,80.0,14.0,6.0,3.0,103.0
186,116855277777777.78,72.0,16.0,5.0,2.0,95.0
187,119840422535211.27,71.0,17.0,3.0,0.0,91.0
188,122868548387096.78,62.0,16.0,1.0,1.0,80.0
189,125639180327868.86,61.0,7.0,1.0,3.0,72.0
190,128740909090909.1,55.0,12.0,3.0,0.0,70.0
191,131946111111111.11,54.0,9.0,3.0,2.0,68.0
192,135257500000000.0,44.0,13.0,6.0,1.0,64.0
193,138424791666666.67,48.0,9.0,4.0,0.0,61.0
194,142253111111111.12,45.0,10.0,2.0,0.0,57.0
195,145437407407407.4,27.0,12.0,3.0,0.0,42.0
196,149327666666666.66,30.0,8.0,2.0,2.0,42.0
197,152718275862068.97,29.0,10.0,4.0,3.0,46.0
198,156674871794871.78,39.0,7.0,0.0,0.0,46.0
