,mass bin,1st Xoff,2nd Xoff,3rd Xoff,4th Xoff,full sample
0,1277846738794.4358,3235.0,8618.0,13469.0,17193.0,42515.0
1,1309778762641.285,3362.0,8697.0,13424.0,16895.0,42378.0
2,1341918915550.0156,3209.0,8502.0,13153.0,16548.0,41412.0
3,1373657888528.4578,3391.0,8402.0,12985.0,16329.0,41107.0
4,1405780374414.9766,3205.0,8256.0,12901.0,15795.0,40157.0
5,1437649380477.4856,3309.0,8370.0,12387.0,15164.0,39230.0
6,1475022006022.701,4317.0,10745.0,16108.0,19610.0,50780.0
7,1512021122913.5054,3295.0,8102.0,11606.0,14179.0,37182.0
8,1549335806378.6475,4421.0,10360.0,15116.0,18025.0,47922.0
9,1586894395465.9949,3176.0,7797.0,11005.0,12877.0,34855.0
10,1623897949673.8118,4292.0,10248.0,14287.0,16323.0,45150.0
11,1666588011024.3455,4354.0,9921.0,13945.0,15368.0,43588.0
12,1709206150392.8171,4455.0,9790.0,13459.0,14765.0,42469.0
13,1751979106251.4856,4207.0,9696.0,12818.0,13912.0,40633.0
14,1794268974480.1511,4232.0,9634.0,12244.0,13320.0,39430.0
15,1836970397111.9133,4155.0,9103.0,12105.0,12610.0,37973.0
16,1879391863264.3235,4154.0,9022.0,11467.0,11757.0,36400.0
17,1927333654401.8494,5191.0,11045.0,13719.0,13986.0,43941.0
18,1975442350885.9497,4007.0,8551.0,10680.0,10508.0,33746.0
19,2023529992091.7358,5058.0,10686.0,12542.0,12463.0,40749.0
20,2071138209718.6702,3910.0,8403.0,9649.0,9267.0,31229.0
21,2118945132564.2583,4941.0,10103.0,11616.0,11056.0,37716.0
22,2172559121144.9304,4961.0,10049.0,11237.0,10329.0,36576.0
23,2225629049153.908,4964.0,9659.0,10840.0,9677.0,35140.0
24,2284048781743.308,5828.0,11363.0,12208.0,10759.0,40158.0
25,2342929030239.833,4795.0,9172.0,9731.0,8443.0,32141.0
26,2396137301587.302,4662.0,8976.0,9473.0,8061.0,31172.0
27,2454545907410.667,5681.0,10395.0,10822.0,8824.0,35722.0
28,2518442282704.1265,5695.0,10009.0,10407.0,8094.0,34205.0
29,2582199629368.161,5666.0,9767.0,9765.0,7697.0,32895.0
30,2646411790393.013,5496.0,9613.0,9381.0,7384.0,31874.0
31,2709955362946.912,5538.0,9296.0,8839.0,6828.0,30501.0
32,2774389949842.0957,5383.0,9184.0,8409.0,6444.0,29420.0
33,2843298479441.4272,6445.0,10413.0,9487.0,6916.0,33261.0
34,2912393408968.1255,5553.0,8747.0,7729.0,5487.0,27516.0
35,2981765849143.915,6483.0,9835.0,8965.0,6237.0,31520.0
36,3055999347014.9253,6432.0,10043.0,8541.0,5783.0,30799.0
37,3131088897361.598,6557.0,9747.0,8211.0,5485.0,30000.0
38,3204548051338.238,6389.0,9626.0,8045.0,5213.0,29273.0
39,3284924834162.5205,7236.0,10625.0,8709.0,5696.0,32266.0
40,3370086416184.971,7266.0,10530.0,8245.0,5310.0,31351.0
41,3455394877505.568,7184.0,10099.0,7995.0,5154.0,30432.0
42,3540863015850.3496,7003.0,9722.0,7629.0,4680.0,29034.0
43,3625457288671.6504,6956.0,9345.0,7043.0,4378.0,27722.0
44,3710937319277.1084,6640.0,8846.0,6790.0,4177.0,26453.0
45,3801314206766.4106,7419.0,9834.0,7199.0,4422.0,28874.0
46,3897047622358.176,7192.0,9294.0,6688.0,4063.0,27237.0
47,3993293869153.751,7291.0,8714.0,6447.0,3934.0,26386.0
48,4089749985623.922,6956.0,8419.0,5931.0,3482.0,24788.0
49,4190917418748.3213,7446.0,8930.0,6292.0,3782.0,26450.0
50,4297349952606.6353,7385.0,8621.0,5768.0,3348.0,25122.0
51,4403668289920.725,7064.0,7968.0,5347.0,3121.0,23500.0
52,4509835205940.039,7138.0,7729.0,5016.0,2768.0,22651.0
53,4621594808930.283,7301.0,8092.0,5173.0,2791.0,23357.0
54,4732916509146.342,6560.0,6872.0,4467.0,2391.0,20290.0
55,4845033314543.404,7096.0,7300.0,4578.0,2370.0,21344.0
56,4967173370993.169,7612.0,7692.0,4588.0,2397.0,22289.0
57,5089862993572.085,6534.0,6647.0,4018.0,1991.0,19190.0
58,5212726654146.2,6922.0,6856.0,3911.0,1954.0,19643.0
59,5340080048213.272,7052.0,6401.0,3773.0,1814.0,19040.0
60,5473499144580.003,7131.0,6654.0,3725.0,1865.0,19375.0
61,5611434501501.931,6991.0,6350.0,3528.0,1570.0,18439.0
62,5750071687526.975,6951.0,5889.0,3254.0,1505.0,17599.0
63,5889683621954.799,6814.0,5675.0,3027.0,1299.0,16815.0
64,6032109411930.22,7108.0,5767.0,3032.0,1312.0,17219.0
65,6182001693645.084,6672.0,5391.0,2859.0,1221.0,16143.0
66,6334689211438.475,6924.0,5648.0,2731.0,1192.0,16495.0
67,6490551507147.297,6436.0,4956.0,2322.0,943.0,14657.0
68,6650044701162.147,7228.0,5323.0,2580.0,1001.0,16132.0
69,6815444161196.764,6551.0,4785.0,2303.0,798.0,14437.0
70,6979908089474.49,6527.0,4758.0,2182.0,812.0,14279.0
71,7151145307692.308,6500.0,4407.0,2023.0,701.0,13631.0
72,7325744323689.234,6809.0,4433.0,2010.0,751.0,14003.0
73,7507130726082.892,6418.0,4288.0,1833.0,600.0,13139.0
74,7693121366756.192,6702.0,4185.0,1870.0,613.0,13370.0
75,7884637638994.669,6565.0,3916.0,1638.0,565.0,12684.0
76,8075866038950.588,6213.0,3807.0,1577.0,516.0,12113.0
77,8273700960346.964,6456.0,3784.0,1525.0,469.0,12234.0
78,8480615239567.233,6470.0,3688.0,1455.0,425.0,12038.0
79,8688023939647.946,5965.0,3334.0,1302.0,386.0,10987.0
80,8902658815384.615,6500.0,3381.0,1308.0,388.0,11577.0
81,9120081936144.783,5857.0,2931.0,1180.0,288.0,10256.0
82,9344526665606.615,6289.0,3177.0,1142.0,300.0,10908.0
83,9575902069879.12,6039.0,2996.0,1066.0,266.0,10367.0
84,9813390652136.898,5873.0,2735.0,978.0,226.0,9812.0
85,10052788266755.809,5983.0,2745.0,885.0,220.0,9833.0
86,10296536878814.299,5735.0,2627.0,842.0,197.0,9401.0
87,10554132312651.088,6205.0,2630.0,820.0,205.0,9860.0
88,10813005714285.715,5775.0,2349.0,759.0,168.0,9051.0
89,11075977868271.955,5648.0,2262.0,702.0,156.0,8768.0
90,11345057216494.846,5820.0,2304.0,678.0,149.0,8951.0
91,11625918669453.152,5742.0,2159.0,696.0,107.0,8704.0
92,11914519854280.51,5490.0,1976.0,547.0,126.0,8139.0
93,12209033985765.125,5620.0,1865.0,536.0,109.0,8130.0
94,12512362020415.348,5682.0,1849.0,535.0,97.0,8163.0
95,12820189438700.148,5416.0,1693.0,459.0,79.0,7647.0
96,13134936062815.48,5349.0,1687.0,427.0,73.0,7536.0
97,13455254270186.336,5152.0,1439.0,371.0,73.0,7035.0
98,13785786704119.85,5340.0,1504.0,400.0,57.0,7301.0
99,14124466564181.398,5204.0,1437.0,340.0,51.0,7032.0
100,14470937058823.53,5100.0,1327.0,286.0,50.0,6763.0
101,14828280370151.605,5079.0,1209.0,282.0,47.0,6617.0
102,15194159992030.285,5019.0,1159.0,276.0,34.0,6488.0
103,15568842283889.0,5009.0,1057.0,221.0,37.0,6324.0
104,15952416732283.465,5080.0,1048.0,234.0,35.0,6397.0
105,16347931915763.648,4891.0,937.0,189.0,37.0,6054.0
106,16746030510585.305,4818.0,905.0,186.0,36.0,5945.0
107,17155637098489.684,4701.0,803.0,157.0,36.0,5697.0
108,17572137660640.383,4591.0,737.0,162.0,26.0,5516.0
109,18006801212646.168,4618.0,696.0,135.0,27.0,5476.0
110,18454311957671.957,4725.0,592.0,138.0,26.0,5481.0
111,18907165418652.145,4407.0,574.0,126.0,27.0,5134.0
112,19377856742229.492,4279.0,554.0,115.0,32.0,4980.0
113,19849670193192.273,4348.0,495.0,97.0,18.0,4958.0
114,20337538100820.633,4265.0,462.0,101.0,24.0,4852.0
115,20837184713375.797,4082.0,411.0,93.0,17.0,4603.0
116,21352611925465.84,4025.0,352.0,84.0,16.0,4477.0
117,21877818366827.777,3931.0,347.0,66.0,18.0,4362.0
118,22409339840739.79,3893.0,330.0,64.0,18.0,4305.0
119,22961512046597.83,3777.0,276.0,73.0,25.0,4151.0
120,23524763364993.215,3685.0,270.0,79.0,22.0,4056.0
121,24104333776595.746,3760.0,248.0,73.0,17.0,4098.0
122,24700024015638.09,3581.0,238.0,67.0,18.0,3904.0
123,25299777113578.137,3513.0,198.0,62.0,22.0,3795.0
124,25927146120058.566,3415.0,200.0,78.0,22.0,3715.0
125,26565273186682.52,3364.0,175.0,71.0,23.0,3633.0
126,27220153561517.113,3243.0,178.0,65.0,23.0,3509.0
127,27896325236593.06,3170.0,163.0,56.0,21.0,3410.0
128,28581889181190.4,3041.0,145.0,56.0,26.0,3268.0
129,29283520176330.96,2949.0,118.0,59.0,19.0,3145.0
130,29999936351259.36,2938.0,118.0,45.0,27.0,3128.0
131,30737156883298.395,2862.0,124.0,69.0,15.0,3070.0
132,31494933283358.32,2668.0,107.0,63.0,27.0,2865.0
133,32265533776301.22,2709.0,129.0,51.0,23.0,2912.0
134,33060854463615.902,2666.0,106.0,59.0,21.0,2852.0
135,33871414852255.055,2572.0,113.0,54.0,17.0,2756.0
136,34714976584578.117,2477.0,103.0,50.0,23.0,2653.0
137,35562230422304.23,2439.0,115.0,62.0,16.0,2632.0
138,36443743254637.44,2372.0,105.0,70.0,29.0,2576.0
139,37329613028472.82,2318.0,115.0,42.0,16.0,2491.0
140,38250098765432.1,2187.0,101.0,51.0,23.0,2362.0
141,39187485661424.61,2162.0,103.0,63.0,14.0,2342.0
142,40155280651341.0,2088.0,91.0,47.0,24.0,2250.0
143,41133417670682.734,1992.0,109.0,57.0,18.0,2176.0
144,42162599274235.35,1929.0,100.0,45.0,20.0,2094.0
145,43195492995689.66,1856.0,80.0,66.0,26.0,2028.0
146,44275422366992.4,1842.0,77.0,47.0,21.0,1987.0
147,45352960571428.57,1750.0,103.0,65.0,19.0,1937.0
148,46457922302962.55,1789.0,84.0,64.0,25.0,1962.0
149,47596732220160.79,1617.0,86.0,67.0,30.0,1800.0
150,48788314883148.83,1626.0,97.0,56.0,21.0,1800.0
151,49974425748884.64,1569.0,89.0,56.0,24.0,1738.0
152,51224126366120.22,1464.0,84.0,43.0,25.0,1616.0
153,52456623227548.95,1481.0,84.0,60.0,19.0,1644.0
154,53733810633648.945,1373.0,72.0,43.0,31.0,1519.0
155,55069215361445.78,1328.0,96.0,58.0,18.0,1500.0
156,56404409947249.44,1327.0,70.0,48.0,16.0,1461.0
157,57819750788643.53,1268.0,84.0,46.0,26.0,1424.0
158,59251239901071.73,1213.0,71.0,42.0,25.0,1351.0
159,60680111017661.9,1189.0,89.0,53.0,17.0,1348.0
160,62179348877374.78,1158.0,79.0,50.0,22.0,1309.0
161,63749747115384.62,1040.0,83.0,48.0,10.0,1181.0
162,65268385948026.945,1039.0,75.0,45.0,13.0,1172.0
163,66916598159509.2,978.0,64.0,36.0,25.0,1103.0
164,68530474095796.68,1023.0,75.0,44.0,16.0,1158.0
165,70193209157127.99,961.0,70.0,48.0,16.0,1095.0
166,71965856993736.95,958.0,77.0,45.0,21.0,1101.0
167,73711825327510.92,916.0,80.0,38.0,16.0,1050.0
168,75548514156285.39,883.0,87.0,50.0,17.0,1037.0
169,77386129469790.38,811.0,50.0,41.0,16.0,918.0
170,79329730622617.53,787.0,66.0,52.0,14.0,919.0
171,81251402390438.25,753.0,72.0,41.0,24.0,890.0
172,83238236768802.23,718.0,57.0,41.0,17.0,833.0
173,85307216066482.0,722.0,76.0,53.0,17.0,868.0
174,87386222683264.17,723.0,53.0,52.0,17.0,845.0
175,89553839181286.55,684.0,79.0,50.0,17.0,830.0
176,91720598425196.84,635.0,72.0,31.0,18.0,756.0
177,94050121753246.75,616.0,63.0,31.0,15.0,725.0
178,96262129032258.06,558.0,50.0,34.0,18.0,660.0
179,98654173267326.73,606.0,53.0,37.0,12.0,708.0
180,101040884364820.84,614.0,60.0,32.0,14.0,720.0
181,103580366088631.98,519.0,54.0,33.0,17.0,623.0
182,106099692307692.31,520.0,59.0,33.0,13.0,625.0
183,108744322033898.31,472.0,58.0,35.0,14.0,579.0
184,111408799171842.66,483.0,47.0,17.0,9.0,556.0
185,114209551569506.72,446.0,58.0,42.0,13.0,559.0
186,116961455399061.03,426.0,42.0,22.0,12.0,502.0
187,119800808080808.08,396.0,57.0,30.0,8.0,491.0
188,122796482412060.3,398.0,47.0,23.0,6.0,474.0
189,125863441734417.34,369.0,47.0,22.0,11.0,449.0
190,128849739884393.06,346.0,52.0,16.0,5.0,419.0
191,132089567567567.56,370.0,53.0,24.0,11.0,458.0
192,135378086419753.1,324.0,54.0,28.0,3.0,409.0
193,138640511182108.62,313.0,47.0,24.0,5.0,389.0
194,142034245283018.88,318.0,44.0,21.0,6.0,389.0
195,145569265175718.84,313.0,51.0,13.0,10.0,387.0
196,149125255474452.56,274.0,49.0,25.0,7.0,355.0
197,152744372759856.62,279.0,45.0,15.0,5.0,344.0
198,156560515463917.53,291.0,47.0,13.0,7.0,358.0
