,mass bin,1st Xoff,2nd Xoff,3rd Xoff,4th Xoff,full sample
0,1278219744392.2795,3834.0,9832.0,14763.0,17736.0,46165.0
1,1309929868114.8176,3867.0,9758.0,14780.0,17452.0,45857.0
2,1341475840978.5933,3924.0,9625.0,14469.0,16666.0,44684.0
3,1373956842923.7947,3858.0,9611.0,13819.0,16538.0,43826.0
4,1405494858478.3174,3851.0,9665.0,13798.0,16014.0,43328.0
5,1437530895795.2468,3829.0,9262.0,13441.0,15386.0,41918.0
6,1475110162032.4065,4999.0,12308.0,17364.0,19800.0,54471.0
7,1512037577723.7092,3699.0,9072.0,12532.0,14142.0,39445.0
8,1549080765513.242,5173.0,11954.0,16085.0,17847.0,51059.0
9,1586590782047.8367,3721.0,8735.0,11701.0,12528.0,36685.0
10,1624188882364.4548,5109.0,11470.0,15007.0,16105.0,47691.0
11,1666494079871.5632,4983.0,11154.0,14494.0,15228.0,45859.0
12,1709370567020.6372,4991.0,10947.0,13976.0,14182.0,44096.0
13,1751823523400.7766,4893.0,10635.0,13391.0,13525.0,42444.0
14,1794166155732.6794,4893.0,10491.0,13024.0,12749.0,41157.0
15,1837079269801.9802,4848.0,10204.0,12707.0,11847.0,39606.0
16,1879621445123.2358,4747.0,10057.0,11909.0,11307.0,38020.0
17,1927572795115.3325,5896.0,12216.0,14216.0,13213.0,45541.0
18,1975198188168.5222,4581.0,9595.0,11016.0,9857.0,35049.0
19,2023341615331.9644,5844.0,11624.0,13178.0,11705.0,42351.0
20,2071389371554.5754,4535.0,9140.0,10107.0,8870.0,32652.0
21,2119316504854.369,5768.0,11045.0,12345.0,10199.0,39357.0
22,2172193118620.204,5682.0,10673.0,11541.0,9668.0,37564.0
23,2225502054433.714,5695.0,10425.0,11112.0,9188.0,36420.0
24,2284304562397.495,6707.0,12142.0,12643.0,10064.0,41556.0
25,2342370819081.908,5555.0,9982.0,10005.0,7871.0,33413.0
26,2395476889134.032,5439.0,9628.0,9537.0,7316.0,31920.0
27,2454545474006.116,6540.0,11252.0,10977.0,8306.0,37075.0
28,2518194551036.071,6515.0,11019.0,10436.0,7756.0,35726.0
29,2582579858112.2764,6484.0,10777.0,10000.0,7270.0,34531.0
30,2646469602843.4556,6471.0,10379.0,9657.0,6700.0,33207.0
31,2710034765806.1523,6469.0,10635.0,9220.0,6309.0,32633.0
32,2774179461330.1235,6646.0,10406.0,8854.0,5798.0,31704.0
33,2843041147197.4854,7636.0,11782.0,10059.0,6399.0,35876.0
34,2912874969770.254,6616.0,10161.0,8321.0,5279.0,30377.0
35,2981629057591.623,7640.0,11253.0,9232.0,5745.0,33870.0
36,3056361194620.253,7584.0,10998.0,8883.0,5472.0,32937.0
37,3130945050176.295,7374.0,10846.0,8520.0,5238.0,31978.0
38,3205431387948.5444,7385.0,10415.0,8037.0,4911.0,30748.0
39,3285213205238.037,8171.0,11406.0,8701.0,5146.0,33424.0
40,3369910784313.7256,7956.0,10996.0,8291.0,4895.0,32138.0
41,3455360568295.1147,8024.0,10630.0,7796.0,4443.0,30893.0
42,3540983044714.3965,7738.0,9933.0,7362.0,4075.0,29108.0
43,3625881994750.6562,7620.0,9581.0,6922.0,3815.0,27938.0
44,3711286778749.159,7435.0,9135.0,6463.0,3636.0,26669.0
45,3801573236845.333,8153.0,9904.0,6778.0,3723.0,28558.0
46,3897189318067.4385,7948.0,9383.0,6220.0,3477.0,27028.0
47,3993722859356.8384,7743.0,8849.0,5754.0,3175.0,25521.0
48,4089465661129.568,7525.0,8415.0,5381.0,2814.0,24135.0
49,4190072530446.5493,8129.0,9027.0,5647.0,2863.0,25666.0
50,4297006673369.3604,7957.0,8435.0,5182.0,2636.0,24210.0
51,4403482036158.481,7799.0,7976.0,4895.0,2485.0,23155.0
52,4510657899603.699,7570.0,7645.0,4436.0,2231.0,21882.0
53,4621636878216.123,8162.0,7998.0,4535.0,2309.0,23004.0
54,4732930011213.905,7134.0,6781.0,3899.0,1856.0,19670.0
55,4845102147158.942,7638.0,7214.0,3995.0,1837.0,20684.0
56,4967767442724.458,8075.0,7536.0,4015.0,1810.0,21436.0
57,5090537222065.859,7106.0,6410.0,3395.0,1448.0,18359.0
58,5212863710849.742,7567.0,6631.0,3457.0,1487.0,19142.0
59,5340600040355.125,7434.0,6181.0,3184.0,1319.0,18118.0
60,5473738849011.46,7941.0,6531.0,3210.0,1317.0,18999.0
61,5612360508878.876,7546.0,6002.0,2953.0,1184.0,17685.0
62,5749700096339.113,7266.0,5725.0,2687.0,998.0,16676.0
63,5888461508810.572,7264.0,5401.0,2521.0,940.0,16126.0
64,6032631480498.806,7538.0,5551.0,2508.0,895.0,16492.0
65,6181733960938.598,7117.0,5096.0,2271.0,798.0,15282.0
66,6336462788812.322,7401.0,5325.0,2305.0,728.0,15759.0
67,6490147427421.673,6958.0,4529.0,1976.0,646.0,14109.0
68,6650329403085.178,7455.0,4931.0,2028.0,608.0,15022.0
69,6815412952326.249,6964.0,4370.0,1824.0,557.0,13715.0
70,6980171500358.9375,6965.0,4347.0,1710.0,514.0,13536.0
71,7148483597185.576,6822.0,4214.0,1584.0,458.0,13078.0
72,7326193730997.539,6907.0,4143.0,1595.0,450.0,13095.0
73,7506202862652.032,6742.0,3919.0,1414.0,398.0,12473.0
74,7693717550092.369,7037.0,3883.0,1503.0,377.0,12800.0
75,7885398827719.246,6739.0,3594.0,1326.0,340.0,11999.0
76,8077481636085.627,6540.0,3342.0,1190.0,314.0,11386.0
77,8274255300014.743,6783.0,3303.0,1134.0,296.0,11516.0
78,8481664413432.185,6879.0,3325.0,1081.0,252.0,11537.0
79,8689011767500.792,6314.0,2982.0,982.0,210.0,10488.0
80,8901239673105.498,6730.0,3045.0,949.0,239.0,10963.0
81,9120502294705.785,6101.0,2720.0,833.0,158.0,9812.0
82,9343110671517.355,6597.0,2829.0,868.0,188.0,10482.0
83,9577816669343.184,6227.0,2568.0,763.0,139.0,9697.0
84,9812997008130.082,6150.0,2453.0,716.0,119.0,9438.0
85,10052514834561.707,6377.0,2321.0,624.0,128.0,9450.0
86,10296047986289.63,5835.0,2083.0,599.0,113.0,8630.0
87,10552470541401.273,6280.0,2138.0,563.0,101.0,9082.0
88,10813097603035.006,5799.0,1961.0,505.0,78.0,8343.0
89,11072357291666.666,5760.0,1838.0,493.0,80.0,8171.0
90,11345973867300.188,5893.0,1778.0,435.0,63.0,8169.0
91,11627331038044.414,5809.0,1768.0,381.0,55.0,8013.0
92,11916242692648.361,5645.0,1520.0,354.0,44.0,7563.0
93,12210603790613.719,5540.0,1478.0,342.0,61.0,7421.0
94,12513462121212.121,5676.0,1401.0,320.0,49.0,7446.0
95,12820886689667.695,5507.0,1269.0,260.0,32.0,7068.0
96,13136266714984.6,5519.0,1213.0,263.0,37.0,7032.0
97,13454053850607.99,5181.0,1043.0,229.0,31.0,6484.0
98,13782178272980.502,5385.0,1087.0,202.0,32.0,6706.0
99,14125437764118.324,5206.0,951.0,189.0,32.0,6378.0
100,14473450922654.104,5094.0,885.0,191.0,32.0,6202.0
101,14827334462826.39,5017.0,840.0,153.0,16.0,6026.0
102,15195029074529.074,4884.0,766.0,144.0,23.0,5817.0
103,15568697343651.955,4781.0,697.0,110.0,20.0,5608.0
104,15949405574043.262,4808.0,664.0,120.0,21.0,5613.0
105,16342892977291.842,4756.0,575.0,133.0,15.0,5479.0
106,16741956013599.66,4706.0,537.0,112.0,19.0,5374.0
107,17157862758161.227,4503.0,496.0,82.0,24.0,5105.0
108,17575109094982.078,4464.0,455.0,70.0,35.0,5024.0
109,18007972829841.125,4343.0,421.0,71.0,18.0,4853.0
110,18454906089672.094,4483.0,360.0,80.0,15.0,4938.0
111,18908660952380.953,4200.0,343.0,68.0,15.0,4626.0
112,19377467273622.047,4064.0,312.0,77.0,18.0,4471.0
113,19848043016463.09,3766.0,255.0,66.0,29.0,4116.0
114,20336593977154.727,3852.0,246.0,66.0,28.0,4192.0
115,20837256274768.824,3785.0,217.0,58.0,22.0,4082.0
116,21349155269922.88,3890.0,210.0,79.0,20.0,4199.0
117,21876151959477.473,3751.0,198.0,64.0,18.0,4031.0
118,22412694641338.246,3527.0,165.0,45.0,20.0,3757.0
119,22961272513243.086,3398.0,167.0,55.0,12.0,3632.0
120,23525505540581.01,3339.0,153.0,61.0,31.0,3584.0
121,24106306079027.355,3290.0,141.0,63.0,30.0,3524.0
122,24691284613012.645,3243.0,122.0,65.0,18.0,3448.0
123,25305653009769.934,3173.0,131.0,68.0,23.0,3395.0
124,25924673567977.914,2898.0,117.0,53.0,17.0,3085.0
125,26570497574497.574,2886.0,145.0,53.0,24.0,3108.0
126,27221888084027.527,2761.0,118.0,73.0,13.0,2965.0
127,27893959816707.79,2837.0,112.0,53.0,21.0,3023.0
128,28578898690292.758,2596.0,106.0,56.0,19.0,2777.0
129,29289429940119.76,2505.0,110.0,49.0,18.0,2682.0
130,30010157074340.527,2502.0,98.0,70.0,14.0,2684.0
131,30742041837571.78,2438.0,117.0,57.0,12.0,2624.0
132,31489139554434.637,2379.0,115.0,53.0,21.0,2568.0
133,32266144394618.836,2230.0,84.0,53.0,26.0,2393.0
134,33056991272393.203,2177.0,92.0,44.0,21.0,2334.0
135,33882314761904.76,2100.0,99.0,48.0,20.0,2267.0
136,34711954162768.94,2138.0,90.0,48.0,23.0,2299.0
137,35574900891972.25,2018.0,102.0,58.0,18.0,2196.0
138,36443683393688.57,1933.0,88.0,54.0,19.0,2094.0
139,37331517073170.734,1845.0,73.0,54.0,20.0,1992.0
140,38248887882219.7,1766.0,100.0,44.0,31.0,1941.0
141,39193921719955.9,1814.0,81.0,62.0,20.0,1977.0
142,40154238636363.63,1672.0,79.0,53.0,26.0,1830.0
143,41145936732186.734,1628.0,86.0,52.0,27.0,1793.0
144,42162905276541.64,1573.0,85.0,61.0,19.0,1738.0
145,43190543291473.89,1513.0,84.0,48.0,21.0,1666.0
146,44263490896358.55,1428.0,67.0,38.0,23.0,1556.0
147,45342823903818.95,1414.0,83.0,56.0,21.0,1574.0
148,46464810030395.14,1316.0,92.0,50.0,16.0,1474.0
149,47593496634255.8,1337.0,81.0,39.0,25.0,1482.0
150,48764633333333.336,1320.0,76.0,56.0,25.0,1477.0
151,49981232331437.85,1231.0,73.0,44.0,17.0,1365.0
152,51204391673746.81,1177.0,68.0,48.0,13.0,1306.0
153,52447207079646.016,1130.0,69.0,47.0,20.0,1266.0
154,53746780553077.61,1121.0,93.0,48.0,26.0,1288.0
155,55086349264705.88,1088.0,66.0,46.0,12.0,1212.0
156,56410201304753.03,1073.0,74.0,39.0,15.0,1201.0
157,57819379821958.45,1011.0,54.0,55.0,16.0,1136.0
158,59252991605456.45,953.0,76.0,48.0,21.0,1098.0
159,60675833333333.336,996.0,63.0,29.0,25.0,1113.0
160,62173018338727.08,927.0,64.0,44.0,15.0,1050.0
161,63696163484486.875,838.0,64.0,41.0,12.0,955.0
162,65277252427184.47,824.0,60.0,41.0,22.0,947.0
163,66844975698663.43,823.0,75.0,28.0,20.0,946.0
164,68562271487039.56,733.0,58.0,37.0,10.0,838.0
165,70226459677419.35,744.0,62.0,45.0,16.0,867.0
166,71968302507836.98,638.0,70.0,31.0,8.0,747.0
167,73710277361319.34,667.0,59.0,31.0,25.0,782.0
168,75520915422885.58,603.0,51.0,24.0,20.0,698.0
169,77366464285714.28,532.0,54.0,30.0,10.0,626.0
170,79262226446280.98,605.0,58.0,24.0,18.0,705.0
171,81270133802816.9,568.0,59.0,28.0,10.0,665.0
172,83270898661567.88,523.0,57.0,32.0,9.0,621.0
173,85292672661870.5,556.0,60.0,42.0,12.0,670.0
174,87402620408163.27,490.0,50.0,25.0,17.0,582.0
175,89531726315789.47,475.0,62.0,25.0,14.0,576.0
176,91741299145299.14,468.0,57.0,28.0,11.0,564.0
177,94004668934240.36,441.0,54.0,26.0,9.0,530.0
178,96275924433249.38,397.0,51.0,23.0,11.0,482.0
179,98639159806295.4,413.0,52.0,21.0,7.0,493.0
180,101150445292620.86,393.0,55.0,30.0,6.0,484.0
181,103583617021276.6,376.0,41.0,23.0,6.0,446.0
182,106169036827195.47,353.0,51.0,21.0,2.0,427.0
183,108727458100558.66,358.0,42.0,15.0,12.0,427.0
184,111525250737463.12,339.0,47.0,15.0,10.0,411.0
185,114185141065830.72,319.0,38.0,17.0,1.0,375.0
186,117006124567474.05,289.0,49.0,18.0,8.0,364.0
187,119826824817518.25,274.0,37.0,19.0,6.0,336.0
188,122786573426573.42,286.0,43.0,21.0,3.0,353.0
189,125844330708661.42,254.0,29.0,11.0,7.0,301.0
190,129021844262295.08,244.0,47.0,14.0,5.0,310.0
191,132095156250000.0,192.0,44.0,19.0,1.0,256.0
192,135295690376569.03,239.0,47.0,11.0,5.0,302.0
193,138601632653061.22,196.0,31.0,15.0,1.0,243.0
194,142109411764705.88,204.0,34.0,14.0,7.0,259.0
195,145511525423728.8,177.0,40.0,11.0,5.0,233.0
196,149145859872611.47,157.0,28.0,15.0,4.0,204.0
197,152667973856209.16,153.0,42.0,14.0,4.0,213.0
198,156447361111111.12,144.0,30.0,10.0,8.0,192.0
