,mass bin,1st Xoff,2nd Xoff,3rd Xoff,4th Xoff,full sample
0,1278175631768.9531,2770.0,7321.0,11904.0,16237.0,38232.0
1,1310085709037.4724,2722.0,7424.0,12198.0,15910.0,38254.0
2,1341561105052.708,2751.0,7334.0,11785.0,15775.0,37645.0
3,1373701859278.1626,2743.0,7296.0,11704.0,15474.0,37217.0
4,1405662740821.5195,2751.0,7378.0,11528.0,15220.0,36877.0
5,1437583683828.8616,2758.0,7260.0,11452.0,14819.0,36289.0
6,1474944267092.3118,3759.0,9544.0,14620.0,19205.0,47128.0
7,1512102638146.1675,2805.0,7175.0,10849.0,13923.0,34752.0
8,1549583395822.1746,3734.0,9069.0,13891.0,17677.0,44371.0
9,1586832097004.2795,2804.0,6952.0,10120.0,12781.0,32657.0
10,1623978418629.8403,3693.0,9138.0,13305.0,16187.0,42323.0
11,1666319689406.5447,3606.0,9003.0,12962.0,15710.0,41281.0
12,1709532676208.4795,3703.0,8668.0,12399.0,14648.0,39418.0
13,1752041905018.8882,3706.0,8534.0,11938.0,13927.0,38105.0
14,1794710976594.0273,3717.0,8511.0,11634.0,13235.0,37097.0
15,1837161205479.4521,3650.0,8359.0,11161.0,12687.0,35857.0
16,1879888127600.5547,3605.0,8146.0,11066.0,11889.0,34706.0
17,1927079627249.3574,4668.0,9977.0,12920.0,14092.0,41657.0
18,1975297165879.411,3599.0,7957.0,10001.0,10420.0,31977.0
19,2023156697748.4648,4397.0,9573.0,11930.0,12639.0,38539.0
20,2070832696148.3594,3505.0,7552.0,9089.0,9435.0,29581.0
21,2119189141816.5264,4393.0,9066.0,11184.0,11315.0,35958.0
22,2172662636861.314,4384.0,9127.0,10877.0,10664.0,35052.0
23,2225545882912.8984,4202.0,8757.0,10307.0,9999.0,33265.0
24,2284289921290.0747,5209.0,10279.0,11626.0,10999.0,38113.0
25,2342638651040.421,4181.0,8257.0,9463.0,8498.0,30399.0
26,2396447826086.9565,4232.0,8216.0,8954.0,8182.0,29584.0
27,2454406981436.6426,4956.0,9635.0,10318.0,9248.0,34157.0
28,2518918206075.5337,4872.0,9283.0,9926.0,8566.0,32647.0
29,2582211596292.482,4855.0,9010.0,9419.0,8025.0,31309.0
30,2646263336875.664,4705.0,8767.0,8910.0,7573.0,29955.0
31,2710460041710.1147,4795.0,8581.0,8455.0,7113.0,28944.0
32,2774122272143.774,4674.0,8237.0,8171.0,6677.0,27759.0
33,2843526854408.246,5433.0,9208.0,9230.0,7438.0,31309.0
34,2912278277886.497,4599.0,7682.0,7435.0,5894.0,25610.0
35,2981878123791.1025,5170.0,9019.0,8399.0,6327.0,28915.0
36,3056147043062.201,5225.0,8744.0,8086.0,6036.0,28091.0
37,3131252921411.238,5357.0,8447.0,7755.0,5748.0,27307.0
38,3205843076347.305,5344.0,8328.0,7307.0,5362.0,26341.0
39,3285076394230.769,6240.0,9394.0,7967.0,5686.0,29287.0
40,3370046709129.5117,6123.0,9212.0,7823.0,5516.0,28674.0
41,3455556952539.5503,6005.0,9161.0,7479.0,5125.0,27770.0
42,3540781568196.103,6364.0,9014.0,7084.0,4815.0,27277.0
43,3626199530201.3423,5960.0,8767.0,6971.0,4699.0,26397.0
44,3710994303583.5024,5916.0,8546.0,6552.0,4404.0,25418.0
45,3801937921604.3755,6582.0,9215.0,7363.0,4647.0,27807.0
46,3896925333126.743,6454.0,8886.0,7003.0,4392.0,26735.0
47,3993164664031.6206,6325.0,8267.0,6487.0,4165.0,25244.0
48,4088825963884.822,6147.0,8215.0,6157.0,3879.0,24398.0
49,4190991033661.007,6714.0,8865.0,6521.0,3986.0,26086.0
50,4297114618389.423,6656.0,8229.0,6123.0,3802.0,24810.0
51,4402747802281.369,6575.0,8014.0,5919.0,3641.0,24149.0
52,4509905511054.149,6242.0,7617.0,5432.0,3364.0,22655.0
53,4621370861694.425,6905.0,7934.0,5578.0,3369.0,23786.0
54,4733309394982.784,6099.0,6963.0,4700.0,2933.0,20695.0
55,4845156341085.271,6450.0,7240.0,4965.0,2957.0,21612.0
56,4967384784520.668,6822.0,7553.0,4830.0,3009.0,22214.0
57,5090796992983.629,5986.0,6523.0,4487.0,2484.0,19480.0
58,5212227998176.015,6579.0,6841.0,4464.0,2457.0,20341.0
59,5339801296622.379,6247.0,6564.0,4092.0,2331.0,19234.0
60,5472590793222.372,6669.0,6803.0,4120.0,2279.0,19871.0
61,5611635270541.082,6487.0,6437.0,3921.0,2090.0,18935.0
62,5750343213604.577,6292.0,6220.0,3578.0,1931.0,18021.0
63,5888000961692.579,6239.0,5741.0,3396.0,1798.0,17174.0
64,6032594931443.537,6491.0,5955.0,3356.0,1721.0,17523.0
65,6180541504178.273,6103.0,5492.0,3252.0,1554.0,16401.0
66,6335808896797.153,6463.0,5647.0,3224.0,1558.0,16892.0
67,6489883392645.314,5901.0,5095.0,2816.0,1315.0,15127.0
68,6649765772727.272,6600.0,5509.0,2888.0,1363.0,16360.0
69,6814832999654.815,5794.0,4927.0,2648.0,1139.0,14508.0
70,6978971089500.577,6067.0,4925.0,2518.0,1162.0,14672.0
71,7150128807459.513,6113.0,4767.0,2367.0,1038.0,14285.0
72,7326050829875.519,6266.0,4783.0,2311.0,935.0,14295.0
73,7507998382838.284,6060.0,4374.0,2170.0,884.0,13488.0
74,7693159823293.173,6225.0,4477.0,2142.0,882.0,13726.0
75,7885602434210.526,6080.0,4207.0,2036.0,755.0,13078.0
76,8076588824561.403,5700.0,3992.0,1792.0,724.0,12208.0
77,8272940341005.968,5865.0,4118.0,1843.0,649.0,12475.0
78,8480914605647.517,6162.0,3966.0,1734.0,645.0,12507.0
79,8688316869381.279,5673.0,3499.0,1604.0,571.0,11347.0
80,8903466857238.943,5947.0,3729.0,1579.0,565.0,11820.0
81,9119756563845.05,5576.0,3234.0,1501.0,510.0,10821.0
82,9345186771680.217,5904.0,3413.0,1427.0,479.0,11223.0
83,9579029183884.297,5808.0,3225.0,1394.0,442.0,10869.0
84,9812686375321.336,5446.0,3124.0,1205.0,383.0,10158.0
85,10051965732643.227,5603.0,3025.0,1198.0,401.0,10227.0
86,10295283221232.504,5501.0,2841.0,1116.0,346.0,9804.0
87,10552699845546.594,5827.0,2892.0,1072.0,317.0,10108.0
88,10812816479400.75,5340.0,2654.0,990.0,239.0,9223.0
89,11076256936526.035,5262.0,2587.0,886.0,260.0,8995.0
90,11345684424713.281,5406.0,2534.0,919.0,246.0,9105.0
91,11627640935238.45,5389.0,2437.0,840.0,243.0,8909.0
92,11915481344733.773,5146.0,2356.0,786.0,213.0,8501.0
93,12207748012116.623,5282.0,2175.0,739.0,177.0,8373.0
94,12510273483273.482,5291.0,2184.0,702.0,174.0,8351.0
95,12821719086021.506,5208.0,1960.0,702.0,136.0,8006.0
96,13135090353390.64,5235.0,1910.0,592.0,138.0,7875.0
97,13453243312352.479,5084.0,1831.0,566.0,112.0,7593.0
98,13785586043872.92,5288.0,1781.0,575.0,114.0,7758.0
99,14123148493259.318,5044.0,1700.0,502.0,119.0,7365.0
100,14471289310689.31,5005.0,1518.0,431.0,92.0,7046.0
101,14827230215827.338,5004.0,1604.0,409.0,88.0,7105.0
102,15193506477732.793,4940.0,1435.0,408.0,76.0,6859.0
103,15566920094258.783,4668.0,1284.0,387.0,70.0,6409.0
104,15950130658436.215,4860.0,1335.0,382.0,71.0,6648.0
105,16345410961871.75,4616.0,1230.0,322.0,51.0,6219.0
106,16744515687140.963,4526.0,1164.0,272.0,62.0,6024.0
107,17152217241379.31,4640.0,1062.0,268.0,43.0,6013.0
108,17576569183762.549,4582.0,1058.0,213.0,51.0,5904.0
109,18009354618015.965,4385.0,932.0,214.0,35.0,5566.0
110,18452791566528.293,4577.0,931.0,203.0,39.0,5750.0
111,18912316487537.16,4373.0,878.0,203.0,35.0,5489.0
112,19376631903294.62,4219.0,750.0,174.0,29.0,5172.0
113,19853347722960.152,4216.0,789.0,161.0,28.0,5194.0
114,20337671356088.562,4336.0,672.0,146.0,23.0,5177.0
115,20837141290804.883,4013.0,622.0,138.0,28.0,4801.0
116,21345266332856.46,4194.0,623.0,136.0,28.0,4981.0
117,21881691172793.2,3999.0,534.0,106.0,20.0,4659.0
118,22415452210422.33,4049.0,509.0,91.0,23.0,4672.0
119,22960468068735.574,3899.0,465.0,83.0,20.0,4467.0
120,23521605033112.582,3775.0,436.0,101.0,28.0,4340.0
121,24105142549757.934,3718.0,374.0,103.0,17.0,4212.0
122,24695700480512.547,3746.0,333.0,75.0,20.0,4174.0
123,25305103257868.582,3622.0,332.0,64.0,14.0,4032.0
124,25929540467137.426,3682.0,320.0,87.0,22.0,4111.0
125,26570657614781.637,3572.0,252.0,88.0,20.0,3932.0
126,27220321407451.21,3382.0,250.0,79.0,27.0,3738.0
127,27884529464021.32,3377.0,220.0,69.0,21.0,3687.0
128,28582297103706.01,3211.0,210.0,59.0,24.0,3504.0
129,29290126925446.703,3246.0,188.0,91.0,21.0,3546.0
130,29999603875476.492,3148.0,199.0,75.0,16.0,3438.0
131,30736027626084.164,3113.0,179.0,52.0,15.0,3359.0
132,31487478452663.727,2947.0,147.0,74.0,25.0,3193.0
133,32266049575551.78,2945.0,156.0,51.0,18.0,3170.0
134,33061051225759.24,2733.0,159.0,55.0,18.0,2965.0
135,33877232767953.81,2771.0,133.0,50.0,17.0,2971.0
136,34706784848484.848,2640.0,124.0,62.0,20.0,2846.0
137,35559099078341.016,2604.0,134.0,58.0,16.0,2812.0
138,36430674493927.125,2470.0,107.0,54.0,19.0,2650.0
139,37330499796167.96,2453.0,118.0,67.0,19.0,2657.0
140,38247913680781.76,2456.0,113.0,51.0,20.0,2640.0
141,39193348059454.99,2422.0,99.0,42.0,22.0,2585.0
142,40166705959112.66,2299.0,116.0,63.0,28.0,2506.0
143,41147601014760.15,2168.0,79.0,56.0,18.0,2321.0
144,42161129502963.98,2193.0,97.0,60.0,17.0,2367.0
145,43201265364459.266,2099.0,104.0,51.0,20.0,2274.0
146,44244900533721.49,2061.0,92.0,52.0,19.0,2224.0
147,45354450614250.62,2035.0,78.0,60.0,26.0,2199.0
148,46444819364914.11,1921.0,85.0,45.0,21.0,2072.0
149,47610674418604.65,1806.0,80.0,62.0,17.0,1965.0
150,48784854847645.43,1805.0,103.0,55.0,31.0,1994.0
151,49969712669683.26,1768.0,78.0,55.0,20.0,1921.0
152,51200757738095.234,1680.0,88.0,51.0,25.0,1844.0
153,52465065533980.586,1648.0,107.0,40.0,19.0,1814.0
154,53746408354114.71,1604.0,93.0,52.0,19.0,1768.0
155,55064198655256.73,1636.0,83.0,50.0,15.0,1784.0
156,56438432343234.32,1515.0,91.0,54.0,22.0,1682.0
157,57805429061000.69,1459.0,91.0,43.0,20.0,1613.0
158,59250846310088.016,1477.0,92.0,68.0,16.0,1653.0
159,60712215511324.64,1457.0,77.0,55.0,18.0,1607.0
160,62175860856269.11,1308.0,82.0,54.0,20.0,1464.0
161,63703362690152.125,1249.0,88.0,77.0,21.0,1435.0
162,65285349881796.69,1269.0,77.0,51.0,20.0,1417.0
163,66888639802631.58,1216.0,75.0,45.0,25.0,1361.0
164,68522730442176.87,1176.0,99.0,43.0,24.0,1342.0
165,70223269230769.234,1092.0,68.0,55.0,23.0,1238.0
166,71921956959706.95,1092.0,92.0,53.0,23.0,1260.0
167,73705233962264.16,1060.0,83.0,50.0,17.0,1210.0
168,75534563958916.9,1071.0,76.0,41.0,19.0,1207.0
169,77382487780040.73,982.0,81.0,43.0,18.0,1124.0
170,79307011273957.16,887.0,64.0,42.0,10.0,1003.0
171,81251016597510.38,964.0,66.0,41.0,19.0,1090.0
172,83251445701357.47,884.0,81.0,54.0,20.0,1039.0
173,85300465558194.78,842.0,73.0,57.0,21.0,993.0
174,87400804697156.98,809.0,63.0,35.0,25.0,932.0
175,89530027716186.25,902.0,59.0,66.0,17.0,1044.0
176,91769486988847.58,807.0,60.0,42.0,17.0,926.0
177,94001192105263.16,760.0,52.0,49.0,17.0,878.0
178,96278951547779.27,743.0,55.0,42.0,13.0,853.0
179,98660982456140.34,741.0,78.0,35.0,12.0,866.0
180,101071568888888.89,675.0,73.0,41.0,23.0,812.0
181,103577053291536.05,638.0,68.0,43.0,25.0,774.0
182,106148300330033.0,606.0,52.0,41.0,12.0,711.0
183,108692512000000.0,625.0,68.0,26.0,13.0,732.0
184,111428049586776.86,605.0,56.0,35.0,13.0,709.0
185,114172964285714.28,560.0,64.0,38.0,18.0,680.0
186,116999753521126.77,568.0,58.0,19.0,20.0,665.0
187,119830757894736.84,475.0,53.0,26.0,18.0,572.0
188,122817374749499.0,499.0,60.0,29.0,13.0,601.0
189,125829681908548.7,503.0,50.0,34.0,13.0,600.0
190,128894044444444.44,450.0,51.0,32.0,18.0,551.0
191,132022470588235.3,425.0,57.0,24.0,13.0,519.0
192,135338150851581.52,411.0,63.0,35.0,17.0,526.0
193,138628413461538.47,416.0,54.0,28.0,12.0,510.0
194,142056345679012.34,405.0,60.0,28.0,14.0,507.0
195,145575859375000.0,384.0,61.0,36.0,9.0,490.0
196,149088365122615.8,367.0,49.0,31.0,13.0,460.0
197,152867307692307.7,338.0,48.0,26.0,6.0,418.0
198,156497460317460.3,315.0,50.0,35.0,4.0,404.0
