,mass bin,1st Xoff,2nd Xoff,3rd Xoff,4th Xoff,full sample
0,1277753222057.8914,4733.0,11134.0,13966.0,13903.0,43736.0
1,1309768399675.061,4924.0,10879.0,13724.0,13428.0,42955.0
2,1341765131578.9473,4864.0,10745.0,13313.0,13016.0,41938.0
3,1373640460867.76,4817.0,10438.0,12872.0,12573.0,40700.0
4,1405861988063.3875,4859.0,10472.0,12602.0,12051.0,39984.0
5,1437510808563.7083,4811.0,10235.0,12031.0,11310.0,38387.0
6,1475026363053.2393,6236.0,13178.0,15573.0,14459.0,49446.0
7,1512565035699.2861,4762.0,9630.0,11018.0,10135.0,35545.0
8,1549444243290.4558,6297.0,12475.0,14062.0,12775.0,45609.0
9,1586632040472.1753,4744.0,9260.0,10185.0,8718.0,32907.0
10,1623860603628.1907,6229.0,11972.0,12865.0,11240.0,42306.0
11,1666723862520.4583,6110.0,11601.0,12387.0,10416.0,40514.0
12,1709055612244.898,6076.0,11356.0,11661.0,9837.0,38930.0
13,1751663390289.2913,5911.0,11060.0,11134.0,8874.0,36979.0
14,1794570888213.4414,5922.0,10738.0,10475.0,8508.0,35643.0
15,1836738753202.391,5855.0,10337.0,10070.0,7959.0,34221.0
16,1879484586206.8965,5800.0,10337.0,9563.0,7454.0,33154.0
17,1927522871895.06,7166.0,12403.0,11274.0,8630.0,39473.0
18,1975239856759.1763,5585.0,9249.0,8799.0,6322.0,29955.0
19,2023375939739.6519,6837.0,11405.0,10329.0,7316.0,35887.0
20,2071121697944.5935,5595.0,8915.0,7679.0,5600.0,27789.0
21,2119318960023.175,6904.0,10818.0,9230.0,6361.0,33313.0
22,2172251434548.7148,6692.0,10673.0,8749.0,5865.0,31979.0
23,2225867524509.8037,6528.0,10270.0,8330.0,5722.0,30850.0
24,2284233084608.5747,7907.0,11770.0,9315.0,6148.0,35140.0
25,2343032753667.0195,6613.0,9704.0,7358.0,4645.0,28320.0
26,2395889219497.6074,6688.0,9124.0,7079.0,4513.0,27404.0
27,2454917088607.5947,7900.0,10828.0,8090.0,4755.0,31573.0
28,2518420764056.3525,7879.0,10484.0,7611.0,4533.0,30507.0
29,2582408166945.7686,7763.0,10102.0,7116.0,4187.0,29168.0
30,2646192935719.019,7545.0,10039.0,6841.0,3907.0,28332.0
31,2710379580253.432,7576.0,9642.0,6468.0,3735.0,27421.0
32,2774045369877.594,7516.0,9344.0,6044.0,3378.0,26282.0
33,2842899976390.0366,8471.0,10506.0,6704.0,3562.0,29243.0
34,2912119845963.4165,7271.0,8404.0,5318.0,2954.0,23947.0
35,2982165287192.294,8409.0,9402.0,5866.0,3103.0,26780.0
36,3056439227489.3403,7974.0,8838.0,5309.0,2756.0,24877.0
37,3130806595935.0635,7823.0,8425.0,4938.0,2641.0,23827.0
38,3205250539615.6885,7598.0,7991.0,4492.0,2355.0,22436.0
39,3285168572767.7524,8534.0,8683.0,4945.0,2454.0,24616.0
40,3370591983992.239,8246.0,7904.0,4400.0,2277.0,22827.0
41,3455078000504.2866,7932.0,7488.0,4164.0,1984.0,21568.0
42,3540499795527.1567,7825.0,7234.0,3800.0,1650.0,20509.0
43,3625691231343.2837,7504.0,6696.0,3483.0,1615.0,19298.0
44,3711378192371.476,7236.0,6282.0,3278.0,1451.0,18247.0
45,3801516766696.463,7831.0,6658.0,3207.0,1406.0,19102.0
46,3896964532345.5483,7559.0,6153.0,2777.0,1311.0,17800.0
47,3993065530406.3267,7334.0,5779.0,2713.0,1153.0,16979.0
48,4088775472230.0537,7094.0,5508.0,2475.0,1061.0,16138.0
49,4190103582128.4355,7677.0,5517.0,2457.0,1013.0,16664.0
50,4296741939089.131,7158.0,5244.0,2253.0,867.0,15522.0
51,4402849259415.997,7089.0,4876.0,2018.0,754.0,14737.0
52,4510014698046.182,6756.0,4662.0,1901.0,698.0,14017.0
53,4621337323748.963,7234.0,4597.0,1892.0,698.0,14421.0
54,4733359407967.249,6351.0,4009.0,1586.0,529.0,12475.0
55,4844978426626.324,6610.0,4084.0,1563.0,510.0,12767.0
56,4966972970651.3955,6985.0,4158.0,1557.0,507.0,13207.0
57,5090329084913.4375,6065.0,3561.0,1289.0,375.0,11290.0
58,5212470799322.347,6493.0,3436.0,1339.0,410.0,11678.0
59,5340062868988.392,6030.0,3389.0,1180.0,358.0,10957.0
60,5473604365936.439,6482.0,3380.0,1166.0,288.0,11316.0
61,5611394349819.85,6106.0,3131.0,1034.0,247.0,10518.0
62,5750237134699.361,5954.0,2975.0,904.0,235.0,10068.0
63,5888667264731.75,5685.0,2691.0,805.0,219.0,9400.0
64,6032321673856.773,5795.0,2535.0,812.0,242.0,9384.0
65,6181509804267.325,5671.0,2502.0,718.0,191.0,9082.0
66,6335457777001.049,5722.0,2448.0,722.0,152.0,9044.0
67,6490922096956.031,5322.0,2099.0,571.0,123.0,8115.0
68,6649951811722.913,5630.0,2158.0,642.0,133.0,8563.0
69,6815279943559.767,4961.0,1905.0,473.0,110.0,7449.0
70,6979207947530.864,5184.0,1805.0,501.0,89.0,7579.0
71,7151154156378.601,4860.0,1738.0,432.0,97.0,7127.0
72,7325276053793.657,4982.0,1627.0,424.0,90.0,7123.0
73,7507346769809.743,4783.0,1464.0,330.0,52.0,6629.0
74,7693513068414.584,4882.0,1481.0,382.0,65.0,6810.0
75,7884381214659.686,4775.0,1355.0,288.0,53.0,6471.0
76,8076217242157.526,4431.0,1197.0,261.0,39.0,5928.0
77,8272700975720.444,4407.0,1216.0,240.0,43.0,5906.0
78,8481106959706.96,4368.0,1169.0,226.0,28.0,5791.0
79,8689888115734.099,4182.0,974.0,189.0,26.0,5371.0
80,8903146915351.506,4182.0,1013.0,181.0,24.0,5400.0
81,9120379538381.742,3856.0,843.0,164.0,33.0,4896.0
82,9345353225024.248,4124.0,820.0,162.0,19.0,5125.0
83,9577729600420.61,3804.0,739.0,121.0,18.0,4682.0
84,9812537100671.14,3725.0,662.0,109.0,17.0,4513.0
85,10052291081912.217,3577.0,597.0,102.0,21.0,4297.0
86,10297318014184.396,3525.0,552.0,96.0,14.0,4187.0
87,10553815030504.715,3606.0,581.0,94.0,9.0,4290.0
88,10814143478260.87,3220.0,479.0,79.0,9.0,3787.0
89,11073254292193.068,3087.0,471.0,77.0,8.0,3643.0
90,11347742537313.434,3216.0,403.0,50.0,5.0,3674.0
91,11625782268170.426,3192.0,364.0,58.0,6.0,3620.0
92,11914557230980.123,2918.0,321.0,67.0,12.0,3318.0
93,12209165211551.377,2978.0,313.0,49.0,5.0,3345.0
94,12512972432804.963,2902.0,269.0,46.0,7.0,3224.0
95,12819830711610.486,2670.0,235.0,34.0,10.0,2949.0
96,13136720582741.875,2677.0,209.0,33.0,10.0,2929.0
97,13454719753086.42,2430.0,201.0,36.0,7.0,2674.0
98,13782137731481.482,2592.0,181.0,35.0,7.0,2815.0
99,14128805659592.176,2403.0,127.0,25.0,6.0,2561.0
100,14473981663113.006,2345.0,136.0,41.0,6.0,2528.0
101,14827615480649.19,2403.0,108.0,18.0,6.0,2535.0
102,15198987105380.17,2249.0,126.0,20.0,8.0,2403.0
103,15567851625058.879,2123.0,105.0,27.0,8.0,2263.0
104,15948282175813.502,2059.0,86.0,19.0,9.0,2173.0
105,16347365199797.674,1977.0,70.0,14.0,5.0,2066.0
106,16742248627881.45,1822.0,58.0,21.0,5.0,1906.0
107,17155782707622.299,1758.0,63.0,25.0,5.0,1851.0
108,17575707846410.684,1797.0,55.0,21.0,5.0,1878.0
109,18007166767371.6,1655.0,52.0,25.0,6.0,1738.0
110,18449541120381.406,1678.0,52.0,23.0,2.0,1755.0
111,18908963777490.297,1546.0,44.0,21.0,3.0,1614.0
112,19374486338797.812,1464.0,49.0,19.0,9.0,1541.0
113,19843017416545.72,1378.0,43.0,16.0,5.0,1442.0
114,20333674614305.75,1426.0,35.0,23.0,3.0,1487.0
115,20833964939024.39,1312.0,33.0,18.0,4.0,1367.0
116,21351264521193.094,1274.0,33.0,12.0,1.0,1320.0
117,21878204526404.023,1193.0,32.0,17.0,8.0,1250.0
118,22410435919790.758,1147.0,25.0,20.0,5.0,1197.0
119,22958069911504.426,1130.0,33.0,27.0,4.0,1194.0
120,23528836466165.414,1064.0,35.0,21.0,9.0,1129.0
121,24107229885057.473,1044.0,29.0,8.0,5.0,1086.0
122,24696088621444.203,914.0,29.0,23.0,6.0,972.0
123,25304355460385.438,934.0,37.0,15.0,4.0,990.0
124,25931682502896.87,863.0,20.0,10.0,3.0,896.0
125,26560395209580.84,835.0,30.0,14.0,0.0,879.0
126,27220098914354.645,829.0,27.0,14.0,9.0,879.0
127,27885188000000.0,750.0,29.0,19.0,8.0,806.0
128,28577576335877.863,786.0,32.0,13.0,3.0,834.0
129,29272570402298.85,696.0,23.0,11.0,5.0,735.0
130,30008130298273.156,637.0,24.0,18.0,6.0,685.0
131,30734548013245.03,604.0,21.0,13.0,4.0,642.0
132,31495678510998.31,591.0,21.0,14.0,4.0,630.0
133,32261836126629.42,537.0,21.0,11.0,6.0,575.0
134,33064734104046.242,519.0,24.0,14.0,4.0,561.0
135,33857037878787.88,528.0,29.0,22.0,2.0,581.0
136,34702481404958.676,484.0,17.0,8.0,5.0,514.0
137,35557668934240.36,441.0,22.0,9.0,3.0,475.0
138,36417724637681.16,414.0,18.0,12.0,2.0,446.0
139,37337894736842.1,437.0,17.0,10.0,2.0,466.0
140,38258363896848.14,349.0,17.0,16.0,3.0,385.0
141,39180827500000.0,400.0,16.0,6.0,6.0,428.0
142,40175147590361.445,332.0,19.0,10.0,4.0,365.0
143,41130671974522.3,314.0,9.0,7.0,2.0,332.0
144,42125360360360.36,333.0,15.0,5.0,6.0,359.0
145,43182757575757.58,297.0,10.0,11.0,2.0,320.0
146,44271515151515.15,297.0,13.0,7.0,2.0,319.0
147,45370326164874.555,279.0,16.0,7.0,3.0,305.0
148,46467269841269.84,252.0,11.0,7.0,2.0,272.0
149,47588674107142.86,224.0,19.0,9.0,1.0,253.0
150,48787473429951.69,207.0,20.0,3.0,1.0,231.0
151,49953409836065.57,183.0,15.0,8.0,4.0,210.0
152,51148983333333.336,180.0,19.0,8.0,5.0,212.0
153,52437188481675.39,191.0,15.0,1.0,3.0,210.0
154,53775741496598.64,147.0,11.0,5.0,0.0,163.0
155,55004891719745.23,157.0,10.0,10.0,4.0,181.0
156,56440042424242.42,165.0,14.0,11.0,0.0,190.0
157,57843538461538.46,143.0,6.0,5.0,1.0,155.0
158,59189039215686.27,153.0,12.0,5.0,2.0,172.0
159,60617666666666.664,105.0,8.0,4.0,0.0,117.0
160,62171191666666.664,120.0,5.0,3.0,1.0,129.0
161,63657892156862.74,102.0,6.0,2.0,1.0,111.0
162,65252752136752.14,117.0,13.0,4.0,0.0,134.0
163,66935054347826.086,92.0,11.0,2.0,0.0,105.0
164,68454641304347.83,92.0,7.0,3.0,2.0,104.0
165,70149162790697.67,86.0,4.0,0.0,1.0,91.0
166,71965783132530.12,83.0,7.0,4.0,1.0,95.0
167,73715273972602.73,73.0,7.0,4.0,0.0,84.0
168,75635444444444.44,72.0,8.0,3.0,1.0,84.0
169,77418415384615.39,65.0,4.0,4.0,2.0,75.0
170,79292846153846.16,65.0,4.0,2.0,1.0,72.0
171,81367293103448.28,58.0,5.0,2.0,0.0,65.0
172,83073826923076.92,52.0,6.0,5.0,1.0,64.0
173,85383340425531.92,47.0,5.0,5.0,1.0,58.0
174,87323285714285.72,28.0,6.0,2.0,1.0,37.0
175,89573478260869.56,46.0,13.0,1.0,2.0,62.0
176,91726722222222.22,36.0,5.0,4.0,0.0,45.0
177,94083026315789.47,38.0,5.0,1.0,1.0,45.0
178,96157166666666.67,18.0,6.0,0.0,2.0,26.0
179,98787903225806.45,31.0,3.0,1.0,0.0,35.0
180,101146875000000.0,24.0,7.0,0.0,1.0,32.0
181,103496923076923.08,26.0,6.0,1.0,1.0,34.0
182,106075000000000.0,24.0,3.0,0.0,0.0,27.0
183,108710000000000.0,18.0,7.0,1.0,1.0,27.0
184,111248125000000.0,16.0,3.0,1.0,0.0,20.0
185,113901428571428.58,21.0,3.0,0.0,0.0,24.0
186,117071538461538.47,13.0,3.0,2.0,0.0,18.0
187,120036250000000.0,16.0,4.0,4.0,0.0,24.0
188,123101666666666.67,12.0,3.0,1.0,0.0,16.0
189,125645000000000.0,14.0,3.0,0.0,0.0,17.0
190,128901250000000.0,8.0,1.0,3.0,0.0,12.0
191,131982857142857.14,14.0,0.0,0.0,0.0,14.0
192,134501111111111.11,9.0,4.0,1.0,1.0,15.0
193,138411000000000.0,10.0,3.0,1.0,0.0,14.0
194,142860000000000.0,6.0,3.0,1.0,2.0,12.0
195,145038888888888.88,9.0,2.0,1.0,1.0,13.0
196,148738333333333.34,6.0,4.0,1.0,1.0,12.0
197,152811111111111.12,9.0,3.0,0.0,1.0,13.0
198,157080000000000.0,5.0,3.0,0.0,0.0,8.0
