,mass bin,1st Xoff,2nd Xoff,3rd Xoff,4th Xoff,full sample
0,1277817056856.1873,4186.0,10215.0,15134.0,17188.0,46723.0
1,1309881399235.912,4188.0,10275.0,14948.0,16802.0,46213.0
2,1341813092885.3755,4048.0,10181.0,14620.0,16663.0,45512.0
3,1373641113861.3862,4040.0,9970.0,14186.0,15889.0,44085.0
4,1405769488663.7722,4146.0,9739.0,14023.0,15514.0,43422.0
5,1437556700520.1882,4037.0,9767.0,13430.0,14719.0,41953.0
6,1474943939393.9395,5544.0,12951.0,17466.0,19119.0,55080.0
7,1512094472236.1182,3998.0,9543.0,12719.0,13522.0,39782.0
8,1549464804980.7727,5461.0,12220.0,16521.0,17386.0,51588.0
9,1586722976370.0352,3978.0,9150.0,11853.0,12617.0,37598.0
10,1624179846269.2163,5334.0,11833.0,15342.0,16062.0,48571.0
11,1666627890255.44,5285.0,11897.0,14630.0,14450.0,46262.0
12,1709258222735.1414,5199.0,11419.0,14115.0,13805.0,44538.0
13,1752010813397.1292,5225.0,11012.0,13436.0,12940.0,42613.0
14,1794353250048.7996,5123.0,10796.0,12943.0,12304.0,41166.0
15,1837087786995.9482,5183.0,10659.0,12709.0,11573.0,40124.0
16,1879655483253.5886,5225.0,10369.0,12090.0,10850.0,38534.0
17,1927526468740.1821,6366.0,12613.0,14470.0,12755.0,46204.0
18,1975428856803.7974,5056.0,9792.0,10960.0,9515.0,35323.0
19,2023226852005.993,6007.0,12022.0,13298.0,11289.0,42616.0
20,2071414164948.4536,4850.0,9503.0,10118.0,8478.0,32949.0
21,2119013774921.7334,6069.0,11569.0,11889.0,9866.0,39393.0
22,2172466237888.4062,5986.0,11083.0,11575.0,9202.0,37846.0
23,2225483036471.586,5895.0,10763.0,11065.0,8709.0,36432.0
24,2284473292281.2544,6983.0,12565.0,12770.0,9556.0,41874.0
25,2342610784484.2583,5749.0,10301.0,9930.0,7443.0,33423.0
26,2396253632148.377,5823.0,10123.0,9561.0,7009.0,32516.0
27,2454977994075.328,7089.0,12007.0,10959.0,7782.0,37837.0
28,2518648106774.9893,6893.0,11587.0,10511.0,7365.0,36356.0
29,2582692939012.3105,7067.0,11377.0,9924.0,6903.0,35271.0
30,2646549307013.86,7143.0,11152.0,9644.0,6492.0,34431.0
31,2710009767441.8604,6880.0,11042.0,9053.0,5978.0,32953.0
32,2774110606060.606,6996.0,10852.0,8996.0,5698.0,32542.0
33,2843378359037.631,8105.0,12300.0,10098.0,6287.0,36790.0
34,2912435272365.2397,7031.0,10237.0,8314.0,5011.0,30593.0
35,2981693866171.004,8070.0,11763.0,9109.0,5545.0,34487.0
36,3056106794664.007,8021.0,11152.0,8723.0,5289.0,33185.0
37,3130354184630.9917,7886.0,10897.0,8231.0,4908.0,31922.0
38,3205073640707.736,7743.0,10517.0,7729.0,4563.0,30552.0
39,3284970020699.172,8696.0,11443.0,8724.0,4865.0,33728.0
40,3370443919158.4917,8461.0,10992.0,7969.0,4485.0,31907.0
41,3455595433398.629,8168.0,10456.0,7550.0,4126.0,30300.0
42,3540609620410.703,8035.0,9865.0,6971.0,3889.0,28760.0
43,3625822433316.5576,7948.0,9661.0,6493.0,3491.0,27593.0
44,3711203493788.82,7728.0,9062.0,5998.0,3213.0,26001.0
45,3802394544802.01,8359.0,9770.0,6422.0,3397.0,27948.0
46,3897719938912.645,8185.0,9342.0,5910.0,3115.0,26552.0
47,3993426825595.985,7970.0,8859.0,5534.0,2771.0,25134.0
48,4088746584804.298,7818.0,8260.0,5141.0,2559.0,23778.0
49,4190180840455.8403,8424.0,8697.0,5265.0,2589.0,24975.0
50,4296824609468.8774,8322.0,8201.0,4921.0,2257.0,23701.0
51,4403424703357.738,7922.0,7781.0,4594.0,2131.0,22428.0
52,4509470351172.735,7717.0,7228.0,4174.0,1864.0,20983.0
53,4621549506024.097,8300.0,7762.0,4299.0,1895.0,22256.0
54,4733339991912.656,7419.0,6785.0,3705.0,1529.0,19438.0
55,4845595114758.303,7799.0,7113.0,3619.0,1589.0,20120.0
56,4968042903930.131,8244.0,7168.0,3570.0,1490.0,20472.0
57,5089729782344.193,7397.0,6260.0,3129.0,1193.0,17979.0
58,5212642509914.289,7817.0,6375.0,3083.0,1182.0,18457.0
59,5340336008589.451,7451.0,5919.0,2898.0,1084.0,17352.0
60,5473365803971.8125,7805.0,6168.0,2815.0,1090.0,17878.0
61,5611535368393.647,7682.0,5643.0,2647.0,948.0,16920.0
62,5750689377537.213,7390.0,5423.0,2489.0,887.0,16189.0
63,5887982326407.873,7316.0,5167.0,2210.0,778.0,15471.0
64,6031576637262.764,7482.0,5178.0,2287.0,758.0,15705.0
65,6180843683637.354,7346.0,4836.0,2115.0,653.0,14950.0
66,6336321982145.168,7729.0,4791.0,2050.0,603.0,15173.0
67,6490010673258.688,6877.0,4456.0,1693.0,525.0,13551.0
68,6649534177708.496,7698.0,4680.0,1859.0,555.0,14792.0
69,6814715458155.611,6799.0,4106.0,1626.0,424.0,12955.0
70,6979358422686.23,7088.0,4127.0,1571.0,412.0,13198.0
71,7150014432548.18,7005.0,3869.0,1394.0,336.0,12604.0
72,7325570623569.794,6992.0,3824.0,1352.0,326.0,12494.0
73,7506791006233.304,6738.0,3444.0,1290.0,339.0,11811.0
74,7693089577705.1045,7033.0,3593.0,1286.0,263.0,12175.0
75,7885092936694.021,6824.0,3299.0,1134.0,285.0,11542.0
76,8076989653607.624,6611.0,3172.0,1025.0,232.0,11040.0
77,8273963493035.359,6533.0,3013.0,969.0,218.0,10733.0
78,8482796279208.216,6719.0,2929.0,908.0,177.0,10733.0
79,8689171695331.695,6105.0,2623.0,787.0,158.0,9673.0
80,8902708062340.775,6673.0,2663.0,834.0,170.0,10340.0
81,9120778212568.396,6031.0,2457.0,697.0,112.0,9297.0
82,9345005858248.596,6589.0,2475.0,680.0,128.0,9872.0
83,9577764124783.361,6347.0,2284.0,611.0,120.0,9362.0
84,9813450850567.045,5996.0,2099.0,541.0,98.0,8734.0
85,10051762113899.613,6216.0,2052.0,536.0,91.0,8895.0
86,10297818759404.781,5981.0,1902.0,474.0,88.0,8445.0
87,10552268265565.438,6296.0,1909.0,444.0,63.0,8712.0
88,10814359372275.502,5735.0,1736.0,383.0,68.0,7922.0
89,11073662671836.447,5674.0,1635.0,353.0,68.0,7730.0
90,11346821929672.613,5773.0,1524.0,327.0,51.0,7675.0
91,11627355482303.955,5764.0,1429.0,333.0,44.0,7570.0
92,11914441626191.762,5559.0,1297.0,253.0,37.0,7146.0
93,12208608624750.861,5519.0,1216.0,262.0,41.0,7038.0
94,12512333454347.432,5509.0,1165.0,223.0,31.0,6928.0
95,12819973437798.586,5233.0,1086.0,208.0,43.0,6570.0
96,13134918742813.338,5218.0,1039.0,176.0,30.0,6463.0
97,13450863027394.521,5001.0,893.0,185.0,38.0,6117.0
98,13785763727764.889,5172.0,908.0,162.0,21.0,6263.0
99,14127263690476.191,5040.0,780.0,121.0,35.0,5976.0
100,14471369249394.674,4956.0,690.0,124.0,25.0,5795.0
101,14825747695390.781,4990.0,636.0,121.0,28.0,5775.0
102,15197664039817.504,4822.0,590.0,129.0,25.0,5566.0
103,15566697413793.104,4640.0,558.0,104.0,15.0,5317.0
104,15949577792123.951,4647.0,497.0,111.0,26.0,5281.0
105,16342064973690.23,4371.0,459.0,84.0,22.0,4936.0
106,16743814604185.623,4396.0,405.0,99.0,17.0,4917.0
107,17155108346896.07,4301.0,362.0,62.0,24.0,4749.0
108,17574626904148.113,4267.0,330.0,66.0,16.0,4679.0
109,18005081201887.26,4027.0,309.0,60.0,20.0,4416.0
110,18456801020408.164,4116.0,274.0,75.0,17.0,4482.0
111,18911801231084.895,3899.0,247.0,66.0,14.0,4226.0
112,19376247385870.953,3921.0,209.0,63.0,21.0,4214.0
113,19846647567567.566,3700.0,208.0,57.0,10.0,3975.0
114,20336881732070.367,3695.0,213.0,60.0,18.0,3986.0
115,20842395514223.195,3656.0,167.0,59.0,19.0,3901.0
116,21349955574663.227,3489.0,158.0,68.0,13.0,3728.0
117,21879133373205.742,3344.0,121.0,51.0,15.0,3531.0
118,22417798107255.52,3170.0,141.0,66.0,25.0,3402.0
119,22960692873122.402,3129.0,136.0,72.0,21.0,3358.0
120,23528067088607.594,3160.0,113.0,71.0,18.0,3362.0
121,24106139168343.395,2982.0,122.0,67.0,12.0,3183.0
122,24701293577981.652,2834.0,107.0,48.0,17.0,3006.0
123,25299381297571.582,2759.0,117.0,49.0,20.0,2945.0
124,25930170118343.195,2704.0,103.0,48.0,15.0,2870.0
125,26562442953020.133,2533.0,105.0,50.0,23.0,2711.0
126,27223035613112.1,2471.0,97.0,57.0,30.0,2655.0
127,27889644896362.926,2557.0,97.0,59.0,20.0,2733.0
128,28585623092783.504,2425.0,88.0,55.0,18.0,2586.0
129,29283343170320.406,2372.0,85.0,58.0,19.0,2534.0
130,30001830079858.03,2254.0,89.0,45.0,16.0,2404.0
131,30733348471223.023,2224.0,87.0,43.0,20.0,2374.0
132,31496731399157.7,2137.0,107.0,53.0,16.0,2313.0
133,32272061770428.016,2056.0,81.0,44.0,17.0,2198.0
134,33068102473498.234,1981.0,83.0,50.0,26.0,2140.0
135,33882178046218.49,1904.0,96.0,53.0,19.0,2072.0
136,34706271451699.945,1853.0,94.0,46.0,22.0,2015.0
137,35571729275362.32,1725.0,72.0,47.0,17.0,1861.0
138,36436411425274.09,1733.0,83.0,38.0,17.0,1871.0
139,37330026837060.7,1565.0,87.0,58.0,15.0,1725.0
140,38231895504252.734,1646.0,76.0,49.0,15.0,1786.0
141,39183862918509.16,1583.0,70.0,44.0,15.0,1712.0
142,40160346516007.53,1593.0,82.0,49.0,19.0,1743.0
143,41145516666666.664,1320.0,96.0,52.0,9.0,1477.0
144,42160498176513.49,1371.0,79.0,38.0,18.0,1506.0
145,43212406113537.12,1374.0,83.0,38.0,11.0,1506.0
146,44247955418908.53,1301.0,81.0,34.0,14.0,1430.0
147,45332704169944.92,1271.0,72.0,40.0,13.0,1396.0
148,46444624047417.445,1181.0,67.0,47.0,18.0,1313.0
149,47588282139775.67,1159.0,71.0,37.0,17.0,1284.0
150,48763427426536.06,1123.0,85.0,41.0,13.0,1262.0
151,49984218634686.34,1084.0,69.0,43.0,21.0,1217.0
152,51218616080402.01,995.0,63.0,22.0,19.0,1099.0
153,52443102794411.18,1002.0,68.0,35.0,18.0,1123.0
154,53743141188959.664,942.0,61.0,34.0,13.0,1050.0
155,55076422551252.84,878.0,62.0,40.0,12.0,992.0
156,56419214035087.72,855.0,52.0,55.0,11.0,973.0
157,57799462772050.4,873.0,59.0,40.0,19.0,991.0
158,59232255871446.23,809.0,48.0,42.0,16.0,915.0
159,60677826309067.69,783.0,53.0,36.0,19.0,891.0
160,62186901351351.35,740.0,55.0,22.0,11.0,828.0
161,63718630527817.41,701.0,56.0,23.0,20.0,800.0
162,65288722222222.22,666.0,60.0,31.0,17.0,774.0
163,66865794074074.07,675.0,67.0,35.0,12.0,789.0
164,68521390551181.1,635.0,61.0,30.0,14.0,740.0
165,70204046075085.33,586.0,50.0,40.0,17.0,693.0
166,71901587412587.4,572.0,46.0,36.0,16.0,670.0
167,73714897923875.44,578.0,58.0,22.0,12.0,670.0
168,75556186180422.27,521.0,35.0,30.0,14.0,600.0
169,77396487500000.0,480.0,54.0,30.0,20.0,584.0
170,79303466666666.67,480.0,39.0,19.0,11.0,549.0
171,81244280334728.03,478.0,63.0,26.0,10.0,577.0
172,83217914489311.16,421.0,41.0,28.0,7.0,497.0
173,85273428899082.56,436.0,45.0,24.0,7.0,512.0
174,87388226829268.3,410.0,46.0,26.0,11.0,493.0
175,89438511111111.11,360.0,49.0,23.0,9.0,441.0
176,91704947852760.73,326.0,36.0,19.0,10.0,391.0
177,94014960000000.0,350.0,36.0,25.0,12.0,423.0
178,96327612716763.0,346.0,36.0,24.0,16.0,422.0
179,98640712418300.66,306.0,31.0,18.0,5.0,360.0
180,101134805825242.72,309.0,46.0,21.0,8.0,384.0
181,103611648745519.72,279.0,50.0,16.0,3.0,348.0
182,106106654545454.55,275.0,47.0,12.0,8.0,342.0
183,108735738396624.47,237.0,35.0,10.0,3.0,285.0
184,111441818181818.19,231.0,36.0,18.0,3.0,288.0
185,114346053811659.19,223.0,35.0,18.0,5.0,281.0
186,117006902985074.62,268.0,42.0,13.0,6.0,329.0
187,119777048458149.78,227.0,30.0,11.0,6.0,274.0
188,122762809523809.53,210.0,28.0,15.0,7.0,260.0
189,125700430622009.56,209.0,27.0,9.0,5.0,250.0
190,128895867346938.78,196.0,30.0,7.0,4.0,237.0
191,132176380368098.16,163.0,28.0,14.0,5.0,210.0
192,135377633136094.67,169.0,26.0,14.0,3.0,212.0
193,138640337837837.84,148.0,32.0,18.0,3.0,201.0
194,141973129251700.7,147.0,25.0,7.0,8.0,187.0
195,145676691176470.6,136.0,27.0,17.0,5.0,185.0
196,149169699248120.3,133.0,31.0,10.0,6.0,180.0
197,152703629032258.06,124.0,33.0,13.0,7.0,177.0
198,156450793650793.66,126.0,20.0,8.0,3.0,157.0
