,mass bin,1st Xoff,2nd Xoff,3rd Xoff,4th Xoff,full sample
0,1277924851343.0388,4877.0,11539.0,15873.0,16299.0,48588.0
1,1309798283705.5417,4836.0,11459.0,15521.0,16054.0,47870.0
2,1341679813727.475,4939.0,11260.0,14725.0,15453.0,46377.0
3,1373753116416.6492,4733.0,11346.0,14430.0,14828.0,45337.0
4,1405770737375.8716,4733.0,11111.0,14063.0,14501.0,44408.0
5,1437921043019.4805,4928.0,10659.0,13815.0,13863.0,43265.0
6,1475163593455.0032,6356.0,13894.0,17728.0,17375.0,55353.0
7,1512260064308.6816,4665.0,10375.0,13064.0,12450.0,40554.0
8,1549301176096.6306,6292.0,13422.0,16505.0,15685.0,51904.0
9,1586626197604.7905,4676.0,9799.0,11977.0,11111.0,37563.0
10,1624093589950.0725,6209.0,13043.0,15190.0,14171.0,48613.0
11,1666550742614.6565,6127.0,12619.0,14527.0,13405.0,46678.0
12,1709053453808.4783,5921.0,12307.0,14097.0,12437.0,44762.0
13,1751630715974.333,5922.0,12045.0,13189.0,11939.0,43095.0
14,1794419261802.5752,5825.0,11595.0,12896.0,11068.0,41384.0
15,1836810974148.2622,5841.0,11249.0,12249.0,10237.0,39576.0
16,1879566425245.732,5799.0,11055.0,11895.0,9672.0,38421.0
17,1927376570316.8428,7196.0,13372.0,13981.0,11381.0,45930.0
18,1975218717139.8528,5706.0,10378.0,10529.0,8486.0,35099.0
19,2023108599684.6782,6977.0,12789.0,12680.0,9631.0,42077.0
20,2071320000000.0,5595.0,9706.0,9756.0,7329.0,32386.0
21,2119060369938.829,6866.0,11892.0,11528.0,8508.0,38794.0
22,2172281883738.0427,6795.0,11734.0,11079.0,7905.0,37513.0
23,2225395321033.2104,6775.0,11275.0,10347.0,7554.0,35951.0
24,2284260412294.7783,8101.0,13371.0,11833.0,8356.0,41661.0
25,2342869009441.0312,6673.0,10808.0,9248.0,6491.0,33220.0
26,2396186675579.3228,6732.0,10425.0,8906.0,5989.0,32052.0
27,2454348673756.2646,8181.0,12419.0,10155.0,6747.0,37502.0
28,2519075411061.2856,8028.0,12013.0,9945.0,6460.0,36446.0
29,2582829730749.874,7948.0,12060.0,9418.0,5634.0,35060.0
30,2646408166523.3945,8143.0,11519.0,9128.0,5482.0,34272.0
31,2710349653808.111,8088.0,11468.0,8602.0,5126.0,33284.0
32,2774053695679.089,8077.0,10995.0,8292.0,4744.0,32108.0
33,2843385669067.889,9162.0,12401.0,9441.0,5311.0,36315.0
34,2912290261929.4604,7712.0,10349.0,7454.0,4213.0,29728.0
35,2981625988197.3057,8981.0,11542.0,8142.0,4607.0,33272.0
36,3056366456422.0186,8720.0,11164.0,7840.0,4352.0,32076.0
37,3130827984729.292,8644.0,10616.0,7217.0,3995.0,30472.0
38,3205918622661.7417,8393.0,10116.0,6783.0,3637.0,28929.0
39,3284968699891.6577,9230.0,10903.0,7405.0,3884.0,31422.0
40,3370100022055.58,9068.0,10585.0,6813.0,3487.0,29953.0
41,3455116118793.9243,8822.0,9922.0,6289.0,3192.0,28225.0
42,3540269382686.8496,8456.0,9547.0,5799.0,3035.0,26837.0
43,3626108140510.73,8341.0,8956.0,5376.0,2647.0,25320.0
44,3711305381944.4443,8064.0,8289.0,5076.0,2487.0,23916.0
45,3801652319048.1436,9077.0,9091.0,5237.0,2537.0,25942.0
46,3897535410439.1816,8698.0,8363.0,4727.0,2237.0,24025.0
47,3993228739495.7983,8330.0,7866.0,4484.0,2040.0,22720.0
48,4089107718529.3403,8214.0,7523.0,4097.0,1823.0,21657.0
49,4189315962924.82,8739.0,7990.0,4236.0,1864.0,22829.0
50,4296880668880.4556,8432.0,7517.0,3836.0,1625.0,21410.0
51,4403365487048.522,8223.0,7104.0,3508.0,1436.0,20271.0
52,4509248186792.213,7859.0,6500.0,3226.0,1324.0,18909.0
53,4622144235705.951,8570.0,6794.0,3288.0,1309.0,19961.0
54,4732566577217.228,7453.0,5937.0,2629.0,1009.0,17028.0
55,4845106997856.513,7931.0,6075.0,2737.0,1000.0,17743.0
56,4967293044402.456,8468.0,6232.0,2766.0,973.0,18439.0
57,5090004357123.764,7482.0,5362.0,2315.0,783.0,15942.0
58,5211576856230.032,7825.0,5583.0,2379.0,773.0,16560.0
59,5340195038759.689,7740.0,5106.0,2206.0,684.0,15736.0
60,5473635246209.748,7981.0,5263.0,2184.0,692.0,16120.0
61,5611420749542.962,7658.0,4942.0,1984.0,587.0,15171.0
62,5750736372269.706,7371.0,4642.0,1820.0,526.0,14359.0
63,5889161098717.233,7172.0,4309.0,1686.0,482.0,13649.0
64,6032711128989.005,7458.0,4428.0,1601.0,455.0,13942.0
65,6181823692180.617,7264.0,4086.0,1434.0,378.0,13162.0
66,6335795441710.367,7437.0,3973.0,1525.0,392.0,13327.0
67,6490704430759.988,6658.0,3482.0,1251.0,301.0,11692.0
68,6649770506414.585,7405.0,3759.0,1348.0,299.0,12811.0
69,6815059538002.98,6710.0,3263.0,1090.0,270.0,11333.0
70,6979784521739.131,6900.0,3249.0,1072.0,238.0,11459.0
71,7149832225217.131,6678.0,3123.0,957.0,212.0,10970.0
72,7325183022248.769,6697.0,3061.0,911.0,197.0,10866.0
73,7507371308852.659,6563.0,2789.0,830.0,141.0,10323.0
74,7692932700074.794,6685.0,2735.0,805.0,137.0,10362.0
75,7886116876848.824,6423.0,2551.0,723.0,139.0,9836.0
76,8076233198968.075,6202.0,2373.0,664.0,114.0,9353.0
77,8274193088790.932,6352.0,2325.0,555.0,103.0,9335.0
78,8482522805923.616,6415.0,2232.0,543.0,80.0,9270.0
79,8689005766621.438,5896.0,2020.0,473.0,85.0,8474.0
80,8902056583455.703,6129.0,1983.0,479.0,90.0,8681.0
81,9120820818630.91,5668.0,1783.0,431.0,63.0,7945.0
82,9343930543368.207,5926.0,1806.0,418.0,62.0,8212.0
83,9577215897166.842,5718.0,1615.0,386.0,55.0,7774.0
84,9811017549491.707,5607.0,1473.0,300.0,40.0,7420.0
85,10050541403508.771,5415.0,1416.0,275.0,30.0,7136.0
86,10295862128475.55,5215.0,1316.0,271.0,37.0,6839.0
87,10551376365264.1,5585.0,1291.0,261.0,35.0,7172.0
88,10813111790559.908,5233.0,1094.0,210.0,32.0,6569.0
89,11070699174203.697,5086.0,1060.0,215.0,26.0,6387.0
90,11347787340795.06,5182.0,994.0,169.0,19.0,6364.0
91,11628854195323.246,5089.0,950.0,174.0,21.0,6234.0
92,11915792695368.293,4901.0,852.0,154.0,19.0,5926.0
93,12209217610316.342,4963.0,788.0,116.0,18.0,5885.0
94,12513167048531.557,4801.0,797.0,114.0,24.0,5736.0
95,12821838918918.918,4625.0,650.0,119.0,15.0,5409.0
96,13135460731816.154,4482.0,629.0,105.0,19.0,5235.0
97,13453378917378.918,4212.0,600.0,84.0,18.0,4914.0
98,13783362891904.54,4274.0,482.0,74.0,15.0,4845.0
99,14124777287505.807,4306.0,427.0,71.0,17.0,4821.0
100,14474538643907.064,4218.0,403.0,73.0,6.0,4700.0
101,14828870117187.5,4096.0,325.0,74.0,18.0,4513.0
102,15195967945482.08,3962.0,344.0,75.0,17.0,4398.0
103,15565565648655.703,3831.0,294.0,53.0,15.0,4193.0
104,15948735179911.986,3863.0,252.0,44.0,22.0,4181.0
105,16346482920110.193,3630.0,241.0,62.0,10.0,3943.0
106,16744679652466.367,3568.0,219.0,59.0,15.0,3861.0
107,17153268041237.113,3395.0,174.0,46.0,17.0,3632.0
108,17573802233323.537,3403.0,158.0,54.0,17.0,3632.0
109,18006993906154.785,3282.0,152.0,54.0,9.0,3497.0
110,18454880878712.87,3232.0,142.0,58.0,17.0,3449.0
111,18911551449506.21,3139.0,133.0,46.0,19.0,3337.0
112,19374135467183.965,3093.0,132.0,51.0,20.0,3296.0
113,19840506712564.543,2905.0,108.0,54.0,13.0,3080.0
114,20339854166666.668,2928.0,112.0,33.0,14.0,3087.0
115,20839542580885.086,2689.0,91.0,56.0,16.0,2852.0
116,21350384355020.684,2659.0,82.0,54.0,13.0,2808.0
117,21881930307941.652,2468.0,103.0,45.0,4.0,2620.0
118,22414757325629.387,2423.0,95.0,46.0,13.0,2577.0
119,22964590967192.16,2347.0,72.0,38.0,13.0,2470.0
120,23524995244271.508,2313.0,77.0,42.0,13.0,2445.0
121,24108727514399.645,2257.0,79.0,40.0,13.0,2389.0
122,24701595337995.34,2145.0,78.0,48.0,14.0,2285.0
123,25301344995140.914,2058.0,80.0,48.0,10.0,2196.0
124,25924848377281.945,1972.0,76.0,34.0,18.0,2100.0
125,26569072679045.094,1885.0,68.0,29.0,10.0,1992.0
126,27223312465678.2,1821.0,73.0,36.0,11.0,1941.0
127,27892791960890.82,1841.0,69.0,46.0,18.0,1974.0
128,28573091866588.65,1709.0,54.0,34.0,10.0,1807.0
129,29274994124559.344,1702.0,56.0,45.0,15.0,1818.0
130,30003475000000.0,1640.0,65.0,29.0,13.0,1747.0
131,30743090792838.875,1564.0,61.0,30.0,11.0,1666.0
132,31498482226693.496,1491.0,70.0,36.0,17.0,1614.0
133,32273126501766.785,1415.0,65.0,29.0,6.0,1515.0
134,33058110218978.1,1370.0,68.0,34.0,10.0,1482.0
135,33860449172576.832,1269.0,59.0,32.0,13.0,1373.0
136,34724472835314.09,1178.0,44.0,35.0,18.0,1275.0
137,35559520851063.83,1175.0,78.0,28.0,9.0,1290.0
138,36446071741032.37,1143.0,44.0,31.0,13.0,1231.0
139,37332570397111.914,1108.0,57.0,38.0,10.0,1213.0
140,38256796033994.336,1059.0,46.0,29.0,9.0,1143.0
141,39185282412060.305,995.0,68.0,30.0,12.0,1105.0
142,40159000996015.94,1004.0,55.0,35.0,7.0,1101.0
143,41156403050108.93,918.0,42.0,43.0,17.0,1020.0
144,42153202043132.805,881.0,50.0,38.0,5.0,974.0
145,43208372093023.26,774.0,60.0,26.0,11.0,871.0
146,44235540903540.91,819.0,51.0,25.0,8.0,903.0
147,45352278625954.195,786.0,40.0,28.0,7.0,861.0
148,46467549575070.82,706.0,47.0,28.0,7.0,788.0
149,47605203125000.0,704.0,46.0,29.0,11.0,790.0
150,48758283018867.92,636.0,39.0,27.0,10.0,712.0
151,49972023510971.79,638.0,53.0,20.0,8.0,719.0
152,51201683200000.0,625.0,54.0,22.0,5.0,706.0
153,52457527681660.9,578.0,33.0,22.0,6.0,639.0
154,53740961199294.53,567.0,42.0,26.0,8.0,643.0
155,55027532692307.695,520.0,44.0,20.0,7.0,591.0
156,56445425093632.96,534.0,37.0,23.0,6.0,600.0
157,57819542194092.83,474.0,34.0,23.0,11.0,542.0
158,59241482328482.33,481.0,35.0,21.0,8.0,545.0
159,60718557986870.9,457.0,37.0,24.0,4.0,522.0
160,62191809195402.3,435.0,35.0,21.0,8.0,499.0
161,63710946784922.4,451.0,37.0,20.0,7.0,515.0
162,65262460358056.266,391.0,35.0,24.0,5.0,455.0
163,66894352777777.78,360.0,29.0,19.0,7.0,415.0
164,68514778393351.8,361.0,44.0,18.0,6.0,429.0
165,70192597484276.73,318.0,31.0,18.0,8.0,375.0
166,71908691082802.55,314.0,36.0,19.0,9.0,378.0
167,73757793442622.95,305.0,26.0,14.0,7.0,352.0
168,75513548821548.83,297.0,24.0,19.0,2.0,342.0
169,77365334693877.55,245.0,32.0,13.0,6.0,296.0
170,79292402985074.62,268.0,29.0,14.0,5.0,316.0
171,81284004255319.16,235.0,26.0,9.0,2.0,272.0
172,83208831275720.17,243.0,20.0,19.0,3.0,285.0
173,85309793859649.12,228.0,26.0,10.0,3.0,267.0
174,87399380952380.95,189.0,28.0,14.0,4.0,235.0
175,89549470873786.4,206.0,24.0,9.0,5.0,244.0
176,91812156862745.1,204.0,23.0,3.0,2.0,232.0
177,93980597701149.42,174.0,20.0,4.0,2.0,200.0
178,96343279329608.94,179.0,27.0,10.0,3.0,219.0
179,98732244047619.05,168.0,25.0,7.0,2.0,202.0
180,101135795774647.89,142.0,27.0,10.0,5.0,184.0
181,103646488549618.33,131.0,24.0,14.0,3.0,172.0
182,106100983606557.38,122.0,27.0,8.0,3.0,160.0
183,108765867768595.05,121.0,16.0,6.0,3.0,146.0
184,111330406504065.05,123.0,14.0,7.0,3.0,147.0
185,114006228070175.44,114.0,30.0,12.0,1.0,157.0
186,116893571428571.42,112.0,21.0,4.0,0.0,137.0
187,119828686868686.88,99.0,14.0,6.0,0.0,119.0
188,122770215053763.44,93.0,17.0,12.0,1.0,123.0
189,125837341772151.9,79.0,18.0,7.0,2.0,106.0
190,128751739130434.78,92.0,14.0,5.0,2.0,113.0
191,131979756097560.97,82.0,14.0,8.0,0.0,104.0
192,135432352941176.47,85.0,18.0,1.0,2.0,106.0
193,138552151898734.17,79.0,19.0,5.0,3.0,106.0
194,141979078947368.4,76.0,19.0,1.0,0.0,96.0
195,145414126984126.97,63.0,14.0,1.0,4.0,82.0
196,149095074626865.66,67.0,8.0,4.0,2.0,81.0
197,152544528301886.78,53.0,7.0,4.0,0.0,64.0
198,156605348837209.3,43.0,15.0,5.0,2.0,65.0
