,mass bin,1st Xoff,2nd Xoff,3rd Xoff,4th Xoff,full sample
0,1278349486995.9436,4191.0,10251.0,14993.0,16978.0,46413.0
1,1309874744027.3037,4102.0,10160.0,14851.0,16531.0,45644.0
2,1341746114742.193,4131.0,10140.0,14421.0,16138.0,44830.0
3,1373676675474.4175,4163.0,10040.0,14181.0,15897.0,44281.0
4,1405570394736.842,4104.0,10060.0,13876.0,15430.0,43470.0
5,1437604997538.1584,4062.0,9929.0,13534.0,14726.0,42251.0
6,1474769798903.108,5470.0,12723.0,17597.0,18422.0,54212.0
7,1511980241438.778,4059.0,9626.0,12746.0,13269.0,39700.0
8,1549588777188.8137,5471.0,12559.0,16428.0,17192.0,51650.0
9,1586843182362.8086,4173.0,9121.0,11768.0,12103.0,37165.0
10,1623876755308.9727,5227.0,11775.0,15299.0,15232.0,47533.0
11,1666688081556.9973,5395.0,11831.0,14617.0,14442.0,46285.0
12,1709099287913.7798,5196.0,11568.0,14034.0,13559.0,44357.0
13,1752131406044.678,5327.0,11223.0,13265.0,12710.0,42525.0
14,1794433403562.536,5221.0,10908.0,12804.0,12037.0,40970.0
15,1836776554556.1204,5114.0,10717.0,12343.0,11476.0,39650.0
16,1879361547548.73,5079.0,10355.0,12063.0,10711.0,38208.0
17,1927709809136.4204,6392.0,12787.0,13925.0,12456.0,45560.0
18,1975517552558.5085,5042.0,9794.0,10921.0,9318.0,35075.0
19,2023547020908.662,6361.0,11965.0,12887.0,10944.0,42157.0
20,2071319991789.8193,4872.0,9367.0,10019.0,8205.0,32463.0
21,2119091989746.876,6242.0,11431.0,11744.0,9429.0,38846.0
22,2172303417266.187,6116.0,11219.0,11259.0,9093.0,37687.0
23,2226085291631.4453,5915.0,10600.0,10810.0,8350.0,35675.0
24,2284203059941.3164,7157.0,12723.0,12510.0,9175.0,41565.0
25,2342798301950.2354,5948.0,10264.0,9828.0,7355.0,33395.0
26,2396363956686.1465,5818.0,9993.0,9504.0,6656.0,31971.0
27,2454363554384.0176,7208.0,11643.0,10853.0,7437.0,37141.0
28,2518577740445.191,7143.0,11617.0,10362.0,6933.0,36055.0
29,2582358560338.7437,7085.0,11368.0,9903.0,6575.0,34931.0
30,2646322374558.3037,7075.0,11431.0,9569.0,6291.0,34366.0
31,2710196206225.681,7196.0,10875.0,9255.0,5826.0,33152.0
32,2773624730141.1567,7226.0,10865.0,8817.0,5500.0,32408.0
33,2843512270011.9473,8370.0,12507.0,9940.0,6031.0,36848.0
34,2912926749323.0728,7017.0,10272.0,8049.0,4829.0,30167.0
35,2981476433279.443,8041.0,11607.0,9013.0,5287.0,33948.0
36,3056310515181.6826,8036.0,11081.0,8456.0,4851.0,32424.0
37,3130703407536.376,8041.0,10869.0,8186.0,4648.0,31744.0
38,3205304728162.8447,7762.0,10462.0,7568.0,4337.0,30129.0
39,3285102772600.1865,8584.0,11566.0,8061.0,4705.0,32916.0
40,3370184409746.865,8454.0,10928.0,7692.0,4215.0,31289.0
41,3455459415190.488,8242.0,10335.0,7110.0,3829.0,29516.0
42,3540572937454.3687,8218.0,10071.0,6693.0,3626.0,28608.0
43,3625757412809.1313,7885.0,9234.0,6326.0,3240.0,26685.0
44,3711049821970.1963,7583.0,8935.0,5773.0,3003.0,25294.0
45,3801258365712.94,8493.0,9461.0,5934.0,3043.0,26931.0
46,3897475666867.8335,8285.0,9038.0,5669.0,2930.0,25922.0
47,3993152097769.9385,7937.0,8584.0,5105.0,2459.0,24085.0
48,4089725531914.8936,7849.0,8124.0,4829.0,2269.0,23071.0
49,4190413225419.664,8340.0,8459.0,4948.0,2294.0,24041.0
50,4297078481954.6074,8063.0,8015.0,4469.0,2079.0,22626.0
51,4403256204750.413,7873.0,7553.0,4190.0,1873.0,21489.0
52,4509926708959.089,7724.0,7365.0,3823.0,1734.0,20646.0
53,4622057753882.915,8370.0,7601.0,3872.0,1653.0,21496.0
54,4733128426535.088,7296.0,6392.0,3286.0,1388.0,18362.0
55,4845140106208.117,7909.0,6654.0,3380.0,1336.0,19279.0
56,4967820606796.116,8240.0,6907.0,3343.0,1259.0,19749.0
57,5090913833512.931,7424.0,5966.0,2851.0,1072.0,17313.0
58,5212401409725.814,7732.0,6249.0,2853.0,975.0,17809.0
59,5340400341476.228,7614.0,5923.0,2706.0,961.0,17204.0
60,5472862508030.322,7783.0,5938.0,2640.0,909.0,17270.0
61,5611499806301.653,7744.0,5583.0,2389.0,806.0,16522.0
62,5750082233099.616,7559.0,5324.0,2254.0,755.0,15892.0
63,5888852531911.909,7129.0,4952.0,2072.0,668.0,14821.0
64,6032598429872.015,7579.0,4979.0,2085.0,671.0,15314.0
65,6180771762295.082,7320.0,4644.0,1811.0,538.0,14313.0
66,6336083340133.279,7353.0,4650.0,1850.0,505.0,14358.0
67,6490128490368.822,6697.0,4203.0,1544.0,472.0,12916.0
68,6649830746937.162,7591.0,4407.0,1655.0,423.0,14076.0
69,6814484705537.65,6826.0,3928.0,1438.0,337.0,12529.0
70,6979185914911.193,7263.0,3868.0,1437.0,321.0,12889.0
71,7149568676814.988,6832.0,3540.0,1260.0,317.0,11949.0
72,7326018105144.785,7114.0,3608.0,1237.0,249.0,12208.0
73,7506719840673.381,6653.0,3396.0,1125.0,244.0,11418.0
74,7693283390705.68,6972.0,3349.0,1080.0,257.0,11658.0
75,7885372468593.916,6607.0,3098.0,999.0,232.0,10936.0
76,8076629478247.406,6459.0,2916.0,894.0,173.0,10442.0
77,8273994165020.514,6581.0,2913.0,864.0,170.0,10528.0
78,8480623951182.304,6555.0,2819.0,811.0,146.0,10331.0
79,8688824075286.416,6110.0,2510.0,742.0,102.0,9464.0
80,8902156505633.586,6479.0,2608.0,658.0,121.0,9866.0
81,9118874210526.316,6080.0,2267.0,616.0,96.0,9059.0
82,9343725062460.96,6404.0,2302.0,552.0,67.0,9325.0
83,9579362523749.209,6316.0,2096.0,512.0,88.0,9012.0
84,9811998755599.8,6027.0,1941.0,497.0,77.0,8542.0
85,10050773391130.377,5998.0,1827.0,463.0,69.0,8357.0
86,10296558541266.795,5731.0,1658.0,370.0,53.0,7812.0
87,10552987836949.375,6084.0,1692.0,387.0,53.0,8216.0
88,10812885444503.83,5613.0,1457.0,310.0,53.0,7433.0
89,11075512456140.352,5700.0,1377.0,297.0,40.0,7414.0
90,11344993776671.408,5624.0,1402.0,303.0,33.0,7362.0
91,11627795818815.33,5740.0,1293.0,260.0,34.0,7327.0
92,11916137350705.754,5526.0,1176.0,251.0,30.0,6983.0
93,12206903418339.664,5529.0,1129.0,204.0,35.0,6897.0
94,12512341209829.867,5290.0,1055.0,190.0,33.0,6568.0
95,12819892137495.06,5062.0,955.0,182.0,22.0,6221.0
96,13134324961360.123,5176.0,838.0,152.0,20.0,6186.0
97,13454172643029.814,4964.0,827.0,124.0,37.0,5952.0
98,13783656225059.855,5012.0,731.0,122.0,23.0,5888.0
99,14124648776475.426,4863.0,681.0,127.0,22.0,5693.0
100,14472025536261.492,4895.0,616.0,117.0,20.0,5648.0
101,14823836252373.918,4739.0,547.0,112.0,28.0,5426.0
102,15197716648531.012,4595.0,513.0,84.0,25.0,5217.0
103,15566446703910.615,4475.0,472.0,68.0,21.0,5036.0
104,15952266398929.049,4482.0,401.0,79.0,26.0,4988.0
105,16347939013035.38,4296.0,376.0,68.0,18.0,4758.0
106,16744937604191.475,4199.0,349.0,72.0,19.0,4639.0
107,17153817580803.135,4084.0,287.0,65.0,14.0,4450.0
108,17581390164752.871,4006.0,262.0,65.0,15.0,4348.0
109,18005468628969.79,3873.0,249.0,56.0,12.0,4190.0
110,18452452541493.777,3856.0,229.0,67.0,20.0,4172.0
111,18910428300865.8,3696.0,197.0,67.0,13.0,3973.0
112,19373609639233.37,3548.0,159.0,50.0,14.0,3771.0
113,19846899229074.89,3632.0,163.0,41.0,19.0,3855.0
114,20340771705095.36,3513.0,162.0,58.0,16.0,3749.0
115,20835522082018.926,3170.0,137.0,44.0,23.0,3374.0
116,21347772301933.875,3206.0,152.0,72.0,20.0,3450.0
117,21877395436073.773,3199.0,123.0,46.0,7.0,3375.0
118,22414173569396.145,3163.0,133.0,54.0,23.0,3373.0
119,22966959076600.21,2859.0,119.0,58.0,13.0,3049.0
120,23523714785040.195,2861.0,108.0,51.0,18.0,3038.0
121,24104857869865.504,2751.0,103.0,59.0,14.0,2927.0
122,24701033270321.36,2645.0,113.0,48.0,6.0,2812.0
123,25305142076502.73,2562.0,106.0,51.0,15.0,2734.0
124,25930130569546.688,2581.0,89.0,49.0,23.0,2742.0
125,26571730557737.63,2546.0,95.0,39.0,18.0,2698.0
126,27218665082108.902,2314.0,96.0,60.0,15.0,2485.0
127,27891568132346.54,2297.0,91.0,63.0,17.0,2468.0
128,28578623870660.96,2103.0,76.0,47.0,12.0,2238.0
129,29284340836012.863,2177.0,89.0,37.0,14.0,2317.0
130,30002450827653.36,2054.0,75.0,54.0,12.0,2195.0
131,30741198416625.434,2021.0,85.0,54.0,16.0,2176.0
132,31490910463300.363,1921.0,100.0,45.0,20.0,2086.0
133,32263829373650.11,1852.0,81.0,48.0,22.0,2003.0
134,33069952380952.383,1764.0,69.0,47.0,11.0,1891.0
135,33879819578827.547,1757.0,76.0,55.0,17.0,1905.0
136,34717691756272.402,1674.0,75.0,45.0,14.0,1808.0
137,35563452151573.54,1557.0,81.0,36.0,18.0,1692.0
138,36444266539440.2,1572.0,72.0,36.0,15.0,1695.0
139,37322281651997.29,1477.0,76.0,44.0,20.0,1617.0
140,38266987315010.57,1419.0,76.0,52.0,15.0,1562.0
141,39196717008797.66,1364.0,67.0,61.0,21.0,1513.0
142,40156415873015.875,1260.0,74.0,53.0,16.0,1403.0
143,41151445384615.38,1300.0,65.0,45.0,14.0,1424.0
144,42139153906866.62,1267.0,58.0,42.0,13.0,1380.0
145,43199664690939.88,1181.0,77.0,39.0,10.0,1307.0
146,44242437500000.0,1104.0,70.0,36.0,10.0,1220.0
147,45356596570397.11,1108.0,63.0,37.0,7.0,1215.0
148,46464094472361.81,995.0,64.0,40.0,8.0,1107.0
149,47608996975806.45,992.0,78.0,23.0,12.0,1105.0
150,48753674871794.875,975.0,62.0,35.0,18.0,1090.0
151,49973911111111.11,945.0,63.0,38.0,17.0,1063.0
152,51192834056399.13,922.0,62.0,29.0,14.0,1027.0
153,52440831626848.695,879.0,53.0,37.0,8.0,977.0
154,53758284883720.93,860.0,62.0,35.0,14.0,971.0
155,55064557055214.73,815.0,59.0,37.0,19.0,930.0
156,56434755279503.11,805.0,52.0,27.0,18.0,902.0
157,57814460797799.17,727.0,52.0,37.0,9.0,825.0
158,59245621502209.13,679.0,61.0,36.0,14.0,790.0
159,60717382126348.23,649.0,38.0,28.0,15.0,730.0
160,62187575503355.7,596.0,47.0,34.0,13.0,690.0
161,63721866666666.664,585.0,51.0,32.0,7.0,675.0
162,65278409574468.086,564.0,40.0,29.0,12.0,645.0
163,66905282051282.055,585.0,43.0,22.0,7.0,657.0
164,68527200389105.055,514.0,46.0,31.0,14.0,605.0
165,70187196998123.83,533.0,45.0,26.0,11.0,615.0
166,71935284569138.28,499.0,49.0,26.0,10.0,584.0
167,73720264642082.42,461.0,44.0,22.0,8.0,535.0
168,75513731481481.48,432.0,49.0,34.0,8.0,523.0
169,77391298672566.38,452.0,33.0,28.0,11.0,524.0
170,79306005420054.2,369.0,35.0,24.0,11.0,439.0
171,81221962765957.45,376.0,43.0,16.0,7.0,442.0
172,83236729857819.9,422.0,41.0,20.0,9.0,492.0
173,85261507002801.12,357.0,39.0,20.0,5.0,421.0
174,87404968390804.6,348.0,25.0,14.0,4.0,391.0
175,89501804216867.47,332.0,29.0,21.0,11.0,393.0
176,91720640845070.42,284.0,26.0,17.0,3.0,330.0
177,93943306620209.06,287.0,46.0,16.0,10.0,359.0
178,96343355263157.89,304.0,43.0,17.0,1.0,365.0
179,98698263779527.56,254.0,38.0,12.0,5.0,309.0
180,101159654676259.0,278.0,30.0,10.0,4.0,322.0
181,103493488372093.02,215.0,37.0,15.0,7.0,274.0
182,105995625000000.0,208.0,25.0,19.0,4.0,256.0
183,108681855203619.9,221.0,27.0,14.0,5.0,267.0
184,111447213930348.27,201.0,24.0,12.0,4.0,241.0
185,114075494505494.5,182.0,30.0,13.0,4.0,229.0
186,117035523809523.81,210.0,33.0,10.0,2.0,255.0
187,119961791907514.45,173.0,35.0,11.0,7.0,226.0
188,122764906832298.14,161.0,38.0,9.0,1.0,209.0
189,125932344827586.2,145.0,27.0,8.0,0.0,180.0
190,128961644736842.11,152.0,36.0,11.0,3.0,202.0
191,132127686567164.17,134.0,21.0,13.0,1.0,169.0
192,135161705426356.6,129.0,19.0,12.0,1.0,161.0
193,138539126984126.98,126.0,20.0,4.0,1.0,151.0
194,142095641025641.03,117.0,18.0,20.0,1.0,156.0
195,145643596491228.06,114.0,28.0,5.0,3.0,150.0
196,149028811881188.12,101.0,14.0,10.0,3.0,128.0
197,152752966101694.9,118.0,27.0,9.0,4.0,158.0
198,156587100000000.0,100.0,14.0,10.0,1.0,125.0
