,mass bin,1st Xoff,2nd Xoff,3rd Xoff,4th Xoff,full sample
0,1278132812500.0,2560.0,6952.0,11656.0,16190.0,37358.0
1,1309763575168.287,2674.0,7075.0,11691.0,15772.0,37212.0
2,1341947506764.5923,2587.0,7101.0,11579.0,15657.0,36924.0
3,1373876216009.192,2611.0,7085.0,11297.0,15446.0,36439.0
4,1405622074468.0852,2632.0,6949.0,11238.0,15119.0,35938.0
5,1437411267071.32,2636.0,7003.0,11065.0,14811.0,35515.0
6,1474790011160.7144,3584.0,9129.0,14335.0,18899.0,45947.0
7,1512242803598.201,2668.0,6776.0,10635.0,13577.0,33656.0
8,1549284275466.2842,3485.0,9042.0,13793.0,17620.0,43940.0
9,1586847152018.1064,2651.0,6862.0,10195.0,12604.0,32312.0
10,1624338545669.5242,3383.0,8817.0,13232.0,16219.0,41651.0
11,1666480653266.3315,3582.0,8717.0,12773.0,15552.0,40624.0
12,1709041976013.7065,3502.0,8712.0,12226.0,14744.0,39184.0
13,1751698434386.5642,3513.0,8452.0,11958.0,13791.0,37714.0
14,1794464428772.9197,3545.0,8244.0,11447.0,13093.0,36329.0
15,1836831397970.6877,3548.0,8224.0,11074.0,12398.0,35244.0
16,1879045424542.4543,3333.0,8014.0,10804.0,11863.0,34014.0
17,1927512690236.4785,4271.0,9642.0,13050.0,14104.0,41067.0
18,1975490173913.0435,3450.0,7830.0,9856.0,10771.0,31907.0
19,2023628214201.4626,4239.0,9420.0,11841.0,12524.0,38024.0
20,2071583916716.9583,3314.0,7343.0,9399.0,9353.0,29409.0
21,2119253725676.3171,4214.0,8927.0,11097.0,11139.0,35377.0
22,2172095135773.3176,4235.0,8791.0,10814.0,10454.0,34294.0
23,2225798576941.6304,4146.0,8563.0,10313.0,9901.0,32923.0
24,2283887150837.989,4833.0,9869.0,11592.0,11026.0,37320.0
25,2342793978805.395,4152.0,8354.0,9319.0,8666.0,30491.0
26,2396080154190.5,4021.0,7963.0,8880.0,8180.0,29044.0
27,2454710193285.8594,4915.0,9384.0,10292.0,9067.0,33658.0
28,2518709085186.7393,4766.0,8973.0,9794.0,8666.0,32199.0
29,2582579787924.6914,4621.0,8811.0,9600.0,8074.0,31106.0
30,2646166595289.079,4670.0,8584.0,8914.0,7480.0,29648.0
31,2710071886586.696,4585.0,8283.0,8320.0,7120.0,28308.0
32,2773818135854.0337,4549.0,8255.0,8240.0,6650.0,27694.0
33,2843056507168.125,5371.0,9211.0,9176.0,7144.0,30902.0
34,2912167408231.368,4495.0,7870.0,7368.0,5748.0,25481.0
35,2981670506737.5215,5269.0,8723.0,8282.0,6436.0,28710.0
36,3056694973241.5903,5232.0,8604.0,7990.0,6231.0,28057.0
37,3131380493054.197,5111.0,8499.0,7678.0,5633.0,26921.0
38,3205081814737.6396,5279.0,8301.0,7292.0,5206.0,26078.0
39,3285250691394.176,6147.0,9441.0,8094.0,5822.0,29504.0
40,3370581373215.4995,5884.0,9300.0,7810.0,5327.0,28321.0
41,3455146986115.8145,5906.0,8890.0,7648.0,5182.0,27626.0
42,3540425509358.953,6037.0,8873.0,7202.0,4864.0,26976.0
43,3626568683092.6084,5885.0,8637.0,6726.0,4647.0,25895.0
44,3711372326314.044,6031.0,8356.0,6454.0,4452.0,25293.0
45,3800849183610.5977,6492.0,9097.0,7341.0,4647.0,27577.0
46,3897418341013.8247,6510.0,8725.0,6924.0,4372.0,26531.0
47,3993845856353.5913,6335.0,8529.0,6516.0,4232.0,25612.0
48,4089387582861.762,6185.0,8233.0,6286.0,3810.0,24514.0
49,4189918060150.376,6650.0,8662.0,6451.0,4011.0,25774.0
50,4296586433433.592,6317.0,8299.0,6105.0,3842.0,24563.0
51,4402689815835.038,6353.0,7916.0,5773.0,3572.0,23614.0
52,4509731866730.432,6273.0,7523.0,5364.0,3279.0,22439.0
53,4621972863656.42,6799.0,7908.0,5652.0,3414.0,23773.0
54,4733516545669.424,5923.0,6940.0,4741.0,2939.0,20543.0
55,4844713085723.241,6381.0,7363.0,4931.0,2954.0,21629.0
56,4967860629806.995,6891.0,7533.0,5031.0,2960.0,22415.0
57,5089952251204.519,6019.0,6638.0,4405.0,2569.0,19631.0
58,5212080490438.001,6484.0,6950.0,4241.0,2578.0,20253.0
59,5340133026357.574,6298.0,6594.0,4045.0,2234.0,19171.0
60,5473680306711.206,6586.0,6729.0,4149.0,2197.0,19661.0
61,5612148449733.793,6386.0,6317.0,3932.0,2105.0,18740.0
62,5750293968305.304,6184.0,6183.0,3618.0,1866.0,17851.0
63,5888432894955.885,6007.0,5825.0,3399.0,1718.0,16949.0
64,6031963324048.282,6462.0,5796.0,3421.0,1690.0,17369.0
65,6181920894547.829,6126.0,5630.0,3110.0,1554.0,16420.0
66,6336279405034.325,6555.0,5754.0,3065.0,1554.0,16928.0
67,6490223172995.78,5925.0,5072.0,2792.0,1305.0,15094.0
68,6648907845579.078,6424.0,5460.0,2994.0,1334.0,16212.0
69,6814632361911.217,5902.0,4949.0,2539.0,1223.0,14613.0
70,6980935746084.089,6065.0,4855.0,2572.0,1094.0,14586.0
71,7150026086956.521,5888.0,4716.0,2435.0,1034.0,14073.0
72,7326549703478.121,6239.0,4843.0,2287.0,1051.0,14420.0
73,7507192986348.123,5860.0,4408.0,2250.0,873.0,13391.0
74,7693461913240.531,6178.0,4476.0,2223.0,952.0,13829.0
75,7884204814077.025,6024.0,4101.0,2032.0,807.0,12964.0
76,8075875666380.052,5815.0,3931.0,1857.0,723.0,12326.0
77,8274269828900.559,5903.0,3961.0,1824.0,699.0,12387.0
78,8481610350556.571,6019.0,3974.0,1759.0,636.0,12388.0
79,8688748307037.759,5641.0,3498.0,1594.0,612.0,11345.0
80,8902883846408.475,6042.0,3616.0,1595.0,535.0,11788.0
81,9119226591282.145,5483.0,3390.0,1453.0,501.0,10827.0
82,9345211463540.77,5801.0,3425.0,1398.0,480.0,11104.0
83,9577811592920.354,5650.0,3195.0,1393.0,432.0,10670.0
84,9814568635953.025,5535.0,3045.0,1296.0,390.0,10266.0
85,10051855473554.736,5691.0,2995.0,1256.0,338.0,10280.0
86,10295921763085.4,5445.0,2835.0,1032.0,291.0,9603.0
87,10553630372492.836,5584.0,2917.0,1101.0,323.0,9925.0
88,10814921146953.404,5301.0,2586.0,992.0,292.0,9171.0
89,11076304581710.258,5391.0,2553.0,896.0,250.0,9090.0
90,11345167979483.422,5459.0,2540.0,853.0,226.0,9078.0
91,11626287123287.672,5475.0,2491.0,877.0,225.0,9068.0
92,11914479349654.27,5351.0,2368.0,854.0,190.0,8763.0
93,12209722627737.227,5343.0,2258.0,747.0,149.0,8497.0
94,12513521043925.748,5441.0,2135.0,668.0,179.0,8423.0
95,12821629968823.07,5132.0,1991.0,663.0,154.0,7940.0
96,13136062995245.643,5048.0,1820.0,593.0,119.0,7580.0
97,13454104761904.762,5040.0,1744.0,531.0,118.0,7433.0
98,13784199695121.951,5248.0,1758.0,552.0,126.0,7684.0
99,14124796546248.512,5038.0,1630.0,510.0,101.0,7279.0
100,14470296535525.543,5109.0,1578.0,470.0,90.0,7247.0
101,14829533292358.123,4881.0,1531.0,466.0,83.0,6961.0
102,15194078835657.975,4947.0,1404.0,430.0,86.0,6867.0
103,15568929689129.98,4793.0,1358.0,348.0,65.0,6564.0
104,15948742910758.965,4796.0,1277.0,375.0,61.0,6509.0
105,16346795791281.941,4657.0,1225.0,303.0,59.0,6244.0
106,16742295973884.658,4595.0,1159.0,280.0,55.0,6089.0
107,17153196976241.9,4630.0,1111.0,248.0,40.0,6029.0
108,17576342360193.748,4542.0,1019.0,233.0,46.0,5840.0
109,18003581822252.07,4467.0,1003.0,223.0,40.0,5733.0
110,18453376993166.285,4390.0,931.0,223.0,37.0,5581.0
111,18909564440263.406,4252.0,904.0,167.0,27.0,5350.0
112,19375393370421.883,4314.0,813.0,178.0,30.0,5335.0
113,19845555045871.56,4360.0,740.0,191.0,25.0,5316.0
114,20339874851579.2,4211.0,681.0,131.0,29.0,5052.0
115,20842612965186.074,4165.0,601.0,127.0,25.0,4918.0
116,21351218359179.59,3998.0,623.0,137.0,35.0,4793.0
117,21876252206809.582,3965.0,533.0,125.0,32.0,4655.0
118,22415983632112.24,3849.0,487.0,96.0,25.0,4457.0
119,22966464351486.45,3801.0,448.0,91.0,24.0,4364.0
120,23531747862140.45,3859.0,411.0,105.0,27.0,4402.0
121,24107022558386.41,3768.0,421.0,93.0,23.0,4305.0
122,24698267933618.844,3736.0,366.0,69.0,18.0,4189.0
123,25308107480421.28,3703.0,336.0,75.0,26.0,4140.0
124,25929172018348.625,3488.0,281.0,82.0,24.0,3875.0
125,26568271096159.24,3567.0,258.0,81.0,15.0,3921.0
126,27220831149927.22,3435.0,251.0,72.0,10.0,3768.0
127,27890234152259.63,3297.0,242.0,59.0,20.0,3618.0
128,28578505856966.707,3244.0,218.0,59.0,17.0,3538.0
129,29278580309245.82,3169.0,193.0,59.0,15.0,3436.0
130,30011396840442.34,3165.0,191.0,62.0,31.0,3449.0
131,30739238429620.17,3133.0,171.0,54.0,28.0,3386.0
132,31494419736397.43,2959.0,143.0,57.0,23.0,3182.0
133,32269713220338.984,2950.0,152.0,54.0,7.0,3163.0
134,33055942273216.207,2789.0,126.0,72.0,11.0,2998.0
135,33882877798165.137,2725.0,120.0,64.0,18.0,2927.0
136,34716964657738.094,2688.0,116.0,61.0,21.0,2886.0
137,35565309837919.336,2653.0,122.0,52.0,27.0,2854.0
138,36443296281800.39,2555.0,120.0,60.0,21.0,2756.0
139,37330296881168.58,2533.0,128.0,53.0,17.0,2731.0
140,38250376692654.91,2437.0,111.0,51.0,25.0,2624.0
141,39191772823779.195,2355.0,107.0,51.0,21.0,2534.0
142,40150202824133.51,2337.0,102.0,66.0,22.0,2527.0
143,41143325675675.67,2220.0,106.0,63.0,24.0,2413.0
144,42157219241443.11,2162.0,112.0,60.0,18.0,2352.0
145,43179802601021.83,2153.0,125.0,57.0,13.0,2348.0
146,44258086802030.45,1970.0,102.0,65.0,9.0,2146.0
147,45341812685827.555,2018.0,97.0,57.0,27.0,2199.0
148,46462005128205.125,1950.0,102.0,49.0,16.0,2117.0
149,47604511245200.22,1823.0,93.0,55.0,23.0,1994.0
150,48770024116657.32,1783.0,88.0,40.0,23.0,1934.0
151,49969283286118.98,1765.0,78.0,53.0,31.0,1927.0
152,51208439299830.6,1771.0,88.0,55.0,19.0,1933.0
153,52449508554572.27,1695.0,85.0,55.0,21.0,1856.0
154,53744283086053.414,1685.0,76.0,52.0,18.0,1831.0
155,55076826086956.52,1541.0,84.0,56.0,25.0,1706.0
156,56406338699291.695,1553.0,85.0,54.0,15.0,1707.0
157,57815997345719.98,1507.0,94.0,49.0,23.0,1673.0
158,59255162585034.016,1470.0,82.0,52.0,32.0,1636.0
159,60713872507122.51,1404.0,86.0,54.0,23.0,1567.0
160,62178230826507.82,1343.0,63.0,41.0,18.0,1465.0
161,63717403413498.836,1289.0,98.0,52.0,20.0,1459.0
162,65291838354151.36,1361.0,87.0,51.0,23.0,1522.0
163,66893073604060.914,1182.0,71.0,41.0,31.0,1325.0
164,68530778156996.586,1172.0,81.0,53.0,30.0,1336.0
165,70223029384756.66,1089.0,86.0,53.0,23.0,1251.0
166,71960950774840.47,1097.0,74.0,41.0,23.0,1235.0
167,73734908239700.38,1068.0,94.0,46.0,10.0,1218.0
168,75523391304347.83,1035.0,78.0,50.0,21.0,1184.0
169,77382897177419.36,992.0,101.0,52.0,25.0,1170.0
170,79270721025641.03,975.0,76.0,37.0,21.0,1109.0
171,81247786026200.88,916.0,68.0,49.0,16.0,1049.0
172,83256842582106.45,883.0,76.0,42.0,18.0,1019.0
173,85244108866442.2,891.0,76.0,34.0,18.0,1019.0
174,87406153086419.75,810.0,73.0,47.0,25.0,955.0
175,89521593821510.3,874.0,66.0,35.0,16.0,991.0
176,91722618351063.83,752.0,70.0,51.0,15.0,888.0
177,94020908176100.62,795.0,69.0,50.0,21.0,935.0
178,96335529492455.42,729.0,54.0,41.0,11.0,835.0
179,98717374277456.64,692.0,58.0,51.0,15.0,816.0
180,101122276353276.36,702.0,61.0,44.0,17.0,824.0
181,103612727272727.27,649.0,51.0,33.0,21.0,754.0
182,106150539215686.28,612.0,63.0,28.0,12.0,715.0
183,108749003067484.66,652.0,52.0,30.0,17.0,751.0
184,111436992248062.02,645.0,47.0,37.0,29.0,758.0
185,114177517482517.48,572.0,74.0,28.0,12.0,686.0
186,116892294455066.92,523.0,48.0,34.0,4.0,609.0
187,119838726655348.05,589.0,63.0,30.0,12.0,694.0
188,122802153518123.67,469.0,63.0,29.0,8.0,569.0
189,125813862332695.98,523.0,50.0,31.0,10.0,614.0
190,128835104166666.67,480.0,58.0,22.0,14.0,574.0
191,132043372365339.58,427.0,54.0,36.0,12.0,529.0
192,135268714285714.28,420.0,57.0,19.0,8.0,504.0
193,138674382284382.28,429.0,54.0,27.0,12.0,522.0
194,142064629629629.62,378.0,56.0,31.0,8.0,473.0
195,145546342042755.34,421.0,58.0,29.0,10.0,518.0
196,149086695906432.75,342.0,51.0,26.0,12.0,431.0
197,152787065527065.53,351.0,51.0,28.0,8.0,438.0
198,156488469750889.7,281.0,59.0,27.0,10.0,377.0
