,mass bin,1st Xoff,2nd Xoff,3rd Xoff,4th Xoff,full sample
0,1277859767937.485,4223.0,10420.0,15303.0,17521.0,47467.0
1,1309918927815.6594,4253.0,10472.0,15086.0,17039.0,46850.0
2,1341741366041.366,4158.0,10221.0,14676.0,16711.0,45766.0
3,1373740812470.477,4234.0,10086.0,14311.0,16086.0,44717.0
4,1405702089692.416,4259.0,10059.0,14192.0,15309.0,43819.0
5,1437860489934.5137,4123.0,9938.0,13590.0,14851.0,42502.0
6,1475051907131.0117,5427.0,12972.0,17714.0,19003.0,55116.0
7,1511983669454.0088,4066.0,9798.0,12475.0,13532.0,39871.0
8,1549270493894.6602,5487.0,12445.0,16799.0,17305.0,52036.0
9,1586751028308.7346,4133.0,9254.0,11772.0,12259.0,37418.0
10,1623844721061.2393,5503.0,11961.0,15483.0,15682.0,48629.0
11,1666657259561.827,5386.0,11581.0,14838.0,14550.0,46355.0
12,1709238514285.7144,5250.0,11406.0,14227.0,13881.0,44764.0
13,1751902361454.961,5251.0,11312.0,13604.0,13032.0,43199.0
14,1794471895424.8367,5202.0,11018.0,13191.0,12332.0,41743.0
15,1837030170132.3252,5290.0,10831.0,12588.0,11401.0,40110.0
16,1879365505900.561,5169.0,10482.0,12089.0,11036.0,38776.0
17,1927498565121.4128,6342.0,12761.0,14575.0,12721.0,46399.0
18,1975446927029.8047,4865.0,9847.0,11008.0,9603.0,35323.0
19,2023128947368.4211,6118.0,12204.0,13301.0,11452.0,43075.0
20,2071361360347.3228,4837.0,9429.0,9987.0,8284.0,32537.0
21,2119287870753.9353,6035.0,11396.0,11949.0,9923.0,39303.0
22,2172060381177.2644,5929.0,11383.0,11466.0,9299.0,38077.0
23,2225399557304.476,6099.0,11016.0,11101.0,8643.0,36859.0
24,2284049820014.399,6945.0,12501.0,12492.0,9745.0,41683.0
25,2342674458283.5693,5861.0,10268.0,9892.0,7490.0,33511.0
26,2396100329232.3687,5771.0,10076.0,9567.0,6879.0,32293.0
27,2454461576354.6797,7105.0,11840.0,10798.0,7964.0,37707.0
28,2518312884396.3555,7024.0,11572.0,10364.0,7402.0,36362.0
29,2582643000429.861,6979.0,11274.0,10064.0,6766.0,35083.0
30,2646666549394.8774,7106.0,10982.0,9605.0,6522.0,34215.0
31,2709673434832.1,7028.0,10962.0,9198.0,5991.0,33179.0
32,2774111713091.922,7180.0,10880.0,8915.0,5604.0,32579.0
33,2843383141668.7056,8174.0,12233.0,9927.0,6285.0,36619.0
34,2912286896844.4883,7067.0,10323.0,8128.0,4971.0,30489.0
35,2981454290674.603,8064.0,11736.0,9233.0,5444.0,34477.0
36,3056143964768.639,8061.0,11209.0,8761.0,5261.0,33292.0
37,3130690020010.005,7996.0,10733.0,8353.0,4873.0,31955.0
38,3204959497133.924,7676.0,10443.0,7774.0,4526.0,30419.0
39,3285298631854.9766,8771.0,11312.0,8689.0,4959.0,33731.0
40,3370285295854.494,8467.0,10904.0,7902.0,4428.0,31701.0
41,3455606183597.947,8377.0,10452.0,7362.0,4330.0,30521.0
42,3540481996993.235,7982.0,9932.0,6905.0,3942.0,28761.0
43,3626035612968.592,7896.0,9589.0,6577.0,3490.0,27552.0
44,3711079353680.4307,7798.0,9178.0,6062.0,3259.0,26297.0
45,3801268495742.668,8456.0,9739.0,6117.0,3262.0,27574.0
46,3897664884938.512,8213.0,9278.0,5966.0,2991.0,26448.0
47,3993121724388.4717,8258.0,8763.0,5436.0,2879.0,25336.0
48,4088950888860.4683,7819.0,8162.0,5129.0,2558.0,23668.0
49,4190117761498.7393,8327.0,8667.0,5344.0,2520.0,24858.0
50,4296856637384.09,8196.0,8383.0,4818.0,2377.0,23774.0
51,4403105343895.386,7953.0,7771.0,4565.0,2155.0,22444.0
52,4510190473796.657,7957.0,7417.0,4121.0,1967.0,21462.0
53,4621627667508.722,8313.0,7780.0,4315.0,1929.0,22337.0
54,4733316302132.862,7361.0,6722.0,3542.0,1524.0,19149.0
55,4845607806882.383,7788.0,6883.0,3568.0,1573.0,19812.0
56,4968030157759.569,8177.0,7096.0,3770.0,1502.0,20545.0
57,5090066386785.96,7265.0,6106.0,3028.0,1213.0,17612.0
58,5212175735010.913,7789.0,6377.0,3231.0,1248.0,18645.0
59,5340751787387.87,7469.0,5990.0,2909.0,1077.0,17445.0
60,5473208741080.53,7848.0,6194.0,2733.0,1098.0,17873.0
61,5611885776805.252,7769.0,5769.0,2906.0,965.0,17409.0
62,5750340941397.345,7457.0,5445.0,2455.0,849.0,16206.0
63,5888521280133.001,7218.0,5111.0,2302.0,711.0,15342.0
64,6032728007812.5,7680.0,5212.0,2304.0,688.0,15884.0
65,6181351508972.268,7356.0,4974.0,2078.0,646.0,15054.0
66,6335977945459.359,7554.0,4957.0,2097.0,652.0,15260.0
67,6491220057803.468,6920.0,4269.0,1820.0,517.0,13526.0
68,6649699320083.682,7648.0,4704.0,1874.0,518.0,14744.0
69,6816111297312.915,6922.0,4104.0,1593.0,435.0,13054.0
70,6979367429359.0625,7255.0,4094.0,1539.0,437.0,13325.0
71,7150938212546.548,6982.0,3859.0,1427.0,377.0,12645.0
72,7325896272493.573,7002.0,3894.0,1314.0,361.0,12571.0
73,7507991107210.765,6837.0,3696.0,1245.0,272.0,12050.0
74,7693660799319.728,7056.0,3445.0,1223.0,307.0,12031.0
75,7885533914813.199,6879.0,3333.0,1060.0,235.0,11507.0
76,8077222708555.742,6557.0,3121.0,1009.0,232.0,10919.0
77,8273293415514.131,6652.0,3182.0,967.0,211.0,11012.0
78,8480802692706.021,6759.0,2970.0,958.0,211.0,10898.0
79,8689938608000.0,6250.0,2660.0,850.0,139.0,9899.0
80,8901569670893.72,6624.0,2794.0,802.0,164.0,10384.0
81,9120938256227.758,6182.0,2361.0,688.0,125.0,9356.0
82,9344015186202.686,6552.0,2415.0,717.0,129.0,9813.0
83,9578668801155.514,6231.0,2314.0,616.0,107.0,9268.0
84,9812145622353.938,5905.0,2102.0,517.0,93.0,8617.0
85,10051483722076.215,6088.0,2128.0,506.0,65.0,8787.0
86,10296119484046.164,5892.0,1874.0,471.0,71.0,8308.0
87,10551863013698.63,6132.0,1938.0,473.0,72.0,8615.0
88,10812922057541.412,5735.0,1605.0,354.0,67.0,7761.0
89,11074475138121.547,5792.0,1594.0,346.0,65.0,7797.0
90,11344208254838.156,5839.0,1541.0,381.0,48.0,7809.0
91,11626691943127.963,5697.0,1494.0,307.0,47.0,7545.0
92,11914624119877.234,5539.0,1336.0,283.0,51.0,7209.0
93,12207933926981.3,5615.0,1223.0,275.0,29.0,7142.0
94,12512560723981.9,5525.0,1207.0,265.0,38.0,7035.0
95,12819481432858.215,5332.0,1053.0,198.0,39.0,6622.0
96,13133186704653.371,5265.0,1020.0,187.0,44.0,6516.0
97,13454469248734.916,5138.0,903.0,152.0,18.0,6211.0
98,13784033597219.541,5179.0,811.0,154.0,31.0,6175.0
99,14125841237942.123,4976.0,825.0,158.0,20.0,5979.0
100,14468986178861.79,4920.0,733.0,131.0,18.0,5802.0
101,14828574642126.79,4890.0,676.0,157.0,26.0,5749.0
102,15194235839124.025,4749.0,626.0,109.0,36.0,5520.0
103,15568167441860.465,4730.0,530.0,112.0,15.0,5387.0
104,15951213227399.613,4657.0,475.0,99.0,19.0,5250.0
105,16344854704693.465,4453.0,446.0,79.0,17.0,4995.0
106,16744542691104.158,4474.0,391.0,103.0,20.0,4988.0
107,17155407210538.479,4327.0,383.0,79.0,21.0,4810.0
108,17573341619318.182,4224.0,314.0,72.0,14.0,4624.0
109,18006223537769.36,4223.0,308.0,56.0,15.0,4602.0
110,18453695500000.0,4000.0,300.0,55.0,13.0,4368.0
111,18910188116308.47,3955.0,254.0,81.0,20.0,4310.0
112,19376840040753.95,3926.0,213.0,67.0,19.0,4225.0
113,19847747814569.535,3775.0,198.0,46.0,22.0,4041.0
114,20338761050093.758,3733.0,171.0,65.0,18.0,3987.0
115,20835615584415.586,3465.0,198.0,61.0,20.0,3744.0
116,21345708393423.71,3467.0,179.0,69.0,18.0,3733.0
117,21877836310395.316,3415.0,136.0,68.0,16.0,3635.0
118,22414767612076.85,3279.0,124.0,59.0,19.0,3481.0
119,22966611912225.707,3190.0,107.0,56.0,16.0,3369.0
120,23528159495308.96,3091.0,127.0,68.0,21.0,3307.0
121,24108181606131.29,3001.0,121.0,61.0,19.0,3202.0
122,24691100948509.484,2952.0,108.0,44.0,18.0,3122.0
123,25301209752599.496,2789.0,112.0,47.0,17.0,2965.0
124,25929717840735.07,2612.0,106.0,55.0,18.0,2791.0
125,26568707554225.88,2674.0,97.0,60.0,19.0,2850.0
126,27217275167785.234,2533.0,111.0,50.0,22.0,2716.0
127,27896267600000.0,2500.0,104.0,53.0,13.0,2670.0
128,28582664398128.457,2351.0,95.0,53.0,16.0,2515.0
129,29285883503779.457,2249.0,104.0,41.0,16.0,2410.0
130,29999886983289.36,2274.0,90.0,50.0,14.0,2428.0
131,30740277404921.7,2235.0,122.0,54.0,11.0,2422.0
132,31490673095014.11,2126.0,79.0,44.0,15.0,2264.0
133,32267976521322.473,2087.0,72.0,52.0,24.0,2235.0
134,33060394600207.684,1926.0,95.0,41.0,18.0,2080.0
135,33876293156281.92,1958.0,79.0,44.0,12.0,2093.0
136,34707098204857.445,1894.0,94.0,42.0,10.0,2040.0
137,35564978009259.26,1728.0,79.0,51.0,32.0,1890.0
138,36425099940511.6,1681.0,83.0,44.0,16.0,1824.0
139,37329973766396.0,1601.0,78.0,70.0,20.0,1769.0
140,38252445356917.24,1583.0,87.0,38.0,23.0,1731.0
141,39183802096177.555,1622.0,87.0,54.0,17.0,1780.0
142,40141579985905.57,1419.0,89.0,57.0,11.0,1576.0
143,41143745098039.22,1377.0,82.0,41.0,19.0,1519.0
144,42147218398876.41,1424.0,75.0,45.0,20.0,1564.0
145,43207829178885.63,1364.0,87.0,44.0,24.0,1519.0
146,44270925431711.15,1274.0,79.0,60.0,19.0,1432.0
147,45333390378548.9,1268.0,72.0,50.0,16.0,1406.0
148,46463530072173.22,1247.0,84.0,47.0,18.0,1396.0
149,47571670675300.65,1081.0,69.0,43.0,20.0,1213.0
150,48749068444444.445,1125.0,66.0,40.0,9.0,1240.0
151,49986160275319.57,1017.0,70.0,33.0,14.0,1134.0
152,51205606621226.875,1027.0,75.0,32.0,14.0,1148.0
153,52439271543086.17,998.0,85.0,45.0,12.0,1140.0
154,53773054054054.055,962.0,88.0,46.0,10.0,1106.0
155,55075378407851.69,917.0,60.0,28.0,13.0,1018.0
156,56434941436464.086,905.0,74.0,39.0,12.0,1030.0
157,57796388888888.89,846.0,69.0,27.0,11.0,953.0
158,59232794437726.73,827.0,53.0,42.0,9.0,931.0
159,60685937172774.87,764.0,58.0,34.0,16.0,872.0
160,62169528467153.28,685.0,55.0,29.0,9.0,778.0
161,63699965204236.01,661.0,47.0,37.0,14.0,759.0
162,65265560830860.53,674.0,55.0,28.0,4.0,761.0
163,66892836206896.555,696.0,59.0,28.0,11.0,794.0
164,68506268656716.414,603.0,69.0,40.0,11.0,723.0
165,70202754180602.01,598.0,50.0,30.0,18.0,696.0
166,71958787021630.61,601.0,46.0,26.0,12.0,685.0
167,73725592128801.44,559.0,55.0,21.0,6.0,641.0
168,75484630350194.55,514.0,48.0,39.0,15.0,616.0
169,77412625742574.25,505.0,47.0,32.0,6.0,590.0
170,79272503018108.66,497.0,55.0,19.0,14.0,585.0
171,81248217798594.84,427.0,49.0,20.0,8.0,504.0
172,83286939879759.52,499.0,50.0,24.0,10.0,583.0
173,85307818401937.05,413.0,48.0,24.0,8.0,493.0
174,87366237974683.55,395.0,56.0,30.0,6.0,487.0
175,89518126213592.23,412.0,49.0,32.0,7.0,500.0
176,91744305343511.45,393.0,30.0,16.0,16.0,455.0
177,94007572271386.44,339.0,46.0,19.0,7.0,411.0
178,96307755485893.42,319.0,39.0,23.0,10.0,391.0
179,98685084302325.58,344.0,34.0,22.0,8.0,408.0
180,101082064516129.03,310.0,42.0,23.0,6.0,381.0
181,103578000000000.0,290.0,41.0,13.0,7.0,351.0
182,106133674911660.78,283.0,30.0,19.0,5.0,337.0
183,108747426160337.55,237.0,33.0,11.0,4.0,285.0
184,111455126050420.17,238.0,37.0,8.0,5.0,288.0
185,114193320895522.39,268.0,28.0,15.0,5.0,316.0
186,116990122950819.67,244.0,42.0,11.0,5.0,302.0
187,119874123711340.2,194.0,36.0,16.0,8.0,254.0
188,122697715736040.61,197.0,25.0,19.0,4.0,245.0
189,125786912442396.31,217.0,31.0,18.0,5.0,271.0
190,128820972972972.97,185.0,26.0,9.0,4.0,224.0
191,132046107382550.33,149.0,32.0,9.0,6.0,196.0
192,135271952662721.89,169.0,25.0,12.0,4.0,210.0
193,138751847826086.95,184.0,41.0,11.0,7.0,243.0
194,142110289855072.47,138.0,32.0,7.0,2.0,179.0
195,145682521739130.44,115.0,32.0,10.0,7.0,164.0
196,149223559322033.9,118.0,29.0,8.0,5.0,160.0
197,152629699248120.3,133.0,30.0,10.0,1.0,174.0
198,156557024793388.44,121.0,29.0,14.0,3.0,167.0
