,mass bin,1st Xoff,2nd Xoff,3rd Xoff,4th Xoff,full sample
0,1277912428535.9185,4023.0,10161.0,14973.0,17745.0,46902.0
1,1309755890549.7847,3947.0,10108.0,14837.0,17190.0,46082.0
2,1341633914581.754,3957.0,10086.0,14796.0,16778.0,45617.0
3,1373738334565.1638,4059.0,9932.0,14244.0,16331.0,44566.0
4,1405765282051.282,3900.0,9684.0,14178.0,15703.0,43465.0
5,1437624810892.587,3966.0,9935.0,13531.0,15270.0,42702.0
6,1474623969120.6929,5311.0,12638.0,17364.0,19626.0,54939.0
7,1512360883514.314,4052.0,9421.0,12767.0,13991.0,40231.0
8,1549424257713.9531,5153.0,12257.0,16292.0,17790.0,51492.0
9,1586807399846.8997,3919.0,9018.0,11794.0,12696.0,37427.0
10,1624172085354.0251,5155.0,11665.0,15294.0,16091.0,48205.0
11,1666543177349.5872,5086.0,11725.0,14898.0,14983.0,46692.0
12,1709144952157.7817,5121.0,11398.0,14060.0,14453.0,45032.0
13,1751600693893.735,5044.0,11077.0,13502.0,13343.0,42966.0
14,1794391414342.6294,5020.0,10796.0,12911.0,12762.0,41489.0
15,1836804378674.2349,4933.0,10518.0,12516.0,12019.0,39986.0
16,1879557888275.0154,4887.0,10170.0,11858.0,11362.0,38277.0
17,1927661882817.643,6076.0,12411.0,14353.0,13217.0,46057.0
18,1975576926147.7046,5010.0,9800.0,11007.0,9818.0,35635.0
19,2022876545733.2651,5871.0,11860.0,13311.0,11653.0,42695.0
20,2071298302277.4326,4830.0,9250.0,10128.0,8795.0,33003.0
21,2119093626784.5002,5884.0,11333.0,12145.0,10398.0,39760.0
22,2172677317452.0974,5793.0,10806.0,11412.0,9836.0,37847.0
23,2225605003486.7505,5736.0,10863.0,11021.0,9135.0,36755.0
24,2283755958083.8325,6680.0,12398.0,12587.0,9994.0,41659.0
25,2342629224926.6357,5793.0,10050.0,10059.0,7672.0,33574.0
26,2396238555735.638,5553.0,9756.0,9551.0,7212.0,32072.0
27,2454595164702.327,6618.0,11633.0,11030.0,8262.0,37543.0
28,2518466741171.2114,6711.0,11176.0,10533.0,7671.0,36091.0
29,2582526870093.3193,6751.0,11163.0,10015.0,7206.0,35135.0
30,2646270603203.1133,6681.0,10821.0,9627.0,6652.0,33781.0
31,2710291104608.632,6835.0,10535.0,9023.0,6371.0,32764.0
32,2774278754955.2197,6811.0,10323.0,9021.0,5959.0,32114.0
33,2843364554901.7153,7987.0,12008.0,10226.0,6477.0,36698.0
34,2912736443978.43,6676.0,10074.0,8354.0,5168.0,30272.0
35,2981526739356.1787,7704.0,11597.0,9248.0,5710.0,34259.0
36,3055895619239.995,7921.0,11201.0,8942.0,5508.0,33572.0
37,3130795659563.342,7649.0,10882.0,8480.0,5141.0,32152.0
38,3205586344845.9795,7499.0,10421.0,8108.0,4774.0,30802.0
39,3285264105275.526,8511.0,11564.0,8936.0,5324.0,34335.0
40,3370616816492.868,8343.0,11021.0,8336.0,4743.0,32443.0
41,3455701707197.249,8142.0,10490.0,7832.0,4497.0,30961.0
42,3540525872715.816,7935.0,10077.0,7192.0,4183.0,29387.0
43,3626005442804.428,7588.0,9828.0,6801.0,3810.0,28027.0
44,3711804107072.5625,7621.0,9045.0,6450.0,3491.0,26607.0
45,3801273714150.2725,8438.0,9894.0,6714.0,3652.0,28698.0
46,3897341754691.1895,8047.0,9508.0,6242.0,3420.0,27217.0
47,3992716645728.643,7960.0,8810.0,5868.0,3183.0,25821.0
48,4088853411405.2954,7856.0,8725.0,5433.0,2854.0,24868.0
49,4190236009732.36,8220.0,8767.0,5497.0,2910.0,25394.0
50,4296224723430.702,8045.0,8413.0,5166.0,2599.0,24223.0
51,4402844714926.329,7805.0,8055.0,4838.0,2396.0,23094.0
52,4509742149508.536,7732.0,7630.0,4521.0,2222.0,22105.0
53,4622035959990.241,8198.0,8021.0,4573.0,2215.0,23007.0
54,4733513628595.842,7022.0,6825.0,3916.0,1735.0,19498.0
55,4845023274519.9795,7708.0,7225.0,3991.0,1882.0,20806.0
56,4967259496510.469,8024.0,7302.0,3974.0,1719.0,21019.0
57,5090014789892.887,7282.0,6363.0,3360.0,1455.0,18460.0
58,5212859833759.591,7820.0,6596.0,3355.0,1433.0,19204.0
59,5340023198474.322,7341.0,6293.0,3098.0,1329.0,18061.0
60,5474233207784.056,7965.0,6511.0,3185.0,1252.0,18913.0
61,5612027531522.163,7693.0,6107.0,2935.0,1210.0,17945.0
62,5751170101419.878,7395.0,5803.0,2613.0,974.0,16785.0
63,5889711862280.457,7174.0,5364.0,2592.0,959.0,16089.0
64,6031949436997.319,7460.0,5478.0,2556.0,881.0,16375.0
65,6180823002586.09,7347.0,5193.0,2290.0,794.0,15624.0
66,6335837302313.423,7651.0,5186.0,2300.0,867.0,16004.0
67,6489546101051.402,6848.0,4546.0,1916.0,648.0,13958.0
68,6650366851558.373,7572.0,4903.0,2045.0,644.0,15164.0
69,6814641486603.284,6942.0,4286.0,1832.0,555.0,13615.0
70,6979180245519.966,7087.0,4452.0,1687.0,538.0,13764.0
71,7151708979356.143,6927.0,4116.0,1668.0,498.0,13209.0
72,7325460418128.245,7127.0,4110.0,1579.0,465.0,13281.0
73,7507276422879.909,7028.0,3869.0,1462.0,383.0,12742.0
74,7692961528716.216,7104.0,3878.0,1403.0,386.0,12771.0
75,7884302325581.3955,6837.0,3720.0,1279.0,311.0,12147.0
76,8076330527752.502,6594.0,3381.0,1173.0,309.0,11457.0
77,8274771004327.712,6701.0,3313.0,1131.0,288.0,11433.0
78,8481467165071.7705,6688.0,3298.0,1145.0,284.0,11415.0
79,8688317413329.112,6317.0,2892.0,936.0,204.0,10349.0
80,8902735926807.498,6722.0,3073.0,977.0,204.0,10976.0
81,9120018919782.678,6258.0,2704.0,861.0,180.0,10003.0
82,9344046479962.865,6463.0,2748.0,858.0,165.0,10234.0
83,9578732269063.855,6452.0,2710.0,753.0,171.0,10086.0
84,9811893217085.266,6251.0,2312.0,671.0,135.0,9369.0
85,10050119163653.514,6361.0,2383.0,679.0,136.0,9559.0
86,10296901346801.348,5940.0,2201.0,567.0,105.0,8813.0
87,10552734842488.523,6317.0,2062.0,561.0,98.0,9038.0
88,10812838401390.096,5755.0,1947.0,494.0,80.0,8276.0
89,11073395656599.932,5894.0,1879.0,420.0,73.0,8266.0
90,11346932608695.652,5980.0,1746.0,404.0,62.0,8192.0
91,11628892161757.363,6009.0,1726.0,402.0,57.0,8194.0
92,11915878427947.598,5725.0,1479.0,374.0,50.0,7628.0
93,12209179276603.18,5723.0,1538.0,338.0,58.0,7657.0
94,12512058320237.47,5727.0,1429.0,328.0,41.0,7525.0
95,12820564051094.89,5480.0,1258.0,266.0,45.0,7049.0
96,13135778451921.309,5439.0,1242.0,248.0,38.0,6967.0
97,13453544653123.803,5218.0,1124.0,242.0,35.0,6619.0
98,13784781968721.252,5435.0,1098.0,218.0,25.0,6776.0
99,14126329452185.531,5239.0,942.0,179.0,31.0,6391.0
100,14470210526315.79,5149.0,893.0,184.0,29.0,6255.0
101,14828770693297.484,5207.0,836.0,146.0,23.0,6212.0
102,15195851822025.367,4967.0,772.0,154.0,20.0,5913.0
103,15569179570990.807,4895.0,686.0,123.0,21.0,5725.0
104,15949899130074.564,4828.0,672.0,117.0,22.0,5639.0
105,16343879030558.482,4745.0,598.0,120.0,22.0,5485.0
106,16742594503171.248,4730.0,547.0,103.0,31.0,5411.0
107,17154079690949.227,4530.0,501.0,115.0,25.0,5171.0
108,17578426547863.834,4377.0,472.0,95.0,25.0,4969.0
109,18005326475243.047,4423.0,382.0,86.0,23.0,4914.0
110,18452756873437.855,4401.0,396.0,79.0,23.0,4899.0
111,18913770000000.0,4200.0,341.0,81.0,15.0,4637.0
112,19374329511465.6,4012.0,308.0,85.0,12.0,4417.0
113,19847330693069.31,4040.0,286.0,77.0,22.0,4425.0
114,20337937148447.055,4089.0,226.0,92.0,22.0,4429.0
115,20841690828786.7,3849.0,222.0,49.0,19.0,4139.0
116,21349955775931.387,3731.0,190.0,62.0,16.0,3999.0
117,21879609616951.914,3681.0,176.0,75.0,30.0,3962.0
118,22415649262202.043,3524.0,161.0,49.0,21.0,3755.0
119,22962364248098.305,3418.0,138.0,64.0,26.0,3646.0
120,23523316004672.9,3424.0,153.0,67.0,20.0,3664.0
121,24109561187762.45,3334.0,123.0,44.0,24.0,3525.0
122,24694461273126.37,3189.0,133.0,71.0,24.0,3417.0
123,25304516169942.93,3154.0,137.0,48.0,20.0,3359.0
124,25932599933155.082,2992.0,121.0,55.0,19.0,3187.0
125,26569599864590.387,2954.0,99.0,55.0,17.0,3125.0
126,27219646453900.71,2820.0,118.0,61.0,18.0,3017.0
127,27894201495194.02,2809.0,120.0,50.0,18.0,2997.0
128,28574866976024.75,2586.0,116.0,62.0,18.0,2782.0
129,29280643678160.918,2523.0,113.0,58.0,19.0,2713.0
130,30005986773547.094,2495.0,117.0,54.0,19.0,2685.0
131,30730590593047.035,2445.0,101.0,55.0,19.0,2620.0
132,31491892505353.32,2335.0,116.0,54.0,23.0,2528.0
133,32265776536312.848,2327.0,93.0,52.0,13.0,2485.0
134,33069989130434.78,2116.0,105.0,48.0,24.0,2293.0
135,33879186591654.945,2133.0,96.0,64.0,13.0,2306.0
136,34710246445497.63,2110.0,87.0,55.0,20.0,2272.0
137,35574188821752.266,1986.0,108.0,46.0,20.0,2160.0
138,36427781847133.76,1884.0,91.0,50.0,23.0,2048.0
139,37321567379679.14,1870.0,73.0,56.0,18.0,2017.0
140,38252724517906.336,1815.0,78.0,56.0,27.0,1976.0
141,39188951511694.24,1753.0,80.0,56.0,23.0,1912.0
142,40153120903954.805,1770.0,76.0,64.0,26.0,1936.0
143,41141087686567.164,1608.0,84.0,54.0,20.0,1766.0
144,42149136363636.37,1562.0,79.0,61.0,25.0,1727.0
145,43191014426229.51,1525.0,80.0,54.0,26.0,1685.0
146,44268022448979.59,1470.0,72.0,38.0,18.0,1598.0
147,45340890645586.3,1518.0,78.0,39.0,17.0,1652.0
148,46460589169675.09,1385.0,100.0,39.0,17.0,1541.0
149,47601825680933.85,1285.0,71.0,62.0,18.0,1436.0
150,48780007258064.516,1240.0,86.0,52.0,20.0,1398.0
151,49972371666666.664,1200.0,89.0,55.0,16.0,1360.0
152,51200292642140.47,1196.0,78.0,53.0,13.0,1340.0
153,52438157466063.35,1105.0,67.0,38.0,16.0,1226.0
154,53752063829787.234,1128.0,75.0,41.0,16.0,1260.0
155,55060447955390.336,1076.0,69.0,38.0,19.0,1202.0
156,56411257004830.914,1035.0,83.0,40.0,16.0,1174.0
157,57809768172888.016,1018.0,74.0,61.0,14.0,1167.0
158,59247725893824.484,923.0,67.0,48.0,17.0,1055.0
159,60692596174282.68,941.0,61.0,40.0,12.0,1054.0
160,62195323671497.586,828.0,65.0,42.0,12.0,947.0
161,63730531059683.31,821.0,76.0,43.0,23.0,963.0
162,65280942748091.6,786.0,74.0,36.0,20.0,916.0
163,66881233291298.87,793.0,58.0,41.0,15.0,907.0
164,68509064814814.81,756.0,75.0,40.0,14.0,885.0
165,70207189560439.56,728.0,61.0,32.0,10.0,831.0
166,71930801136363.64,704.0,52.0,34.0,13.0,803.0
167,73713027027027.03,666.0,68.0,43.0,13.0,790.0
168,75562655712050.08,639.0,45.0,38.0,14.0,736.0
169,77391354267310.78,621.0,60.0,24.0,8.0,713.0
170,79310268533772.66,607.0,66.0,41.0,6.0,720.0
171,81203637755102.05,588.0,45.0,29.0,12.0,674.0
172,83224217948717.95,546.0,53.0,29.0,9.0,637.0
173,85279927203065.14,522.0,51.0,27.0,14.0,614.0
174,87365541922290.39,489.0,60.0,26.0,13.0,588.0
175,89568877118644.06,472.0,47.0,26.0,11.0,556.0
176,91726354211663.06,463.0,38.0,28.0,17.0,546.0
177,94001127753303.97,454.0,48.0,25.0,6.0,533.0
178,96303204225352.11,426.0,55.0,17.0,15.0,513.0
179,98712238341968.9,386.0,38.0,30.0,11.0,465.0
180,101090829145728.64,398.0,54.0,26.0,5.0,483.0
181,103582268041237.11,388.0,40.0,30.0,10.0,468.0
182,106198776758409.78,327.0,37.0,14.0,9.0,387.0
183,108708093841642.23,341.0,43.0,23.0,11.0,418.0
184,111377375415282.39,301.0,50.0,15.0,6.0,372.0
185,114165901060070.67,283.0,47.0,23.0,6.0,359.0
186,116934407407407.4,270.0,48.0,17.0,5.0,340.0
187,119813242320819.11,293.0,33.0,15.0,6.0,347.0
188,122787420634920.64,252.0,26.0,18.0,6.0,302.0
189,125757125984251.97,254.0,35.0,10.0,3.0,302.0
190,128833833992094.86,253.0,29.0,16.0,5.0,303.0
191,131976218487394.95,238.0,36.0,13.0,2.0,289.0
192,135311513761467.89,218.0,35.0,18.0,6.0,277.0
193,138716872246696.03,227.0,37.0,11.0,5.0,280.0
194,142107500000000.0,176.0,43.0,15.0,3.0,237.0
195,145454850000000.0,200.0,38.0,16.0,7.0,261.0
196,149094497041420.12,169.0,38.0,14.0,5.0,226.0
197,152760893854748.6,179.0,31.0,10.0,4.0,224.0
198,156531824817518.25,137.0,34.0,7.0,5.0,183.0
