,mass bin,1st Xoff,2nd Xoff,3rd Xoff,4th Xoff,full sample
0,1278086382497.171,2651.0,7221.0,11968.0,15866.0,37706.0
1,1309739325842.6965,2670.0,7076.0,11946.0,15933.0,37625.0
2,1341978542658.367,2731.0,7337.0,11746.0,15539.0,37353.0
3,1373819676351.5999,2719.0,7241.0,11595.0,15427.0,36982.0
4,1405613728995.352,2797.0,7092.0,11352.0,15176.0,36417.0
5,1437285613644.7905,2697.0,7049.0,11117.0,14779.0,35642.0
6,1474753165969.3167,3585.0,9636.0,14465.0,19021.0,46707.0
7,1512254727793.6963,2792.0,6876.0,10712.0,13615.0,33995.0
8,1549293300519.5515,3657.0,9350.0,13891.0,17544.0,44442.0
9,1586919145957.2979,2857.0,6924.0,10026.0,12567.0,32374.0
10,1623727760947.3975,3631.0,8888.0,13116.0,16068.0,41703.0
11,1666543736017.897,3576.0,8804.0,12783.0,15431.0,40594.0
12,1709349010989.011,3640.0,8671.0,12222.0,14642.0,39175.0
13,1751743579766.5369,3598.0,8586.0,11854.0,13853.0,37891.0
14,1794316916250.6934,3606.0,8489.0,11350.0,13200.0,36645.0
15,1836968621947.7969,3563.0,8347.0,11060.0,12419.0,35389.0
16,1879404772413.7932,3625.0,8115.0,10546.0,11964.0,34250.0
17,1927519646139.7058,4352.0,9818.0,12827.0,14204.0,41201.0
18,1975432833669.6455,3469.0,7686.0,9893.0,10561.0,31609.0
19,2022926593052.68,4347.0,9490.0,12074.0,12281.0,38192.0
20,2071103419565.8638,3363.0,7418.0,9107.0,9512.0,29400.0
21,2119071078897.3384,4208.0,9054.0,10994.0,11268.0,35524.0
22,2172198680800.9424,4245.0,8674.0,10787.0,10666.0,34372.0
23,2225687491047.983,4189.0,8608.0,9934.0,9983.0,32714.0
24,2284136017453.3916,5042.0,9987.0,11652.0,11205.0,37886.0
25,2343106940441.883,4164.0,8196.0,9434.0,8700.0,30494.0
26,2396184481915.9336,4092.0,7864.0,8943.0,8412.0,29311.0
27,2454107283260.9146,4833.0,9446.0,10364.0,9346.0,33989.0
28,2518416511675.9663,4839.0,8983.0,9849.0,8797.0,32468.0
29,2582633354564.756,4710.0,8724.0,9285.0,8336.0,31055.0
30,2645933239436.6196,4615.0,8614.0,8958.0,7750.0,29937.0
31,2710484464976.3643,4654.0,8416.0,8569.0,7131.0,28770.0
32,2774068006016.33,4654.0,7986.0,8105.0,6762.0,27507.0
33,2843067773771.1143,5269.0,9200.0,9121.0,7403.0,30993.0
34,2912474747701.2783,4459.0,7697.0,7324.0,5957.0,25437.0
35,2981945202845.6064,5201.0,8547.0,8207.0,6614.0,28569.0
36,3056479728132.3877,5076.0,8331.0,7776.0,6006.0,27189.0
37,3130679757717.8584,5118.0,8219.0,7381.0,5770.0,26488.0
38,3205524344935.471,5114.0,8105.0,7229.0,5411.0,25859.0
39,3284905840920.804,5821.0,9104.0,7985.0,5841.0,28751.0
40,3370382279562.5425,5852.0,8693.0,7556.0,5400.0,27501.0
41,3455964391641.3887,5934.0,8523.0,7311.0,5130.0,26898.0
42,3540639122170.382,5787.0,8473.0,7064.0,4837.0,26161.0
43,3625924481398.937,5833.0,8345.0,6767.0,4557.0,25502.0
44,3711354372294.372,5775.0,8213.0,6630.0,4415.0,25033.0
45,3801919074700.277,6506.0,9064.0,7210.0,4678.0,27458.0
46,3896836093184.3223,6353.0,8722.0,6810.0,4479.0,26364.0
47,3993438465282.284,6164.0,8390.0,6510.0,4166.0,25230.0
48,4088282870750.5337,6089.0,8114.0,6219.0,4008.0,24430.0
49,4190245939781.022,6576.0,8734.0,6527.0,4153.0,25990.0
50,4296856139812.9697,6523.0,8163.0,6066.0,3851.0,24603.0
51,4402931742610.838,6496.0,7845.0,5916.0,3719.0,23976.0
52,4510241201094.832,6211.0,7620.0,5463.0,3433.0,22727.0
53,4621241709221.988,6658.0,7959.0,5644.0,3480.0,23741.0
54,4733147758650.077,5867.0,6992.0,4803.0,3019.0,20681.0
55,4845514551282.052,6240.0,7227.0,4993.0,3057.0,21517.0
56,4966669221448.046,6602.0,7637.0,5173.0,3110.0,22522.0
57,5089807225954.448,6103.0,6632.0,4480.0,2666.0,19881.0
58,5211928873015.873,6300.0,6751.0,4450.0,2711.0,20212.0
59,5340306247960.849,6130.0,6628.0,4257.0,2489.0,19504.0
60,5473891652805.081,6613.0,6665.0,4321.0,2402.0,20001.0
61,5611993026521.061,6410.0,6412.0,4011.0,2187.0,19020.0
62,5750715790322.581,6200.0,6224.0,3654.0,2046.0,18124.0
63,5888694503842.299,5986.0,5838.0,3453.0,1810.0,17087.0
64,6032598006541.037,6421.0,5930.0,3484.0,1909.0,17744.0
65,6181751828376.401,6153.0,5700.0,3294.0,1682.0,16829.0
66,6335622186247.302,6486.0,5611.0,3258.0,1701.0,17056.0
67,6489511240506.329,5925.0,5056.0,2780.0,1429.0,15190.0
68,6650286782884.311,6310.0,5497.0,3006.0,1517.0,16330.0
69,6814643601976.486,5869.0,4806.0,2732.0,1255.0,14662.0
70,6981101930693.069,6060.0,4814.0,2678.0,1222.0,14774.0
71,7151317256107.979,5853.0,4784.0,2513.0,1155.0,14305.0
72,7326211618325.643,6068.0,4767.0,2424.0,1071.0,14330.0
73,7506313045720.179,5818.0,4418.0,2216.0,955.0,13407.0
74,7693886938041.523,6117.0,4514.0,2279.0,943.0,13853.0
75,7885578252032.5205,5904.0,4194.0,2082.0,881.0,13061.0
76,8076574080560.42,5710.0,4004.0,1917.0,842.0,12473.0
77,8273491406649.616,5865.0,4042.0,1955.0,707.0,12569.0
78,8481839238604.107,5989.0,3946.0,1864.0,691.0,12490.0
79,8688299120718.08,5459.0,3575.0,1647.0,640.0,11321.0
80,8902925534096.736,5851.0,3779.0,1687.0,633.0,11950.0
81,9119894428098.566,5438.0,3342.0,1525.0,505.0,10810.0
82,9345819996501.049,5716.0,3501.0,1482.0,583.0,11282.0
83,9577336525573.191,5670.0,3319.0,1412.0,483.0,10884.0
84,9812478819313.467,5302.0,3077.0,1281.0,491.0,10151.0
85,10051076079734.219,5418.0,3002.0,1286.0,412.0,10118.0
86,10296450860420.65,5230.0,2922.0,1182.0,397.0,9731.0
87,10553814118481.73,5638.0,2919.0,1211.0,374.0,10142.0
88,10814796235202.795,5153.0,2732.0,1040.0,331.0,9256.0
89,11075201711946.408,5374.0,2601.0,998.0,327.0,9300.0
90,11345898314606.742,5340.0,2518.0,1003.0,244.0,9105.0
91,11627362467387.254,5366.0,2569.0,909.0,248.0,9092.0
92,11915953008257.963,5086.0,2316.0,866.0,251.0,8519.0
93,12209047111283.443,5158.0,2273.0,891.0,220.0,8542.0
94,12511048004626.951,5187.0,2195.0,764.0,198.0,8344.0
95,12821565717746.82,4953.0,2022.0,713.0,161.0,7849.0
96,13134613254392.666,5236.0,1998.0,635.0,155.0,8024.0
97,13455701656314.7,4830.0,1912.0,568.0,130.0,7440.0
98,13781410307630.844,5006.0,1879.0,583.0,133.0,7601.0
99,14127080661840.744,4835.0,1721.0,565.0,123.0,7244.0
100,14471153260645.957,4861.0,1763.0,526.0,94.0,7244.0
101,14827125879917.184,4830.0,1570.0,474.0,100.0,6974.0
102,15192324262567.512,4814.0,1546.0,419.0,100.0,6879.0
103,15572225490196.078,4692.0,1464.0,425.0,85.0,6666.0
104,15952776213490.229,4759.0,1446.0,371.0,66.0,6642.0
105,16344792327475.354,4666.0,1335.0,361.0,76.0,6438.0
106,16744948871181.94,4518.0,1267.0,307.0,58.0,6150.0
107,17153348580099.719,4613.0,1168.0,321.0,46.0,6148.0
108,17577701848140.727,4491.0,1099.0,303.0,55.0,5948.0
109,18008428146453.09,4370.0,1086.0,287.0,40.0,5783.0
110,18452988346033.168,4462.0,988.0,236.0,42.0,5728.0
111,18910397082288.58,4387.0,910.0,242.0,39.0,5578.0
112,19372188983855.652,4212.0,878.0,193.0,30.0,5313.0
113,19849327780499.754,4082.0,802.0,189.0,36.0,5109.0
114,20338666506602.64,4165.0,740.0,178.0,26.0,5109.0
115,20840717595944.97,4143.0,713.0,170.0,28.0,5054.0
116,21349790330537.742,4054.0,651.0,152.0,29.0,4886.0
117,21877118531296.203,4058.0,607.0,133.0,26.0,4824.0
118,22416193540247.29,3963.0,567.0,105.0,26.0,4661.0
119,22958706624605.68,3804.0,555.0,120.0,32.0,4511.0
120,23526406570302.234,3805.0,519.0,94.0,20.0,4438.0
121,24104817498658.08,3726.0,499.0,117.0,22.0,4364.0
122,24695921520371.89,3657.0,386.0,110.0,21.0,4174.0
123,25303234323432.344,3636.0,366.0,90.0,30.0,4122.0
124,25925617737003.06,3597.0,356.0,75.0,26.0,4054.0
125,26564937913907.285,3624.0,333.0,92.0,24.0,4073.0
126,27222473926822.242,3471.0,279.0,63.0,26.0,3839.0
127,27897593576642.336,3425.0,288.0,78.0,26.0,3817.0
128,28573114153846.152,3250.0,270.0,75.0,16.0,3611.0
129,29280910881801.125,3198.0,254.0,62.0,18.0,3532.0
130,30001567265964.043,3226.0,189.0,58.0,18.0,3491.0
131,30733960335375.684,3101.0,182.0,58.0,19.0,3360.0
132,31488418954248.367,3060.0,176.0,51.0,26.0,3313.0
133,32269257662512.63,2969.0,190.0,59.0,14.0,3232.0
134,33061937087243.656,2877.0,154.0,59.0,21.0,3111.0
135,33878432786885.246,2745.0,125.0,62.0,19.0,2951.0
136,34718123756906.08,2715.0,127.0,52.0,29.0,2923.0
137,35563871606749.82,2726.0,127.0,71.0,20.0,2944.0
138,36439012500000.0,2640.0,105.0,58.0,20.0,2823.0
139,37331123504438.44,2591.0,97.0,58.0,25.0,2771.0
140,38244606347897.77,2426.0,126.0,55.0,18.0,2625.0
141,39192040781648.26,2354.0,111.0,52.0,25.0,2542.0
142,40155852124891.586,2306.0,108.0,56.0,16.0,2486.0
143,41139485800344.234,2324.0,93.0,73.0,31.0,2521.0
144,42153135444151.27,2274.0,126.0,48.0,25.0,2473.0
145,43194541322314.05,2178.0,103.0,52.0,28.0,2361.0
146,44255475308641.98,2106.0,87.0,61.0,15.0,2269.0
147,45355280224929.71,2134.0,81.0,44.0,19.0,2278.0
148,46447865443425.08,1962.0,91.0,63.0,25.0,2141.0
149,47609344210526.31,1900.0,98.0,47.0,16.0,2061.0
150,48765321910695.74,1926.0,91.0,68.0,29.0,2114.0
151,49981323982398.24,1818.0,78.0,51.0,16.0,1963.0
152,51188017950202.664,1727.0,75.0,60.0,16.0,1878.0
153,52463845978322.875,1753.0,82.0,44.0,19.0,1898.0
154,53760585648148.15,1728.0,83.0,60.0,30.0,1901.0
155,55077192878338.28,1685.0,83.0,55.0,25.0,1848.0
156,56419877444589.31,1534.0,85.0,53.0,28.0,1700.0
157,57805382838283.83,1515.0,95.0,51.0,18.0,1679.0
158,59231163684559.31,1509.0,82.0,53.0,24.0,1668.0
159,60688335168616.66,1453.0,74.0,59.0,18.0,1604.0
160,62181538296349.32,1397.0,96.0,53.0,21.0,1567.0
161,63720620792819.74,1337.0,88.0,40.0,20.0,1485.0
162,65285243716679.36,1313.0,91.0,36.0,22.0,1462.0
163,66899432252701.58,1203.0,76.0,56.0,24.0,1359.0
164,68532870292887.03,1195.0,82.0,42.0,28.0,1347.0
165,70203124056999.164,1193.0,79.0,39.0,17.0,1328.0
166,71924697356426.62,1097.0,72.0,49.0,25.0,1243.0
167,73752835748792.27,1035.0,65.0,49.0,17.0,1166.0
168,75522278039585.3,1061.0,62.0,46.0,20.0,1189.0
169,77381477695167.28,1076.0,77.0,52.0,24.0,1229.0
170,79291449218750.0,1024.0,81.0,50.0,14.0,1169.0
171,81242580208333.33,960.0,76.0,53.0,26.0,1115.0
172,83214330425299.89,917.0,64.0,48.0,31.0,1060.0
173,85278747089947.1,945.0,84.0,44.0,21.0,1094.0
174,87358408675799.1,876.0,73.0,56.0,13.0,1018.0
175,89545926014319.81,838.0,58.0,33.0,21.0,950.0
176,91721919239904.98,842.0,60.0,43.0,18.0,963.0
177,94001758269720.11,786.0,70.0,43.0,30.0,929.0
178,96294195154777.92,743.0,64.0,37.0,26.0,870.0
179,98643696801112.66,719.0,56.0,49.0,20.0,844.0
180,101094125506072.88,741.0,73.0,46.0,24.0,884.0
181,103593633720930.23,688.0,73.0,41.0,10.0,812.0
182,106202805970149.25,670.0,65.0,41.0,20.0,796.0
183,108764738415545.6,669.0,65.0,38.0,17.0,789.0
184,111438829431438.12,598.0,59.0,31.0,16.0,704.0
185,114166224000000.0,625.0,45.0,38.0,21.0,729.0
186,116941333333333.33,570.0,52.0,40.0,16.0,678.0
187,119798563636363.64,550.0,58.0,31.0,9.0,648.0
188,122844534883720.94,516.0,47.0,36.0,13.0,612.0
189,125800740740740.73,540.0,59.0,31.0,15.0,645.0
190,128942003710575.14,539.0,57.0,29.0,6.0,631.0
191,132082956878850.11,487.0,57.0,24.0,17.0,585.0
192,135339575892857.14,448.0,49.0,27.0,13.0,537.0
193,138680879120879.12,455.0,57.0,34.0,15.0,561.0
194,142123722084367.25,403.0,49.0,26.0,9.0,487.0
195,145526919315403.44,409.0,63.0,23.0,14.0,509.0
196,149088839506172.84,405.0,55.0,25.0,7.0,492.0
197,152764169014084.5,355.0,46.0,28.0,12.0,441.0
198,156555057142857.16,350.0,58.0,23.0,10.0,441.0
