,mass bin,1st Xoff,2nd Xoff,3rd Xoff,4th Xoff,full sample
0,1278161724452.5547,4384.0,10719.0,15503.0,17170.0,47776.0
1,1309984650317.8928,4404.0,10578.0,15441.0,16512.0,46935.0
2,1341760346036.942,4277.0,10737.0,15014.0,16246.0,46274.0
3,1373772256166.5535,4419.0,10527.0,14599.0,15866.0,45411.0
4,1405660366267.2395,4423.0,10239.0,14197.0,15257.0,44116.0
5,1437218127028.28,4314.0,10179.0,13833.0,14587.0,42913.0
6,1474996066463.2078,5898.0,13280.0,17991.0,18633.0,55802.0
7,1512208269983.8748,4341.0,9877.0,12774.0,13224.0,40216.0
8,1549429285462.8652,5682.0,12798.0,16408.0,17024.0,51912.0
9,1586921395775.9412,4356.0,9430.0,12119.0,12025.0,37930.0
10,1623906093940.9812,5727.0,12368.0,15620.0,15281.0,48996.0
11,1666734549280.954,5702.0,12113.0,14893.0,14351.0,47059.0
12,1709251276942.5828,5521.0,11674.0,14551.0,13548.0,45294.0
13,1751927891277.314,5629.0,11533.0,13492.0,12678.0,43332.0
14,1794397853765.0054,5498.0,11411.0,13058.0,11951.0,41918.0
15,1836588796756.956,5427.0,11057.0,12437.0,11097.0,40018.0
16,1879461202084.1086,5374.0,10621.0,12002.0,10376.0,38373.0
17,1927764140480.5916,6492.0,13217.0,14400.0,12197.0,46306.0
18,1975403977272.7273,5280.0,10243.0,10985.0,9060.0,35568.0
19,2023169063314.4258,6523.0,12469.0,12964.0,10932.0,42888.0
20,2071387353401.0947,5116.0,9605.0,9988.0,8058.0,32767.0
21,2119668761667.7039,6428.0,11777.0,11807.0,9454.0,39466.0
22,2172582449310.6245,6165.0,11525.0,11280.0,8862.0,37832.0
23,2225572068365.2476,6319.0,11238.0,11013.0,8148.0,36718.0
24,2284160207198.831,7529.0,12874.0,12395.0,9199.0,41997.0
25,2342854582319.546,6165.0,10675.0,9736.0,7200.0,33776.0
26,2396136595880.5684,6263.0,10309.0,9589.0,6736.0,32897.0
27,2454478801467.591,7359.0,12035.0,10859.0,7564.0,37817.0
28,2518351505984.48,7603.0,11717.0,10161.0,7072.0,36553.0
29,2582349664339.42,7448.0,11644.0,9847.0,6565.0,35504.0
30,2646262186788.155,7463.0,11402.0,9529.0,6119.0,34513.0
31,2710178385772.9136,7310.0,11243.0,9201.0,5831.0,33585.0
32,2774053993697.7666,7299.0,11004.0,8677.0,5490.0,32470.0
33,2843241335360.15,8552.0,12395.0,9825.0,5996.0,36768.0
34,2912620270458.6646,7173.0,10384.0,8182.0,4851.0,30590.0
35,2981661958208.955,8375.0,11894.0,9244.0,5273.0,34786.0
36,3056760630489.7124,8311.0,11490.0,8479.0,4990.0,33270.0
37,3130822624760.0767,8336.0,10852.0,8223.0,4646.0,32057.0
38,3205493840219.0146,8036.0,10520.0,7664.0,4432.0,30652.0
39,3285294463784.3906,8905.0,11283.0,8290.0,4648.0,33126.0
40,3369586240671.6416,8576.0,11125.0,7506.0,4239.0,31446.0
41,3455225781792.9116,8634.0,10554.0,7117.0,3896.0,30201.0
42,3540432495709.733,8158.0,9847.0,6668.0,3666.0,28339.0
43,3625459201995.0127,8020.0,9416.0,6282.0,3221.0,26939.0
44,3710888921431.3003,7853.0,9067.0,5736.0,2958.0,25614.0
45,3801543431911.967,8724.0,9709.0,6049.0,3064.0,27546.0
46,3897505065844.11,8429.0,9194.0,5600.0,2935.0,26158.0
47,3993511941771.5273,8106.0,8837.0,5046.0,2460.0,24449.0
48,4089423893913.4688,8182.0,8121.0,4755.0,2351.0,23409.0
49,4190253093376.265,8696.0,8659.0,4963.0,2294.0,24612.0
50,4296281037414.966,8232.0,8029.0,4591.0,2182.0,23034.0
51,4403151339950.372,8060.0,7611.0,4095.0,1901.0,21667.0
52,4509300087686.333,7983.0,7217.0,3891.0,1731.0,20822.0
53,4621143394199.785,8379.0,7568.0,3853.0,1635.0,21435.0
54,4733584667590.027,7220.0,6480.0,3320.0,1424.0,18444.0
55,4845400062235.499,8034.0,6752.0,3490.0,1416.0,19692.0
56,4968117028943.392,8603.0,6999.0,3420.0,1305.0,20327.0
57,5089675821816.718,7453.0,6066.0,2897.0,1057.0,17473.0
58,5212505470931.709,7878.0,5991.0,3028.0,1052.0,17949.0
59,5340401960005.297,7551.0,5821.0,2671.0,982.0,17025.0
60,5474041870575.084,8051.0,5951.0,2719.0,938.0,17659.0
61,5611590846711.549,7724.0,5694.0,2409.0,830.0,16657.0
62,5750019671474.359,7488.0,5337.0,2218.0,763.0,15806.0
63,5888675717835.45,7244.0,4883.0,2064.0,710.0,14901.0
64,6032231163505.895,7804.0,4961.0,2084.0,612.0,15461.0
65,6181339832752.613,7175.0,4566.0,1859.0,543.0,14143.0
66,6335520225165.5625,7550.0,4695.0,1818.0,529.0,14592.0
67,6491259287193.138,6762.0,4123.0,1608.0,462.0,12955.0
68,6649905229103.394,7573.0,4515.0,1724.0,450.0,14262.0
69,6814558460634.548,6808.0,3936.0,1503.0,365.0,12612.0
70,6979411506926.774,7074.0,3906.0,1422.0,356.0,12758.0
71,7150205981173.063,6905.0,3610.0,1350.0,295.0,12160.0
72,7325541897399.859,7115.0,3662.0,1190.0,293.0,12260.0
73,7506961523697.032,6773.0,3403.0,1112.0,272.0,11560.0
74,7693051490089.833,7013.0,3381.0,1087.0,229.0,11710.0
75,7884438680504.077,6745.0,3197.0,938.0,223.0,11103.0
76,8077772040723.294,6581.0,2981.0,892.0,193.0,10647.0
77,8273897799879.445,6636.0,2808.0,821.0,167.0,10432.0
78,8482091658129.665,6833.0,2817.0,809.0,163.0,10622.0
79,8687127762542.346,6199.0,2485.0,704.0,114.0,9502.0
80,8902328974086.982,6599.0,2509.0,682.0,124.0,9914.0
81,9121204588941.139,6167.0,2286.0,589.0,97.0,9139.0
82,9344141384477.076,6674.0,2252.0,581.0,86.0,9593.0
83,9579013773431.133,6135.0,2020.0,521.0,103.0,8779.0
84,9813344314918.06,5919.0,1884.0,482.0,82.0,8367.0
85,10051476956741.29,5941.0,1876.0,429.0,65.0,8311.0
86,10296839298123.697,5756.0,1682.0,378.0,47.0,7863.0
87,10551836932359.479,6298.0,1785.0,370.0,50.0,8503.0
88,10811249734136.83,5642.0,1566.0,370.0,59.0,7637.0
89,11073876741693.463,5598.0,1487.0,302.0,50.0,7437.0
90,11345230824244.592,5593.0,1392.0,268.0,43.0,7296.0
91,11628872291703.365,5677.0,1300.0,260.0,39.0,7276.0
92,11913857952468.008,5470.0,1208.0,273.0,25.0,6976.0
93,12208596786389.414,5290.0,1068.0,199.0,29.0,6586.0
94,12510875684866.805,5293.0,1029.0,186.0,29.0,6537.0
95,12818700137551.582,5089.0,931.0,159.0,25.0,6204.0
96,13134766403162.055,5060.0,885.0,158.0,24.0,6127.0
97,13452362639593.908,4925.0,803.0,134.0,27.0,5889.0
98,13784947643979.057,4966.0,690.0,149.0,22.0,5827.0
99,14122711251786.809,4897.0,613.0,113.0,17.0,5640.0
100,14472192892314.28,4671.0,540.0,99.0,22.0,5332.0
101,14828357956943.857,4738.0,556.0,93.0,18.0,5405.0
102,15194619982547.992,4584.0,489.0,104.0,32.0,5209.0
103,15568352539284.9,4391.0,440.0,90.0,21.0,4942.0
104,15951018721461.188,4380.0,405.0,84.0,18.0,4887.0
105,16344797694660.08,4251.0,376.0,78.0,18.0,4723.0
106,16747052606635.07,4220.0,335.0,58.0,20.0,4633.0
107,17153585778219.791,4022.0,317.0,64.0,13.0,4416.0
108,17572270459081.836,4008.0,277.0,60.0,19.0,4364.0
109,18003611251900.66,3946.0,271.0,49.0,19.0,4285.0
110,18456182893081.76,3975.0,240.0,59.0,24.0,4298.0
111,18911225511302.477,3716.0,218.0,61.0,20.0,4015.0
112,19374876797293.49,3547.0,198.0,49.0,9.0,3803.0
113,19848546391752.58,3492.0,140.0,52.0,15.0,3699.0
114,20337646153846.152,3445.0,152.0,57.0,14.0,3668.0
115,20842610174593.617,3322.0,151.0,44.0,24.0,3541.0
116,21354002788104.09,3228.0,136.0,43.0,10.0,3417.0
117,21876802901292.97,3171.0,134.0,50.0,14.0,3369.0
118,22413754426229.508,3050.0,119.0,45.0,22.0,3236.0
119,22962853132488.875,2921.0,102.0,50.0,21.0,3094.0
120,23530387638562.312,2977.0,113.0,58.0,17.0,3165.0
121,24102561046511.63,2752.0,119.0,53.0,17.0,2941.0
122,24702184933952.16,2801.0,99.0,48.0,18.0,2966.0
123,25299214935557.242,2638.0,89.0,51.0,24.0,2802.0
124,25930471236230.11,2451.0,82.0,52.0,8.0,2593.0
125,26564771045140.3,2459.0,90.0,44.0,12.0,2605.0
126,27223182601205.855,2322.0,88.0,44.0,8.0,2462.0
127,27889358720144.21,2219.0,97.0,59.0,15.0,2390.0
128,28580544576196.75,2277.0,82.0,45.0,16.0,2420.0
129,29280445732838.59,2156.0,83.0,37.0,17.0,2293.0
130,29998979842674.53,2034.0,83.0,57.0,14.0,2188.0
131,30730660144181.258,1942.0,84.0,38.0,13.0,2077.0
132,31492387655657.824,1847.0,79.0,37.0,10.0,1973.0
133,32265549154334.04,1892.0,78.0,41.0,14.0,2025.0
134,33059200686106.348,1749.0,84.0,44.0,13.0,1890.0
135,33880487223168.652,1761.0,84.0,40.0,9.0,1894.0
136,34713258103975.535,1635.0,92.0,40.0,12.0,1779.0
137,35561546925566.34,1545.0,82.0,54.0,20.0,1701.0
138,36433264468371.47,1486.0,62.0,45.0,16.0,1609.0
139,37327949830508.48,1475.0,90.0,53.0,21.0,1639.0
140,38243199015471.164,1422.0,78.0,51.0,12.0,1563.0
141,39182046037735.85,1325.0,81.0,50.0,17.0,1473.0
142,40153553706505.3,1322.0,68.0,49.0,15.0,1454.0
143,41155163393558.52,1273.0,71.0,50.0,12.0,1406.0
144,42157053030303.03,1188.0,62.0,46.0,14.0,1310.0
145,43193970078740.16,1270.0,62.0,49.0,19.0,1400.0
146,44263528940338.38,1123.0,69.0,33.0,13.0,1238.0
147,45342887557603.69,1085.0,58.0,42.0,10.0,1195.0
148,46454689189189.19,1110.0,66.0,30.0,12.0,1218.0
149,47593037754114.23,1033.0,56.0,42.0,16.0,1147.0
150,48778569402228.98,987.0,59.0,43.0,12.0,1101.0
151,49962790966386.555,952.0,60.0,38.0,7.0,1057.0
152,51206498842592.59,864.0,67.0,37.0,17.0,985.0
153,52463208436724.56,806.0,70.0,39.0,10.0,925.0
154,53754887920298.88,803.0,64.0,35.0,19.0,921.0
155,55074589808917.195,785.0,59.0,40.0,10.0,894.0
156,56409100680272.11,735.0,57.0,29.0,10.0,831.0
157,57813378890392.42,739.0,47.0,27.0,16.0,829.0
158,59263435135135.13,740.0,64.0,25.0,9.0,838.0
159,60689096385542.17,664.0,45.0,45.0,10.0,764.0
160,62191556368960.47,683.0,53.0,46.0,12.0,794.0
161,63713018897637.8,635.0,49.0,31.0,6.0,721.0
162,65301671052631.58,608.0,54.0,26.0,8.0,696.0
163,66923649029982.37,567.0,50.0,27.0,10.0,654.0
164,68546123809523.81,525.0,47.0,17.0,14.0,603.0
165,70218314018691.586,535.0,42.0,21.0,9.0,607.0
166,71932714563106.8,515.0,54.0,21.0,11.0,601.0
167,73717981171548.11,478.0,32.0,23.0,11.0,544.0
168,75510873661670.23,467.0,35.0,24.0,11.0,537.0
169,77412263922518.16,413.0,40.0,24.0,9.0,486.0
170,79283653746770.03,387.0,46.0,23.0,9.0,465.0
171,81253867036011.08,361.0,36.0,19.0,9.0,425.0
172,83284698952879.58,382.0,26.0,25.0,5.0,438.0
173,85268241847826.1,368.0,30.0,10.0,5.0,413.0
174,87400560897435.89,312.0,33.0,17.0,10.0,372.0
175,89583994318181.81,352.0,49.0,23.0,4.0,428.0
176,91781103333333.33,300.0,43.0,16.0,6.0,365.0
177,93999262626262.62,297.0,28.0,22.0,5.0,352.0
178,96291849829351.53,293.0,46.0,21.0,3.0,363.0
179,98746450000000.0,260.0,47.0,12.0,11.0,330.0
180,101088290076335.88,262.0,34.0,10.0,3.0,309.0
181,103563114035087.72,228.0,38.0,18.0,4.0,288.0
182,106123440366972.48,218.0,19.0,18.0,2.0,257.0
183,108809565217391.3,230.0,35.0,17.0,1.0,283.0
184,111442995594713.66,227.0,36.0,8.0,7.0,278.0
185,114189569892473.12,186.0,37.0,19.0,5.0,247.0
186,116906270270270.27,185.0,27.0,9.0,1.0,222.0
187,119881686746987.95,166.0,28.0,10.0,2.0,206.0
188,122867591623036.66,191.0,36.0,9.0,1.0,237.0
189,125740266666666.67,150.0,28.0,11.0,4.0,193.0
190,128848823529411.77,136.0,35.0,7.0,7.0,185.0
191,132126666666666.67,156.0,27.0,6.0,2.0,191.0
192,135212750000000.0,120.0,32.0,8.0,5.0,165.0
193,138590583333333.33,120.0,33.0,9.0,5.0,167.0
194,142135086206896.56,116.0,24.0,11.0,1.0,152.0
195,145475619834710.75,121.0,10.0,8.0,0.0,139.0
196,149020000000000.0,92.0,23.0,10.0,2.0,127.0
197,152877307692307.7,104.0,25.0,6.0,2.0,137.0
198,156563953488372.1,86.0,21.0,8.0,2.0,117.0
