,mass bin,1st Xoff,2nd Xoff,3rd Xoff,4th Xoff,full sample
0,1277835107956.226,3381.0,8498.0,13358.0,17140.0,42377.0
1,1309904706954.1453,3293.0,8609.0,13592.0,16995.0,42489.0
2,1341873195229.1274,3186.0,8335.0,13100.0,16770.0,41391.0
3,1374007816711.5903,3339.0,8669.0,12962.0,16348.0,41318.0
4,1405585496648.385,3282.0,8325.0,12737.0,15807.0,40151.0
5,1437476483516.4834,3185.0,8219.0,12332.0,15304.0,39040.0
6,1474905975637.7844,4351.0,10806.0,16010.0,19581.0,50748.0
7,1512094981527.0935,3248.0,8006.0,11615.0,14059.0,36928.0
8,1549393950504.1248,4364.0,10659.0,15200.0,18040.0,48263.0
9,1586690572495.333,3214.0,7705.0,11183.0,12947.0,35049.0
10,1623991151062.3396,4283.0,10165.0,14262.0,16544.0,45254.0
11,1666659975932.6113,4155.0,9955.0,13721.0,15586.0,43417.0
12,1709064734068.0403,4174.0,9862.0,13476.0,14518.0,42030.0
13,1751779531174.4805,4138.0,9775.0,12930.0,14052.0,40895.0
14,1794406305870.9834,4139.0,9425.0,12266.0,13117.0,38947.0
15,1836962157695.9395,4236.0,9306.0,11951.0,12598.0,38091.0
16,1879194831351.6138,4121.0,9050.0,11520.0,11920.0,36611.0
17,1927431011146.4968,5024.0,10979.0,13738.0,13871.0,43612.0
18,1975508636137.3818,4018.0,8612.0,10518.0,10825.0,33973.0
19,2022940314136.1257,4966.0,10668.0,12541.0,12333.0,40508.0
20,2071235750790.9468,4109.0,8324.0,9842.0,9308.0,31583.0
21,2119353968582.0586,4838.0,9960.0,11864.0,10853.0,37515.0
22,2172320460097.72,4912.0,9841.0,11375.0,10211.0,36339.0
23,2226028512988.3413,4889.0,9650.0,10666.0,9707.0,34912.0
24,2284189621342.5127,5810.0,11211.0,12119.0,10907.0,40047.0
25,2342984915147.706,4773.0,9103.0,9829.0,8565.0,32270.0
26,2395926595970.3076,4715.0,8744.0,9255.0,8055.0,30769.0
27,2454513180670.754,5546.0,10264.0,10823.0,9064.0,35697.0
28,2518154228591.649,5652.0,9981.0,10127.0,8321.0,34081.0
29,2581894532947.1396,5524.0,9755.0,9653.0,7804.0,32736.0
30,2646713940282.103,5459.0,9363.0,9169.0,7101.0,31092.0
31,2710622105643.994,5528.0,9124.0,8765.0,6879.0,30296.0
32,2774016337555.8867,5368.0,9055.0,8623.0,6573.0,29619.0
33,2843592605690.4033,6221.0,10182.0,9370.0,7155.0,32928.0
34,2912542918776.965,5331.0,8727.0,7818.0,5637.0,27513.0
35,2981688236213.092,6401.0,9780.0,8788.0,6203.0,31172.0
36,3056757418942.661,6261.0,9911.0,8539.0,5877.0,30588.0
37,3131030631060.2446,6291.0,9699.0,8047.0,5317.0,29354.0
38,3205847944775.651,6374.0,9534.0,7791.0,5218.0,28917.0
39,3285476066383.2124,7291.0,10698.0,8675.0,5625.0,32289.0
40,3369796384211.979,7246.0,10215.0,8264.0,5406.0,31131.0
41,3455075310859.3535,7238.0,10018.0,7860.0,5058.0,30174.0
42,3540544098027.8423,6896.0,9683.0,7608.0,4604.0,28791.0
43,3625096928028.0864,6836.0,9391.0,7188.0,4468.0,27883.0
44,3711431636256.6216,6796.0,9005.0,6752.0,4216.0,26769.0
45,3801780736196.319,7335.0,9677.0,7070.0,4515.0,28597.0
46,3897491401006.7114,7152.0,9105.0,6640.0,4260.0,27157.0
47,3993726931376.7803,6951.0,8947.0,6370.0,3811.0,26079.0
48,4089457128698.853,7063.0,8409.0,6062.0,3698.0,25232.0
49,4189785942827.1704,7626.0,8915.0,6318.0,3732.0,26591.0
50,4296387135720.233,7206.0,8509.0,5937.0,3475.0,25127.0
51,4403435135135.135,7178.0,8088.0,5637.0,3199.0,24102.0
52,4509515794812.346,6901.0,7749.0,5071.0,2941.0,22662.0
53,4621638170005.414,7388.0,8211.0,5288.0,2858.0,23745.0
54,4733403602240.049,6607.0,7002.0,4478.0,2501.0,20588.0
55,4845261730163.277,6982.0,7429.0,4669.0,2564.0,21644.0
56,4966723631239.936,7452.0,7499.0,4761.0,2519.0,22231.0
57,5091024444444.444,6795.0,6744.0,3986.0,2130.0,19655.0
58,5211998890137.679,7118.0,6881.0,4078.0,2083.0,20160.0
59,5340119394115.089,6899.0,6571.0,3891.0,1889.0,19250.0
60,5472185583654.808,6999.0,6700.0,3805.0,1836.0,19340.0
61,5611712298101.445,7058.0,6381.0,3672.0,1699.0,18810.0
62,5750348283483.13,6787.0,6176.0,3251.0,1485.0,17699.0
63,5888801003444.661,6677.0,5698.0,3130.0,1428.0,16933.0
64,6032768626318.07,6923.0,5798.0,2913.0,1339.0,16973.0
65,6181167550067.761,6641.0,5502.0,2943.0,1216.0,16302.0
66,6335499166427.134,6958.0,5458.0,2824.0,1198.0,16438.0
67,6490747524752.476,6363.0,4941.0,2479.0,988.0,14771.0
68,6649184150513.113,7016.0,5297.0,2653.0,1034.0,16000.0
69,6813999269725.354,6299.0,4765.0,2355.0,953.0,14372.0
70,6979920132841.328,6775.0,4798.0,2288.0,879.0,14740.0
71,7149965115912.316,6341.0,4562.0,2151.0,812.0,13866.0
72,7326713444360.333,6605.0,4464.0,2054.0,800.0,13923.0
73,7508338145632.602,6331.0,4386.0,1888.0,631.0,13236.0
74,7693682746532.541,6561.0,4232.0,1821.0,658.0,13272.0
75,7885493654705.067,6493.0,4028.0,1791.0,599.0,12911.0
76,8077057313481.676,6112.0,3798.0,1557.0,555.0,12022.0
77,8273772306477.093,6330.0,3783.0,1639.0,521.0,12273.0
78,8482484315237.508,6484.0,3674.0,1544.0,421.0,12123.0
79,8688565801604.917,5857.0,3513.0,1329.0,374.0,11073.0
80,8902756783128.738,6354.0,3474.0,1329.0,396.0,11553.0
81,9120476342451.875,5922.0,3093.0,1183.0,318.0,10516.0
82,9343326320025.756,6212.0,3302.0,1154.0,291.0,10959.0
83,9578625735537.19,6050.0,3068.0,1121.0,306.0,10545.0
84,9812636895331.2,5933.0,2796.0,1054.0,256.0,10039.0
85,10051995198647.506,5915.0,2693.0,1050.0,250.0,9908.0
86,10296806660823.838,5705.0,2619.0,935.0,203.0,9462.0
87,10552806868356.5,6115.0,2659.0,871.0,210.0,9855.0
88,10814136444921.316,5592.0,2377.0,765.0,182.0,8916.0
89,11075157251119.531,5806.0,2305.0,806.0,162.0,9079.0
90,11344907651245.55,5620.0,2210.0,691.0,155.0,8676.0
91,11629076429809.36,5770.0,2162.0,708.0,113.0,8753.0
92,11916484095782.701,5596.0,2072.0,565.0,115.0,8348.0
93,12207366219555.242,5666.0,2079.0,576.0,113.0,8434.0
94,12511532476931.428,5527.0,1923.0,565.0,110.0,8125.0
95,12821678747040.611,5491.0,1689.0,478.0,90.0,7748.0
96,13135652252578.252,5527.0,1702.0,469.0,65.0,7763.0
97,13450759341723.137,5165.0,1572.0,427.0,73.0,7237.0
98,13783646608110.633,5351.0,1537.0,399.0,64.0,7351.0
99,14127676532769.557,5203.0,1370.0,327.0,60.0,6960.0
100,14474595644828.234,5327.0,1363.0,317.0,53.0,7060.0
101,14829304987085.238,5033.0,1275.0,285.0,46.0,6639.0
102,15195575798644.725,5165.0,1205.0,315.0,50.0,6735.0
103,15566781410651.861,4863.0,1089.0,216.0,45.0,6213.0
104,15953723876123.877,5005.0,1087.0,248.0,29.0,6369.0
105,16349482466747.28,4962.0,959.0,203.0,28.0,6152.0
106,16744973400886.637,4737.0,915.0,203.0,34.0,5889.0
107,17154878748928.877,4668.0,832.0,208.0,40.0,5748.0
108,17573531176846.137,4699.0,779.0,166.0,25.0,5669.0
109,18011180441367.375,4622.0,697.0,165.0,36.0,5520.0
110,18452213459065.582,4666.0,675.0,159.0,33.0,5533.0
111,18914188402475.36,4363.0,677.0,135.0,27.0,5202.0
112,19376870007090.523,4231.0,538.0,126.0,32.0,4927.0
113,19848706884315.117,4227.0,523.0,93.0,25.0,4868.0
114,20335207789123.723,4211.0,444.0,93.0,19.0,4767.0
115,20840502212389.38,4068.0,453.0,93.0,23.0,4637.0
116,21353109922178.99,4112.0,379.0,84.0,18.0,4593.0
117,21877418300653.594,3978.0,364.0,84.0,21.0,4447.0
118,22411249027237.355,4112.0,317.0,93.0,13.0,4535.0
119,22967000527287.11,3793.0,293.0,85.0,24.0,4195.0
120,23528813941435.605,3859.0,248.0,73.0,20.0,4200.0
121,24108416488794.023,3748.0,224.0,62.0,19.0,4053.0
122,24693792818466.8,3509.0,227.0,67.0,24.0,3827.0
123,25307901408450.703,3550.0,192.0,72.0,20.0,3834.0
124,25930115082824.76,3441.0,195.0,58.0,28.0,3722.0
125,26570258211678.832,3288.0,169.0,82.0,22.0,3561.0
126,27216095811991.562,3319.0,144.0,70.0,18.0,3551.0
127,27891778728606.355,3272.0,172.0,71.0,23.0,3538.0
128,28581307717355.91,3071.0,134.0,54.0,19.0,3278.0
129,29285415018437.812,2983.0,138.0,54.0,15.0,3190.0
130,29998341806020.066,2990.0,127.0,64.0,17.0,3198.0
131,30741025458248.473,2946.0,117.0,62.0,26.0,3151.0
132,31485868628858.58,2786.0,140.0,58.0,21.0,3005.0
133,32269325471698.113,2756.0,96.0,49.0,18.0,2919.0
134,33055644599303.137,2583.0,135.0,52.0,22.0,2792.0
135,33876800669393.83,2689.0,113.0,62.0,19.0,2883.0
136,34716637904468.414,2596.0,113.0,57.0,22.0,2788.0
137,35555286573146.29,2495.0,100.0,58.0,23.0,2676.0
138,36434811618966.25,2341.0,105.0,59.0,20.0,2525.0
139,37338342093925.03,2321.0,109.0,67.0,24.0,2521.0
140,38251112423447.07,2286.0,88.0,71.0,24.0,2469.0
141,39185554812834.23,2244.0,91.0,74.0,26.0,2435.0
142,40158437351119.58,2099.0,100.0,48.0,13.0,2260.0
143,41146215892771.664,2089.0,98.0,45.0,19.0,2251.0
144,42139540553907.02,2022.0,88.0,62.0,26.0,2198.0
145,43200241787829.836,1857.0,99.0,51.0,27.0,2034.0
146,44252450137741.05,1815.0,82.0,51.0,19.0,1967.0
147,45346532883642.49,1779.0,85.0,46.0,15.0,1925.0
148,46459584826762.25,1674.0,86.0,48.0,24.0,1832.0
149,47611071386775.89,1709.0,97.0,62.0,22.0,1890.0
150,48771020036429.875,1647.0,94.0,58.0,16.0,1815.0
151,49961253655435.48,1573.0,96.0,58.0,22.0,1749.0
152,51201508724832.21,1490.0,83.0,51.0,23.0,1647.0
153,52472678954423.59,1492.0,97.0,60.0,18.0,1667.0
154,53753359891964.89,1481.0,89.0,47.0,23.0,1640.0
155,55048716801173.88,1363.0,88.0,47.0,19.0,1517.0
156,56419464595375.72,1384.0,74.0,73.0,21.0,1552.0
157,57817397464578.67,1341.0,85.0,49.0,21.0,1496.0
158,59228217557251.91,1310.0,95.0,53.0,18.0,1476.0
159,60701662631154.16,1239.0,97.0,54.0,19.0,1409.0
160,62191943493150.69,1168.0,81.0,56.0,19.0,1324.0
161,63715984725965.86,1113.0,89.0,47.0,21.0,1270.0
162,65279039717563.99,1133.0,84.0,50.0,24.0,1291.0
163,66913632768361.58,1062.0,75.0,51.0,18.0,1206.0
164,68548815505397.445,1019.0,65.0,33.0,16.0,1133.0
165,70226121794871.8,936.0,89.0,51.0,25.0,1101.0
166,71950615221987.31,946.0,95.0,52.0,22.0,1115.0
167,73700067403314.92,905.0,91.0,59.0,21.0,1076.0
168,75501297897196.27,856.0,72.0,42.0,18.0,988.0
169,77364402826855.12,849.0,82.0,51.0,21.0,1003.0
170,79307215300546.45,915.0,62.0,45.0,26.0,1048.0
171,81263665413533.83,798.0,80.0,51.0,20.0,949.0
172,83210476005188.06,771.0,78.0,54.0,9.0,912.0
173,85250717079530.64,767.0,74.0,41.0,16.0,898.0
174,87360168741355.47,723.0,68.0,44.0,16.0,851.0
175,89521669184290.03,662.0,45.0,33.0,14.0,754.0
176,91759463810930.58,677.0,68.0,44.0,13.0,802.0
177,94058894736842.11,646.0,51.0,41.0,13.0,751.0
178,96291001655629.14,604.0,74.0,28.0,13.0,719.0
179,98679070532915.36,638.0,61.0,32.0,15.0,746.0
180,101123920289855.08,552.0,61.0,28.0,5.0,646.0
181,103590664272890.48,557.0,59.0,31.0,11.0,658.0
182,106087242718446.61,515.0,47.0,33.0,7.0,602.0
183,108715600000000.0,475.0,54.0,21.0,11.0,561.0
184,111368471074380.17,484.0,55.0,29.0,13.0,581.0
185,114117494736842.11,475.0,73.0,22.0,20.0,590.0
186,116979850746268.66,469.0,48.0,31.0,20.0,568.0
187,119787430997876.86,471.0,50.0,21.0,13.0,555.0
188,122835113924050.64,395.0,44.0,29.0,6.0,474.0
189,125811336633663.36,404.0,54.0,18.0,12.0,488.0
190,128918337531486.14,397.0,38.0,22.0,8.0,465.0
191,132068589743589.75,390.0,53.0,27.0,9.0,479.0
192,135355778364116.1,379.0,41.0,22.0,9.0,451.0
193,138684735294117.64,340.0,38.0,23.0,5.0,406.0
194,142092810650887.56,338.0,41.0,21.0,7.0,407.0
195,145551914191419.16,303.0,40.0,22.0,6.0,371.0
196,149167166123778.5,307.0,56.0,22.0,7.0,392.0
197,152797173913043.47,276.0,55.0,16.0,7.0,354.0
198,156601797752809.0,267.0,46.0,21.0,8.0,342.0
