,mass bin,1st Xoff,2nd Xoff,3rd Xoff,4th Xoff,all realizations
0,1277948785627.7808,104564.0,287167.0,484210.0,668149.0,1544090.0
1,1309867138408.0024,106294.0,290083.0,482205.0,667463.0,1546045.0
2,1341781094046.3496,108011.0,290900.0,478097.0,662031.0,1539039.0
3,1373705703352.256,108093.0,290657.0,473176.0,653405.0,1525331.0
4,1405638267759.1748,109114.0,289861.0,466707.0,641187.0,1506869.0
5,1437601366413.555,109842.0,288617.0,462007.0,625175.0,1485641.0
6,1474814413661.7185,146517.0,381328.0,600595.0,808776.0,1937216.0
7,1512114709680.7793,109861.0,283214.0,440833.0,586959.0,1420867.0
8,1549353744712.3933,146697.0,373619.0,574693.0,753424.0,1848433.0
9,1586674181737.203,109756.0,276944.0,419063.0,545881.0,1351644.0
10,1623894815878.482,147007.0,364875.0,546266.0,696942.0,1755090.0
11,1666489096344.9692,146758.0,359358.0,529425.0,666934.0,1702475.0
12,1709098622494.647,144867.0,354581.0,511866.0,634487.0,1645801.0
13,1751695101943.3215,145010.0,349108.0,496386.0,604843.0,1595347.0
14,1794301613667.9517,144729.0,343215.0,479296.0,576696.0,1543936.0
15,1836903615297.6465,144501.0,336993.0,464729.0,547015.0,1493238.0
16,1879475033714.9905,143046.0,332125.0,449086.0,520211.0,1444468.0
17,1927343204507.6707,178335.0,405732.0,540545.0,615181.0,1739793.0
18,1975320853597.8289,140933.0,318599.0,417407.0,466129.0,1343068.0
19,2023177495601.4854,176525.0,390164.0,504010.0,550904.0,1621603.0
20,2071163230232.232,139325.0,305656.0,388383.0,417351.0,1250715.0
21,2119011924683.847,173973.0,375109.0,467057.0,493401.0,1509540.0
22,2172279073724.1145,172056.0,366368.0,447437.0,464903.0,1450764.0
23,2225528163649.051,170343.0,357239.0,429781.0,438209.0,1395572.0
24,2284008694699.8354,203613.0,418931.0,493998.0,492517.0,1609059.0
25,2342670963292.9404,167980.0,341037.0,395283.0,386335.0,1290635.0
26,2395904864572.306,166332.0,332721.0,379508.0,365166.0,1243727.0
27,2454449362042.5195,197093.0,389778.0,437178.0,412273.0,1436322.0
28,2518340349813.1763,196238.0,378733.0,415973.0,387655.0,1378599.0
29,2582244770408.447,193369.0,368362.0,398249.0,362923.0,1322903.0
30,2646146641852.1797,190624.0,358111.0,380054.0,340127.0,1268916.0
31,2710039724064.7646,189029.0,348516.0,363942.0,320722.0,1222209.0
32,2773908438306.9287,187279.0,338904.0,349187.0,302070.0,1177440.0
33,2843106348526.4043,215661.0,384487.0,388997.0,329585.0,1318730.0
34,2912350327560.513,182696.0,319897.0,318117.0,265983.0,1086693.0
35,2981491839941.9243,209777.0,362054.0,354672.0,291981.0,1218484.0
36,3056094713435.0215,206808.0,351950.0,337115.0,273543.0,1169416.0
37,3130633471318.113,204949.0,342219.0,322703.0,257019.0,1126890.0
38,3205205377030.043,202938.0,332938.0,307307.0,241691.0,1084874.0
39,3285011921985.627,228970.0,368608.0,337469.0,258630.0,1193677.0
40,3370211277207.2324,227816.0,358912.0,321662.0,242684.0,1151074.0
41,3455441748673.451,227216.0,352254.0,307158.0,228423.0,1115051.0
42,3540622937784.4507,228171.0,344593.0,293798.0,214375.0,1080937.0
43,3625836582128.636,227949.0,336500.0,284558.0,202788.0,1051795.0
44,3711092955532.7886,228001.0,331702.0,274652.0,191883.0,1026238.0
45,3801558291780.2964,255993.0,366488.0,297475.0,204712.0,1124668.0
46,3897378020691.073,254301.0,358436.0,287273.0,193887.0,1093897.0
47,3993212136340.4126,252782.0,351419.0,277084.0,184843.0,1066128.0
48,4089025677263.838,248579.0,339689.0,266223.0,175436.0,1029927.0
49,4190159446289.8647,272860.0,367918.0,283122.0,185106.0,1109006.0
50,4296650778078.4175,266950.0,354446.0,271319.0,175100.0,1067815.0
51,4403061164980.443,261218.0,340130.0,256946.0,165797.0,1024091.0
52,4509559158175.471,256340.0,326499.0,244060.0,156196.0,983095.0
53,4621311776281.614,276202.0,345059.0,254270.0,162054.0,1037585.0
54,4733225330089.476,244163.0,301046.0,219132.0,138534.0,902875.0
55,4844954677881.911,263151.0,316896.0,227280.0,143070.0,950397.0
56,4967259873123.3545,280119.0,329276.0,232012.0,145059.0,986466.0
57,5089870417819.817,249917.0,288120.0,200031.0,124218.0,862286.0
58,5212284239067.667,265858.0,300690.0,204753.0,126203.0,897504.0
59,5340087397188.106,258903.0,287558.0,192805.0,116789.0,856055.0
60,5473052638975.615,272806.0,295534.0,195124.0,117503.0,880967.0
61,5611534982484.465,263877.0,280592.0,182975.0,107814.0,835258.0
62,5749920078948.85,257953.0,267959.0,170356.0,99889.0,796157.0
63,5888527130450.649,250113.0,254813.0,160670.0,92438.0,758034.0
64,6032271434300.795,261857.0,261336.0,160109.0,91498.0,774800.0
65,6181326341746.383,255237.0,248859.0,151107.0,83799.0,739002.0
66,6335558573638.511,265997.0,253304.0,150925.0,82587.0,752813.0
67,6490146513055.946,241486.0,223646.0,132004.0,70655.0,667791.0
68,6649730748106.44,268755.0,241814.0,140614.0,74195.0,725378.0
69,6814985257465.582,243952.0,215938.0,123036.0,64093.0,647019.0
70,6979806776041.41,252875.0,219409.0,123507.0,62130.0,657921.0
71,7150238509710.168,245236.0,208569.0,114461.0,57223.0,625489.0
72,7325994620416.8,252711.0,209867.0,113278.0,56107.0,631963.0
73,7506943130628.879,245709.0,199303.0,106312.0,50944.0,602268.0
74,7693280513139.347,252684.0,200019.0,104882.0,49116.0,606701.0
75,7885070253683.164,245950.0,189405.0,97472.0,44831.0,577658.0
76,8076594154164.79,238642.0,178878.0,90335.0,40998.0,548853.0
77,8273681317834.093,243410.0,179724.0,89574.0,39305.0,552013.0
78,8481312463533.975,248512.0,178642.0,87829.0,38030.0,553013.0
79,8689008622854.16,229827.0,160260.0,77431.0,32595.0,500113.0
80,8901727919894.99,245646.0,168925.0,79973.0,32915.0,527459.0
81,9120162051194.596,227755.0,152081.0,70921.0,28515.0,479272.0
82,9343708630357.072,243163.0,157934.0,72089.0,28879.0,502065.0
83,9578021813430.168,235291.0,148887.0,67789.0,26023.0,477990.0
84,9812142110526.852,227809.0,140252.0,62679.0,23441.0,454181.0
85,10051911434244.963,230577.0,139249.0,61141.0,22714.0,453681.0
86,10296978811929.814,223774.0,130834.0,56485.0,20565.0,431658.0
87,10551990145761.83,236222.0,134742.0,57326.0,20045.0,448335.0
88,10813161957033.7,219631.0,121928.0,50709.0,17495.0,409763.0
89,11074212098133.344,221075.0,120123.0,49441.0,16399.0,407038.0
90,11345779407588.498,223974.0,117864.0,47519.0,15598.0,404955.0
91,11627808219623.08,225464.0,114414.0,45460.0,14437.0,399775.0
92,11915328469963.387,218199.0,108460.0,42190.0,12985.0,381834.0
93,12208076986616.451,218135.0,105575.0,40667.0,12130.0,376507.0
94,12511420179562.78,219035.0,102590.0,38423.0,11298.0,371346.0
95,12820697006102.857,213006.0,95923.0,35530.0,10129.0,354588.0
96,13134767990134.928,213097.0,92559.0,33582.0,9467.0,348705.0
97,13454012769633.648,205931.0,87904.0,31216.0,8318.0,333369.0
98,13784206227094.748,211959.0,87935.0,30579.0,8144.0,338617.0
99,14125015388773.092,204806.0,81992.0,28015.0,7110.0,321923.0
100,14470773670857.424,205120.0,79639.0,26751.0,6571.0,318081.0
101,14827474230009.576,204389.0,76407.0,24996.0,6160.0,311952.0
102,15195011874876.29,204522.0,73230.0,23851.0,5516.0,307119.0
103,15567533252791.031,197226.0,68223.0,21885.0,4852.0,292186.0
104,15950899542617.3,200556.0,67542.0,20978.0,4551.0,293627.0
105,16344747479952.336,193788.0,62625.0,19012.0,4034.0,279459.0
106,16744368491739.674,192828.0,60053.0,18041.0,3825.0,274747.0
107,17154477714090.648,192160.0,57668.0,16547.0,3347.0,269722.0
108,17574856657112.486,190306.0,55133.0,15696.0,2966.0,264101.0
109,18006020189320.902,187652.0,51957.0,14578.0,2731.0,256918.0
110,18453338767013.04,189408.0,50060.0,13996.0,2532.0,255996.0
111,18911176296563.395,182739.0,46506.0,12445.0,2359.0,244049.0
112,19374532102070.89,181872.0,43750.0,11498.0,1930.0,239050.0
113,19847293259246.44,179355.0,41265.0,10635.0,1805.0,233060.0
114,20337766564522.992,180381.0,39713.0,9816.0,1790.0,231700.0
115,20838887067585.28,173500.0,36476.0,8929.0,1572.0,220477.0
116,21349645215296.27,174473.0,34740.0,8531.0,1465.0,219209.0
117,21877154033749.426,172000.0,32582.0,7653.0,1400.0,213635.0
118,22414794689805.38,169104.0,30402.0,6969.0,1201.0,207676.0
119,22962264352041.195,166093.0,28770.0,6536.0,1168.0,202567.0
120,23526926901953.895,164534.0,26848.0,6175.0,1094.0,198651.0
121,24106918111913.695,161468.0,24275.0,5660.0,1067.0,192470.0
122,24698580684505.207,159011.0,22637.0,5147.0,961.0,187756.0
123,25305847866348.94,158344.0,21572.0,4875.0,947.0,185738.0
124,25928379390074.812,155068.0,19907.0,4436.0,939.0,180350.0
125,26566438676173.703,153154.0,18365.0,4146.0,914.0,176579.0
126,27222099850968.71,149043.0,16634.0,3883.0,874.0,170434.0
127,27892967571598.723,147622.0,15476.0,3629.0,873.0,167600.0
128,28580106830305.59,144302.0,14194.0,3377.0,843.0,162716.0
129,29281863242995.305,144085.0,13236.0,3356.0,865.0,161542.0
130,30000270109267.637,138074.0,11960.0,3035.0,865.0,153934.0
131,30736941515006.92,136136.0,11128.0,2928.0,804.0,150996.0
132,31490975878722.996,133943.0,10170.0,2741.0,775.0,147629.0
133,32270010437286.332,131724.0,9304.0,2686.0,768.0,144482.0
134,33062463746320.0,128845.0,8730.0,2578.0,812.0,140965.0
135,33876342778622.934,127637.0,8216.0,2666.0,845.0,139364.0
136,34712465786206.11,122377.0,7183.0,2486.0,839.0,132885.0
137,35565274240909.9,119095.0,6743.0,2468.0,763.0,129069.0
138,36436927673551.92,117243.0,6321.0,2340.0,744.0,126648.0
139,37333393508297.12,115523.0,5858.0,2376.0,802.0,124559.0
140,38247751962647.8,112164.0,5667.0,2369.0,810.0,121010.0
141,39189495517302.66,109972.0,5397.0,2384.0,814.0,118567.0
142,40159940663145.84,106702.0,5057.0,2351.0,827.0,114937.0
143,41144059817157.53,102861.0,4715.0,2204.0,807.0,110587.0
144,42156098339718.94,102528.0,4803.0,2210.0,862.0,110403.0
145,43194186572431.51,98714.0,4494.0,2169.0,882.0,106259.0
146,44250942874104.7,96934.0,4494.0,2233.0,775.0,104436.0
147,45344152292868.62,93552.0,4249.0,2232.0,845.0,100878.0
148,46462982476323.52,90263.0,4165.0,2167.0,759.0,97354.0
149,47605386286133.99,88192.0,4023.0,2268.0,822.0,95305.0
150,48775542582491.19,86387.0,3910.0,2243.0,773.0,93313.0
151,49977672659974.08,84116.0,3948.0,2139.0,843.0,91046.0
152,51199119297484.33,80747.0,3890.0,2123.0,811.0,87571.0
153,52456954362634.555,79325.0,3726.0,2196.0,779.0,86026.0
154,53751731656762.195,76610.0,3834.0,2203.0,817.0,83464.0
155,55072561051543.57,73688.0,3725.0,2099.0,789.0,80301.0
156,56425741129516.56,73180.0,3736.0,2160.0,852.0,79928.0
157,57812022278546.83,70241.0,3725.0,2129.0,840.0,76935.0
158,59237261120661.87,67848.0,3625.0,2153.0,830.0,74456.0
159,60695243746988.78,66153.0,3589.0,2048.0,855.0,72645.0
160,62191661502467.98,63509.0,3659.0,2118.0,812.0,70098.0
161,63716684911759.57,62162.0,3551.0,2124.0,839.0,68676.0
162,65283924321681.016,61084.0,3529.0,2050.0,820.0,67483.0
163,66889385908874.52,58781.0,3408.0,2093.0,837.0,65119.0
164,68535479084653.55,56117.0,3437.0,2062.0,874.0,62490.0
165,70219466570990.25,54379.0,3317.0,2070.0,855.0,60621.0
166,71946999497756.64,53436.0,3482.0,2007.0,807.0,59732.0
167,73721319338967.66,52221.0,3281.0,2050.0,781.0,58333.0
168,75530805301435.06,50341.0,3353.0,2036.0,783.0,56513.0
169,77389612642437.77,48483.0,3345.0,2021.0,824.0,54673.0
170,79293502322217.14,46464.0,3324.0,1940.0,808.0,52536.0
171,81245549440864.84,45164.0,3139.0,2025.0,733.0,51061.0
172,83243950156828.05,43849.0,3109.0,1997.0,781.0,49736.0
173,85291280560628.77,42959.0,3104.0,1898.0,770.0,48731.0
174,87382566785008.19,41233.0,3123.0,1915.0,768.0,47039.0
175,89535325053684.89,39473.0,3045.0,1879.0,774.0,45171.0
176,91736026470854.86,38459.0,3042.0,1862.0,761.0,44124.0
177,93998854781748.83,36968.0,2857.0,1907.0,742.0,42474.0
178,96305515004633.27,36638.0,2856.0,1762.0,831.0,42087.0
179,98681841414166.44,35029.0,2776.0,1789.0,769.0,40363.0
180,101097007932852.25,33722.0,2810.0,1774.0,772.0,39078.0
181,103587764813914.55,31926.0,2656.0,1706.0,738.0,37026.0
182,106138033883436.6,31380.0,2676.0,1742.0,680.0,36478.0
183,108759732070516.58,30605.0,2747.0,1694.0,747.0,35793.0
184,111423428889670.53,29130.0,2687.0,1656.0,643.0,34116.0
185,114156507741974.05,28511.0,2648.0,1612.0,683.0,33454.0
186,116964504484657.75,27142.0,2498.0,1464.0,671.0,31775.0
187,119848779874213.84,26320.0,2502.0,1491.0,692.0,31005.0
188,122790573528924.8,25678.0,2475.0,1427.0,619.0,30199.0
189,125823694048873.33,24915.0,2465.0,1431.0,612.0,29423.0
190,128895640613273.3,23475.0,2441.0,1453.0,612.0,27981.0
191,132090139260249.55,22495.0,2466.0,1381.0,586.0,26928.0
192,135321837722474.17,21799.0,2462.0,1381.0,597.0,26239.0
193,138660377804945.38,21018.0,2495.0,1302.0,542.0,25357.0
194,142059703955350.66,20244.0,2553.0,1367.0,562.0,24726.0
195,145550722784057.1,19134.0,2486.0,1331.0,583.0,23534.0
196,149141680014003.75,18449.0,2586.0,1261.0,555.0,22851.0
197,152820768256266.4,17874.0,2570.0,1162.0,496.0,22102.0
198,156568836461633.03,16970.0,2561.0,1159.0,461.0,21151.0
