,mass bin,1st Xoff,2nd Xoff,3rd Xoff,4th Xoff,full sample
0,1277963233532.934,2505.0,6715.0,11083.0,15464.0,35767.0
1,1309728750505.459,2473.0,6696.0,11178.0,15390.0,35737.0
2,1341698280687.7249,2501.0,6729.0,11342.0,15532.0,36104.0
3,1373873571706.1794,2573.0,6922.0,11049.0,15169.0,35713.0
4,1405669971898.8357,2491.0,6766.0,10934.0,14846.0,35037.0
5,1437439352034.7688,2531.0,6943.0,10545.0,14843.0,34862.0
6,1474755582598.1138,3287.0,8842.0,13647.0,18407.0,44183.0
7,1512090848389.6309,2546.0,6564.0,10414.0,13767.0,33291.0
8,1549543570170.2878,3406.0,8804.0,13278.0,17422.0,42910.0
9,1586857486423.5842,2578.0,6440.0,9791.0,12684.0,31493.0
10,1623751656976.7441,3440.0,8379.0,12784.0,15885.0,40488.0
11,1666773465859.9827,3471.0,8319.0,12127.0,15152.0,39069.0
12,1709302880658.4363,3402.0,8143.0,11802.0,14510.0,37857.0
13,1751826422400.9531,3357.0,8182.0,11476.0,13713.0,36728.0
14,1794399940191.3875,3344.0,8003.0,10982.0,12996.0,35325.0
15,1837032491082.0452,3364.0,7643.0,10918.0,12633.0,34558.0
16,1879687697448.3596,3292.0,7566.0,10239.0,11911.0,33008.0
17,1927311654043.4888,4093.0,9478.0,12650.0,14120.0,40341.0
18,1975284871180.3474,3338.0,7431.0,9618.0,10542.0,30929.0
19,2023326007326.0073,4095.0,8937.0,11523.0,12624.0,37179.0
20,2071034030769.2307,3250.0,7137.0,9008.0,9529.0,28924.0
21,2118880345252.7744,4055.0,8550.0,10713.0,11103.0,34421.0
22,2172645977584.0598,4015.0,8375.0,10344.0,10480.0,33214.0
23,2225387924528.302,3975.0,8316.0,9747.0,10005.0,32043.0
24,2284371835779.6216,4701.0,9826.0,11356.0,11284.0,37167.0
25,2342996604544.294,3917.0,7944.0,9176.0,8674.0,29711.0
26,2395749098196.3926,3992.0,7622.0,8917.0,8360.0,28891.0
27,2454043728522.337,4656.0,9009.0,10146.0,9349.0,33160.0
28,2518557502187.2266,4572.0,8842.0,9523.0,8668.0,31605.0
29,2582451931716.0825,4452.0,8603.0,9075.0,8191.0,30321.0
30,2646383930190.3896,4412.0,8362.0,8673.0,7747.0,29194.0
31,2710655788775.961,4526.0,8100.0,8430.0,7146.0,28202.0
32,2773937013888.8887,4320.0,7893.0,7948.0,6696.0,26857.0
33,2843287431693.9893,5124.0,8797.0,8914.0,7468.0,30303.0
34,2912535695600.4756,4205.0,7371.0,7231.0,5836.0,24643.0
35,2981461466774.7163,4936.0,8466.0,8133.0,6588.0,28123.0
36,3056532430781.759,4912.0,8315.0,7627.0,6137.0,26991.0
37,3130802633761.9243,4822.0,7884.0,7355.0,5667.0,25728.0
38,3205310775951.737,4807.0,7662.0,6922.0,5438.0,24829.0
39,3285588740185.5815,5604.0,8661.0,7983.0,5917.0,28165.0
40,3370117454141.1895,5397.0,8521.0,7457.0,5560.0,26935.0
41,3455610024495.9487,5307.0,8220.0,7027.0,5209.0,25763.0
42,3541337284362.827,5391.0,8164.0,6859.0,4735.0,25149.0
43,3625935243500.5493,5462.0,7983.0,6584.0,4500.0,24529.0
44,3711725908343.984,5477.0,7938.0,6301.0,4339.0,24055.0
45,3801606932843.3013,5986.0,8633.0,7055.0,4640.0,26314.0
46,3897999288315.1274,6042.0,8399.0,6595.0,4507.0,25543.0
47,3993244172994.3877,6058.0,8245.0,6563.0,4176.0,25042.0
48,4089308534512.071,5882.0,7990.0,5959.0,4000.0,23831.0
49,4190542503592.5273,6263.0,8575.0,6405.0,4307.0,25550.0
50,4296878836150.845,6152.0,8368.0,6207.0,3907.0,24634.0
51,4403924487804.878,6150.0,8028.0,5712.0,3713.0,23603.0
52,4509903952569.17,6072.0,7486.0,5503.0,3407.0,22468.0
53,4621447456565.973,6389.0,7922.0,5763.0,3519.0,23593.0
54,4732734880163.182,5883.0,6975.0,4882.0,3064.0,20804.0
55,4844828801313.629,6090.0,7153.0,5137.0,3210.0,21590.0
56,4967021858678.955,6510.0,7563.0,5174.0,3301.0,22548.0
57,5090586989926.584,5857.0,6606.0,4518.0,2756.0,19737.0
58,5212768756089.64,6158.0,6721.0,4699.0,2780.0,20358.0
59,5340145215946.844,6020.0,6472.0,4344.0,2502.0,19338.0
60,5473120384187.967,6299.0,6752.0,4337.0,2527.0,19915.0
61,5611660244100.8955,6145.0,6504.0,4131.0,2309.0,19089.0
62,5751537592592.593,5940.0,6043.0,3739.0,2152.0,17874.0
63,5888353297927.018,5837.0,5817.0,3582.0,2027.0,17263.0
64,6031827818302.388,6032.0,6008.0,3557.0,1977.0,17574.0
65,6182168839240.719,5953.0,5660.0,3249.0,1794.0,16656.0
66,6335625953079.179,6138.0,5644.0,3234.0,1811.0,16827.0
67,6490386208723.292,5663.0,5069.0,2956.0,1564.0,15252.0
68,6649855917585.051,6261.0,5588.0,3173.0,1601.0,16623.0
69,6814456207875.133,5638.0,4757.0,2724.0,1313.0,14432.0
70,6980749196306.43,5848.0,5032.0,2780.0,1319.0,14979.0
71,7149538553370.786,5696.0,4763.0,2567.0,1224.0,14250.0
72,7326729905090.596,5795.0,4827.0,2500.0,1154.0,14276.0
73,7507170607468.594,5811.0,4588.0,2346.0,1070.0,13815.0
74,7693793215994.532,5852.0,4651.0,2335.0,1060.0,13898.0
75,7884997599717.614,5666.0,4139.0,2131.0,931.0,12867.0
76,8076118216421.969,5517.0,3997.0,2015.0,819.0,12348.0
77,8273708746920.099,5682.0,4101.0,2046.0,793.0,12622.0
78,8483200240839.498,5813.0,3978.0,1838.0,742.0,12371.0
79,8690265134028.295,5372.0,3707.0,1682.0,668.0,11429.0
80,8902663383259.912,5675.0,3776.0,1660.0,659.0,11770.0
81,9121042681335.074,5363.0,3477.0,1597.0,587.0,11024.0
82,9344499037433.154,5610.0,3561.0,1554.0,584.0,11309.0
83,9579631217218.303,5529.0,3377.0,1423.0,544.0,10873.0
84,9813083734597.156,5275.0,3226.0,1342.0,487.0,10330.0
85,10051266976489.885,5487.0,3153.0,1288.0,421.0,10349.0
86,10297360291299.348,5218.0,2893.0,1301.0,413.0,9825.0
87,10554415045871.56,5450.0,2986.0,1194.0,441.0,10071.0
88,10814996278887.584,5106.0,2845.0,1071.0,356.0,9378.0
89,11074640546513.965,4977.0,2697.0,1091.0,335.0,9100.0
90,11347345082433.201,5277.0,2586.0,981.0,344.0,9188.0
91,11627205181152.62,5327.0,2543.0,1000.0,309.0,9179.0
92,11914421956087.824,5010.0,2412.0,914.0,229.0,8565.0
93,12208344598554.404,5119.0,2390.0,807.0,254.0,8570.0
94,12513172892626.639,5113.0,2260.0,761.0,231.0,8365.0
95,12822246047831.375,4934.0,2126.0,765.0,207.0,8032.0
96,13136827480604.328,4898.0,2152.0,742.0,177.0,7969.0
97,13454115731989.078,4761.0,1898.0,684.0,157.0,7500.0
98,13782501289426.701,5041.0,2016.0,654.0,158.0,7869.0
99,14122586185044.36,4734.0,1809.0,607.0,133.0,7283.0
100,14471970292887.03,4780.0,1734.0,623.0,110.0,7247.0
101,14828820412371.135,4850.0,1684.0,548.0,90.0,7172.0
102,15193071489001.691,4728.0,1579.0,504.0,100.0,6911.0
103,15565150000000.0,4540.0,1496.0,423.0,92.0,6551.0
104,15953310673305.91,4619.0,1447.0,420.0,77.0,6563.0
105,16346710925478.127,4549.0,1350.0,388.0,65.0,6352.0
106,16746193618881.12,4576.0,1292.0,401.0,76.0,6345.0
107,17154579693831.607,4442.0,1235.0,328.0,70.0,6075.0
108,17574925648021.828,4398.0,1202.0,311.0,51.0,5962.0
109,18005602057516.95,4277.0,1128.0,296.0,47.0,5748.0
110,18453072895040.367,4335.0,989.0,297.0,48.0,5669.0
111,18910763709108.027,4249.0,971.0,252.0,49.0,5521.0
112,19375051244148.805,4059.0,939.0,241.0,32.0,5271.0
113,19848805197959.68,4117.0,890.0,205.0,46.0,5258.0
114,20334072639225.18,4130.0,824.0,196.0,31.0,5181.0
115,20837656962025.316,3950.0,796.0,163.0,34.0,4943.0
116,21350710423770.094,4106.0,697.0,172.0,40.0,5015.0
117,21880048780487.805,3895.0,724.0,152.0,28.0,4799.0
118,22416388568563.55,3989.0,636.0,147.0,17.0,4789.0
119,22958314463705.31,3692.0,596.0,136.0,22.0,4446.0
120,23528051885530.89,3739.0,540.0,130.0,20.0,4429.0
121,24104143810032.016,3748.0,513.0,100.0,21.0,4382.0
122,24695218390804.598,3654.0,444.0,115.0,21.0,4234.0
123,25303090087545.89,3541.0,448.0,93.0,21.0,4103.0
124,25927771717171.72,3465.0,418.0,71.0,17.0,3971.0
125,26563087403598.973,3501.0,362.0,76.0,18.0,3957.0
126,27218869230769.23,3380.0,340.0,81.0,12.0,3813.0
127,27900955759839.125,3481.0,298.0,66.0,17.0,3862.0
128,28581247695144.438,3254.0,278.0,74.0,19.0,3625.0
129,29284826100829.61,3134.0,256.0,68.0,24.0,3482.0
130,29996361481000.324,3079.0,256.0,70.0,25.0,3430.0
131,30733527168732.125,3147.0,217.0,76.0,22.0,3462.0
132,31489011701771.984,2991.0,214.0,60.0,19.0,3284.0
133,32259797882897.785,3023.0,203.0,72.0,25.0,3323.0
134,33063790665751.543,2914.0,162.0,66.0,20.0,3162.0
135,33872755524377.41,2851.0,154.0,53.0,17.0,3075.0
136,34711338405797.1,2760.0,136.0,43.0,16.0,2955.0
137,35563030656934.305,2740.0,133.0,54.0,20.0,2947.0
138,36441017774343.125,2588.0,136.0,62.0,21.0,2807.0
139,37331444998083.555,2609.0,121.0,41.0,17.0,2788.0
140,38256276255707.766,2628.0,134.0,47.0,12.0,2821.0
141,39190387057387.055,2457.0,128.0,55.0,19.0,2659.0
142,40154888573743.92,2468.0,116.0,50.0,20.0,2654.0
143,41146334839584.27,2213.0,97.0,51.0,15.0,2376.0
144,42152873942093.54,2245.0,97.0,50.0,15.0,2407.0
145,43195750113791.53,2197.0,101.0,42.0,27.0,2367.0
146,44257519329296.695,2147.0,96.0,46.0,16.0,2305.0
147,45347701644100.58,2068.0,96.0,47.0,22.0,2233.0
148,46474476750127.75,1957.0,100.0,69.0,18.0,2144.0
149,47597338295687.88,1948.0,93.0,62.0,23.0,2126.0
150,48768820070957.93,1973.0,102.0,52.0,19.0,2146.0
151,49972691017316.016,1848.0,74.0,63.0,20.0,2005.0
152,51185279095421.95,1813.0,91.0,43.0,13.0,1960.0
153,52460724018475.75,1732.0,75.0,41.0,25.0,1873.0
154,53756351660939.29,1746.0,85.0,52.0,18.0,1901.0
155,55056563798219.586,1685.0,77.0,62.0,19.0,1843.0
156,56408472257250.945,1586.0,93.0,42.0,26.0,1747.0
157,57816324786324.79,1521.0,91.0,45.0,16.0,1673.0
158,59228046657381.62,1436.0,90.0,35.0,26.0,1587.0
159,60703475895316.805,1452.0,80.0,40.0,21.0,1593.0
160,62189860465116.28,1462.0,87.0,64.0,17.0,1630.0
161,63728486956521.74,1380.0,93.0,35.0,15.0,1523.0
162,65298526315789.48,1311.0,77.0,38.0,22.0,1448.0
163,66892260869565.22,1334.0,72.0,52.0,18.0,1476.0
164,68521679580306.695,1239.0,75.0,55.0,22.0,1391.0
165,70214250207813.8,1203.0,92.0,30.0,14.0,1339.0
166,71956518050541.52,1108.0,81.0,49.0,19.0,1257.0
167,73709255084745.77,1180.0,72.0,38.0,23.0,1313.0
168,75546635481023.83,1133.0,78.0,51.0,17.0,1279.0
169,77391026827012.03,1081.0,76.0,44.0,25.0,1226.0
170,79307218720152.81,1047.0,68.0,49.0,24.0,1188.0
171,81218903414634.14,1025.0,78.0,50.0,18.0,1171.0
172,83214653465346.53,1010.0,80.0,49.0,21.0,1160.0
173,85272821961620.47,938.0,86.0,46.0,25.0,1095.0
174,87397886694386.69,962.0,67.0,41.0,21.0,1091.0
175,89528775175644.03,854.0,68.0,38.0,16.0,976.0
176,91727891381345.92,847.0,65.0,43.0,24.0,979.0
177,94016731457800.52,782.0,74.0,43.0,21.0,920.0
178,96356131642512.08,828.0,72.0,40.0,16.0,956.0
179,98674218551461.25,787.0,76.0,36.0,11.0,910.0
180,101091818307905.69,721.0,64.0,41.0,21.0,847.0
181,103614687953555.88,689.0,66.0,32.0,21.0,808.0
182,106088029411764.7,680.0,64.0,36.0,16.0,796.0
183,108739795597484.28,636.0,52.0,43.0,7.0,738.0
184,111479921011058.45,633.0,58.0,40.0,13.0,744.0
185,114147369281045.75,612.0,61.0,25.0,17.0,715.0
186,117024343434343.44,594.0,63.0,37.0,17.0,711.0
187,119807989864864.86,592.0,68.0,41.0,13.0,714.0
188,122850792253521.12,568.0,61.0,27.0,15.0,671.0
189,125853846153846.16,520.0,49.0,41.0,20.0,630.0
190,128916315789473.69,532.0,57.0,29.0,16.0,634.0
191,132068531746031.75,504.0,49.0,35.0,16.0,604.0
192,135390184804928.12,487.0,51.0,35.0,11.0,584.0
193,138659125799573.56,469.0,56.0,38.0,12.0,575.0
194,142103904555314.53,461.0,63.0,37.0,10.0,571.0
195,145641943127962.1,422.0,63.0,26.0,18.0,529.0
196,149217089715536.1,457.0,59.0,28.0,7.0,551.0
197,152819365079365.1,378.0,45.0,18.0,14.0,455.0
198,156557655367231.62,354.0,41.0,20.0,9.0,424.0
