,mass bin,1st Xoff,2nd Xoff,3rd Xoff,4th Xoff,full sample
0,1277707908034.3608,3958.0,10015.0,15149.0,17418.0,46540.0
1,1310049393939.394,3960.0,10035.0,15029.0,17307.0,46331.0
2,1341917142122.8477,3891.0,9858.0,14373.0,16782.0,44904.0
3,1373892877419.3547,3875.0,9806.0,13978.0,16361.0,44020.0
4,1405572302614.877,3939.0,9679.0,14107.0,15813.0,43538.0
5,1437636170212.7659,3948.0,9595.0,13625.0,15593.0,42761.0
6,1474670752857.706,5074.0,12572.0,17379.0,19277.0,54302.0
7,1512003538696.5376,3928.0,9122.0,12588.0,14065.0,39703.0
8,1549395797017.238,5163.0,12131.0,16309.0,17705.0,51308.0
9,1586602177811.9395,3903.0,8923.0,11874.0,12707.0,37407.0
10,1623892911392.405,5135.0,11546.0,15171.0,15872.0,47724.0
11,1666506640159.0457,5030.0,11383.0,14698.0,14938.0,46049.0
12,1709299541101.3567,5012.0,11260.0,13939.0,14190.0,44401.0
13,1752091715379.9636,4961.0,10690.0,13573.0,13365.0,42589.0
14,1794639686468.647,4848.0,10729.0,13166.0,12497.0,41240.0
15,1836958030880.2888,4987.0,10537.0,12429.0,12131.0,40084.0
16,1879599145299.1453,4797.0,10236.0,11999.0,11306.0,38338.0
17,1927413979388.2979,6016.0,12467.0,14270.0,13314.0,46067.0
18,1975557879965.4578,4632.0,9778.0,11116.0,9861.0,35387.0
19,2023588322396.0962,5943.0,11748.0,13139.0,11693.0,42523.0
20,2071511225584.8894,4659.0,9187.0,10095.0,8602.0,32543.0
21,2119217511832.319,5916.0,11388.0,12188.0,10157.0,39649.0
22,2172280028378.8577,5638.0,10764.0,11431.0,9528.0,37361.0
23,2225486227962.995,5729.0,10740.0,11081.0,8900.0,36450.0
24,2283969444039.107,6853.0,12291.0,12769.0,9856.0,41769.0
25,2342610816542.948,5658.0,10013.0,10077.0,7722.0,33470.0
26,2395782810791.1045,5486.0,9801.0,9432.0,7223.0,31942.0
27,2454728180451.128,6650.0,11494.0,11092.0,8294.0,37530.0
28,2518591051757.96,6627.0,11073.0,10394.0,7600.0,35694.0
29,2582417612700.3145,6677.0,10880.0,9843.0,7029.0,34429.0
30,2645988167996.387,6643.0,10697.0,9512.0,6597.0,33449.0
31,2710106470239.858,6754.0,10720.0,9357.0,6064.0,32895.0
32,2774320641791.045,6700.0,10509.0,9034.0,5908.0,32151.0
33,2843367167381.974,7922.0,12169.0,10049.0,6371.0,36511.0
34,2912643953794.4146,6839.0,10026.0,8274.0,5181.0,30320.0
35,2981577491749.175,7575.0,11615.0,9222.0,5722.0,34134.0
36,3056436131053.387,7661.0,11109.0,8916.0,5441.0,33127.0
37,3130939792023.167,7597.0,10712.0,8497.0,4965.0,31771.0
38,3205709573612.2285,7458.0,10585.0,8027.0,4842.0,30912.0
39,3285175110105.94,8401.0,11481.0,8677.0,5083.0,33642.0
40,3370667478669.4697,8087.0,11057.0,8232.0,4651.0,32027.0
41,3455579324475.3506,8053.0,10655.0,7610.0,4341.0,30659.0
42,3540829764292.8784,7976.0,9951.0,7158.0,4086.0,29171.0
43,3625411592897.581,7772.0,9466.0,6784.0,3803.0,27825.0
44,3710734320074.0054,7567.0,9316.0,6281.0,3514.0,26678.0
45,3801305868856.4185,8281.0,9725.0,6602.0,3580.0,28188.0
46,3897883741130.4136,8174.0,9279.0,6129.0,3333.0,26915.0
47,3993512281827.5156,7792.0,8751.0,5748.0,3014.0,25305.0
48,4088750175621.1787,7687.0,8412.0,5290.0,2790.0,24179.0
49,4189575541494.281,8218.0,8784.0,5465.0,2790.0,25257.0
50,4296763141696.4175,8123.0,8418.0,5052.0,2596.0,24189.0
51,4403117796073.464,7895.0,7956.0,4745.0,2383.0,22979.0
52,4509609350445.26,7636.0,7519.0,4392.0,2091.0,21638.0
53,4621331881383.044,8127.0,7986.0,4489.0,2075.0,22677.0
54,4732959449311.64,7191.0,6840.0,3785.0,1765.0,19581.0
55,4844548615782.665,7730.0,7120.0,3848.0,1786.0,20484.0
56,4966826057906.459,8082.0,7322.0,4016.0,1678.0,21098.0
57,5090386824644.55,7385.0,6346.0,3297.0,1454.0,18482.0
58,5213079994824.017,7728.0,6526.0,3361.0,1338.0,18953.0
59,5340384000539.156,7419.0,6083.0,3138.0,1213.0,17853.0
60,5472669121413.935,7808.0,6316.0,3120.0,1242.0,18486.0
61,5611683445508.672,7726.0,6065.0,2855.0,1080.0,17726.0
62,5749206046761.623,7442.0,5612.0,2663.0,968.0,16685.0
63,5888369552767.931,7334.0,5210.0,2448.0,850.0,15842.0
64,6033148337421.641,7338.0,5494.0,2371.0,793.0,15996.0
65,6181774377905.387,7314.0,5061.0,2239.0,798.0,15412.0
66,6335875223566.544,7604.0,5141.0,2224.0,750.0,15719.0
67,6490316489593.945,6871.0,4490.0,1868.0,582.0,13811.0
68,6649903851209.253,7608.0,4748.0,2031.0,624.0,15011.0
69,6814362337849.524,6938.0,4271.0,1725.0,553.0,13487.0
70,6980002974082.991,7061.0,4231.0,1723.0,499.0,13514.0
71,7150798014888.338,6851.0,4057.0,1588.0,456.0,12952.0
72,7327240097309.674,6988.0,4015.0,1526.0,424.0,12953.0
73,7506583839575.347,6782.0,3872.0,1352.0,378.0,12384.0
74,7694236682144.364,7107.0,3754.0,1404.0,331.0,12596.0
75,7884092787610.619,6780.0,3490.0,1314.0,301.0,11885.0
76,8077737503837.888,6514.0,3344.0,1134.0,261.0,11253.0
77,8275712461425.423,6805.0,3215.0,1030.0,268.0,11318.0
78,8481526937428.243,6968.0,3163.0,1016.0,251.0,11398.0
79,8688124387157.994,6323.0,2921.0,930.0,185.0,10359.0
80,8903047998200.629,6669.0,3013.0,925.0,203.0,10810.0
81,9121033991967.871,6225.0,2535.0,799.0,149.0,9708.0
82,9344958356248.09,6546.0,2709.0,792.0,153.0,10200.0
83,9579308079365.08,6300.0,2507.0,722.0,153.0,9682.0
84,9812445016905.49,6211.0,2236.0,654.0,123.0,9224.0
85,10052285063045.586,6186.0,2299.0,613.0,93.0,9191.0
86,10295503702457.086,5942.0,2059.0,526.0,84.0,8611.0
87,10552666825472.447,6297.0,2009.0,558.0,76.0,8940.0
88,10815384535904.941,5807.0,1813.0,442.0,82.0,8144.0
89,11076068530514.832,5866.0,1753.0,437.0,59.0,8115.0
90,11347144056183.625,5838.0,1702.0,394.0,52.0,7986.0
91,11630809976247.031,5894.0,1578.0,372.0,50.0,7894.0
92,11917961931617.906,5674.0,1394.0,328.0,56.0,7452.0
93,12210253194169.516,5557.0,1427.0,302.0,54.0,7340.0
94,12511775083465.121,5691.0,1307.0,298.0,39.0,7335.0
95,12819631861023.84,5411.0,1222.0,253.0,31.0,6917.0
96,13134189781021.898,5343.0,1147.0,237.0,48.0,6775.0
97,13453142277992.277,5180.0,973.0,203.0,36.0,6392.0
98,13787484854257.953,5249.0,991.0,220.0,36.0,6496.0
99,14126493675812.414,5139.0,944.0,159.0,44.0,6286.0
100,14470671973270.44,5088.0,858.0,175.0,39.0,6160.0
101,14826677117263.844,4912.0,770.0,132.0,18.0,5832.0
102,15193188302425.107,4907.0,715.0,125.0,29.0,5776.0
103,15568741908540.404,4789.0,606.0,124.0,26.0,5545.0
104,15952655598126.863,4698.0,609.0,108.0,17.0,5432.0
105,16345617365396.893,4699.0,547.0,86.0,14.0,5346.0
106,16742753693495.04,4535.0,483.0,91.0,22.0,5131.0
107,17152186932849.365,4408.0,454.0,109.0,14.0,4985.0
108,17579041095890.41,4380.0,380.0,80.0,19.0,4859.0
109,18008922307513.375,4299.0,356.0,76.0,15.0,4746.0
110,18451904005370.33,4469.0,336.0,78.0,23.0,4906.0
111,18912367741935.484,4030.0,302.0,76.0,22.0,4430.0
112,19376709284232.363,3856.0,276.0,69.0,19.0,4220.0
113,19851474527310.926,3808.0,247.0,56.0,26.0,4137.0
114,20337388033763.656,4028.0,218.0,77.0,19.0,4342.0
115,20839226688102.895,3732.0,215.0,71.0,15.0,4033.0
116,21352273513230.285,3817.0,193.0,64.0,15.0,4089.0
117,21873027832443.07,3557.0,160.0,54.0,20.0,3791.0
118,22410216271583.26,3417.0,178.0,43.0,30.0,3668.0
119,22965436982520.7,3261.0,151.0,42.0,18.0,3472.0
120,23529362715902.324,3358.0,132.0,79.0,18.0,3587.0
121,24109447737909.516,3205.0,119.0,56.0,20.0,3400.0
122,24699253516624.04,3128.0,136.0,47.0,25.0,3336.0
123,25307293565683.645,2984.0,124.0,54.0,27.0,3189.0
124,25928373599439.777,2856.0,114.0,57.0,17.0,3044.0
125,26567264191360.227,2801.0,124.0,61.0,25.0,3011.0
126,27216632594710.508,2798.0,111.0,37.0,19.0,2965.0
127,27891959370424.598,2732.0,112.0,56.0,19.0,2919.0
128,28571073637103.336,2458.0,105.0,56.0,15.0,2634.0
129,29276991341991.344,2541.0,98.0,56.0,22.0,2717.0
130,30007595092024.54,2445.0,95.0,52.0,25.0,2617.0
131,30745322636600.17,2306.0,95.0,65.0,17.0,2483.0
132,31483288968289.414,2239.0,78.0,48.0,11.0,2376.0
133,32273875573921.027,2178.0,86.0,48.0,19.0,2331.0
134,33058969738651.996,2181.0,105.0,53.0,13.0,2352.0
135,33876929458519.62,2013.0,84.0,38.0,19.0,2154.0
136,34714834148727.984,2044.0,76.0,55.0,23.0,2198.0
137,35558879187817.26,1970.0,94.0,49.0,22.0,2135.0
138,36429048071843.63,1893.0,88.0,40.0,20.0,2041.0
139,37319895881006.87,1748.0,72.0,47.0,20.0,1887.0
140,38242045184304.4,1682.0,90.0,53.0,22.0,1847.0
141,39180679450486.55,1747.0,93.0,54.0,20.0,1914.0
142,40164615964802.01,1591.0,72.0,39.0,19.0,1721.0
143,41150740857503.16,1586.0,95.0,48.0,23.0,1752.0
144,42160286928104.58,1530.0,83.0,45.0,15.0,1673.0
145,43194938705234.16,1452.0,77.0,55.0,22.0,1606.0
146,44261288072018.01,1333.0,89.0,45.0,16.0,1483.0
147,45340152666179.695,1369.0,88.0,42.0,12.0,1511.0
148,46465578906851.42,1299.0,72.0,38.0,15.0,1424.0
149,47611243180046.766,1283.0,88.0,48.0,23.0,1442.0
150,48765717703349.28,1254.0,69.0,45.0,14.0,1382.0
151,49970093805309.734,1130.0,79.0,47.0,19.0,1275.0
152,51188337533753.375,1111.0,84.0,41.0,18.0,1254.0
153,52453521777777.78,1125.0,76.0,49.0,28.0,1278.0
154,53765823367065.32,1087.0,70.0,46.0,20.0,1223.0
155,55068070000000.0,1100.0,82.0,37.0,15.0,1234.0
156,56415021568627.45,1020.0,75.0,37.0,16.0,1148.0
157,57829380147835.266,947.0,58.0,47.0,17.0,1069.0
158,59252828698553.945,899.0,62.0,39.0,20.0,1020.0
159,60695444201312.914,914.0,60.0,48.0,9.0,1031.0
160,62190207017543.86,855.0,63.0,32.0,11.0,961.0
161,63687298919567.83,833.0,71.0,42.0,8.0,954.0
162,65265731060606.06,792.0,74.0,46.0,20.0,932.0
163,66865788903924.22,739.0,50.0,29.0,12.0,830.0
164,68544863768115.945,690.0,55.0,38.0,16.0,799.0
165,70182439060205.58,681.0,62.0,28.0,13.0,784.0
166,71968153968253.97,630.0,66.0,34.0,25.0,755.0
167,73754998251748.25,572.0,44.0,23.0,12.0,651.0
168,75569789230769.23,650.0,44.0,25.0,10.0,729.0
169,77366297202797.2,572.0,57.0,29.0,17.0,675.0
170,79310960481099.66,582.0,47.0,28.0,10.0,667.0
171,81214163265306.12,539.0,63.0,25.0,10.0,637.0
172,83208753036437.25,494.0,38.0,33.0,8.0,573.0
173,85294723140495.88,484.0,37.0,22.0,8.0,551.0
174,87379519230769.23,468.0,48.0,21.0,13.0,550.0
175,89550548672566.38,452.0,40.0,31.0,10.0,533.0
176,91743239819004.53,442.0,51.0,21.0,8.0,522.0
177,93990698924731.19,465.0,42.0,22.0,6.0,535.0
178,96243438287153.66,397.0,32.0,23.0,7.0,459.0
179,98687014457831.33,415.0,45.0,20.0,9.0,489.0
180,101115550802139.03,374.0,46.0,19.0,11.0,450.0
181,103592753623188.4,345.0,32.0,21.0,4.0,402.0
182,106120938416422.28,341.0,46.0,18.0,6.0,411.0
183,108721446945337.62,311.0,42.0,21.0,9.0,383.0
184,111399006849315.06,292.0,39.0,29.0,8.0,368.0
185,114126550522648.08,287.0,29.0,19.0,6.0,341.0
186,116974393939393.94,264.0,42.0,16.0,5.0,327.0
187,119814541666666.67,240.0,35.0,18.0,4.0,297.0
188,122698112449799.2,249.0,40.0,14.0,6.0,309.0
189,125723289473684.2,228.0,45.0,10.0,2.0,285.0
190,128861517857142.86,224.0,38.0,16.0,3.0,281.0
191,131985066079295.16,227.0,22.0,18.0,4.0,271.0
192,135344444444444.44,189.0,37.0,15.0,6.0,247.0
193,138598244680851.06,188.0,28.0,10.0,5.0,231.0
194,142073048128342.25,187.0,24.0,12.0,6.0,229.0
195,145603795180722.9,166.0,31.0,15.0,3.0,215.0
196,149150205479452.06,146.0,32.0,11.0,5.0,194.0
197,152934466666666.66,150.0,32.0,12.0,7.0,201.0
198,156611984126984.12,126.0,27.0,13.0,7.0,173.0
