,mass bin,1st Xoff,2nd Xoff,3rd Xoff,4th Xoff,full sample
0,1277940683299.618,4449.0,10827.0,15576.0,16808.0,47660.0
1,1309729905928.681,4571.0,10792.0,15279.0,16573.0,47215.0
2,1341778917127.0718,4525.0,10599.0,14892.0,16179.0,46195.0
3,1373884427684.1172,4508.0,10525.0,14512.0,15432.0,44977.0
4,1405643135518.1577,4516.0,10392.0,14059.0,15116.0,44083.0
5,1437480068415.0513,4385.0,10609.0,14045.0,14485.0,43524.0
6,1474842895850.9736,5905.0,13449.0,17965.0,18252.0,55571.0
7,1512183281319.6611,4486.0,10116.0,13040.0,13208.0,40850.0
8,1549442247076.7666,5901.0,13076.0,16654.0,16689.0,52320.0
9,1586709336722.9026,4327.0,9374.0,11946.0,11893.0,37540.0
10,1624107380910.8357,5731.0,12405.0,15204.0,14859.0,48199.0
11,1666404150338.4397,5614.0,12056.0,14820.0,14156.0,46646.0
12,1709139372633.8562,5547.0,11658.0,14042.0,13207.0,44454.0
13,1751966499731.7117,5591.0,11623.0,13637.0,12646.0,43497.0
14,1794553421914.8162,5494.0,11369.0,12911.0,11834.0,41608.0
15,1836849014690.0752,5582.0,11056.0,12502.0,11143.0,40283.0
16,1879673436336.56,5372.0,10632.0,12006.0,10561.0,38571.0
17,1927438293151.9006,6761.0,12953.0,13935.0,12142.0,45791.0
18,1975718644067.7966,5369.0,10200.0,10840.0,9295.0,35704.0
19,2023207527709.3596,6496.0,12393.0,12994.0,10647.0,42530.0
20,2070946439451.6375,5252.0,9780.0,9980.0,7959.0,32971.0
21,2119023694207.0276,6318.0,11685.0,11760.0,9453.0,39216.0
22,2172173825608.798,6365.0,11642.0,11233.0,8801.0,38041.0
23,2225562448786.637,6346.0,11163.0,10607.0,8107.0,36223.0
24,2284323274822.4575,7463.0,12879.0,12305.0,9170.0,41817.0
25,2343208454619.7876,6115.0,10435.0,9767.0,6964.0,33281.0
26,2395983008000.0,6250.0,10441.0,9356.0,6695.0,32742.0
27,2454688301836.572,7514.0,12077.0,10739.0,7537.0,37867.0
28,2518436025009.9775,7517.0,11775.0,10176.0,7000.0,36468.0
29,2582312225922.8423,7206.0,11683.0,9855.0,6483.0,35227.0
30,2646441796822.854,7491.0,11784.0,9503.0,6169.0,34947.0
31,2709718376991.6284,7406.0,11413.0,9024.0,5713.0,33556.0
32,2774055727718.183,7551.0,11124.0,8851.0,5503.0,33029.0
33,2843511034244.206,8673.0,12531.0,9913.0,5845.0,36962.0
34,2912540091299.6777,7448.0,10405.0,8058.0,4826.0,30737.0
35,2981562980825.785,8501.0,11831.0,8871.0,5339.0,34542.0
36,3056128156610.7344,8403.0,11326.0,8409.0,4920.0,33058.0
37,3130892891624.427,8286.0,10981.0,8055.0,4587.0,31909.0
38,3204932124223.6025,8050.0,10444.0,7496.0,4257.0,30247.0
39,3285531087616.691,8891.0,11510.0,8184.0,4391.0,32976.0
40,3370089235639.982,8844.0,10935.0,7558.0,4156.0,31493.0
41,3455269710700.593,8607.0,10366.0,7083.0,3937.0,29993.0
42,3540782816833.474,8293.0,9890.0,6473.0,3610.0,28266.0
43,3625899361806.578,8148.0,9223.0,6226.0,3219.0,26816.0
44,3710656888107.497,7963.0,8771.0,5730.0,2953.0,25417.0
45,3801072153775.9526,8766.0,9548.0,6027.0,3134.0,27475.0
46,3896982724056.604,8480.0,8933.0,5473.0,2847.0,25733.0
47,3993723878612.018,8271.0,8557.0,5140.0,2567.0,24535.0
48,4089294982438.5347,7972.0,8108.0,4759.0,2236.0,23075.0
49,4190261393792.5464,8667.0,8493.0,4963.0,2292.0,24415.0
50,4297008358497.403,8279.0,7956.0,4357.0,2090.0,22682.0
51,4403128927529.183,8224.0,7633.0,4141.0,1826.0,21824.0
52,4509586213965.407,7805.0,7261.0,3836.0,1724.0,20626.0
53,4622106730541.756,8454.0,7537.0,3902.0,1717.0,21610.0
54,4732962737541.528,7525.0,6424.0,3347.0,1387.0,18683.0
55,4844929667583.1045,8002.0,6722.0,3233.0,1363.0,19320.0
56,4967068997887.819,8522.0,6874.0,3286.0,1317.0,19999.0
57,5090142497348.887,7544.0,5996.0,2869.0,1076.0,17485.0
58,5212458250969.599,7993.0,6063.0,2832.0,1017.0,17905.0
59,5339911826154.243,7754.0,5863.0,2632.0,952.0,17201.0
60,5472932850958.565,8085.0,5969.0,2671.0,983.0,17708.0
61,5611590503299.263,7729.0,5434.0,2472.0,847.0,16482.0
62,5750009150326.798,7650.0,5108.0,2188.0,771.0,15717.0
63,5888424525726.764,7327.0,4857.0,2059.0,668.0,14911.0
64,6032007376199.118,7714.0,4978.0,2076.0,605.0,15373.0
65,6182113312693.498,7429.0,4703.0,1965.0,555.0,14652.0
66,6335258197582.764,7612.0,4697.0,1795.0,519.0,14623.0
67,6490535592497.869,7038.0,4120.0,1540.0,451.0,13149.0
68,6650520246880.451,7453.0,4548.0,1614.0,434.0,14049.0
69,6815831406745.46,6938.0,3856.0,1406.0,409.0,12609.0
70,6981085212069.456,7026.0,3862.0,1385.0,359.0,12632.0
71,7149987331226.659,6962.0,3564.0,1258.0,305.0,12089.0
72,7325299051931.513,7067.0,3590.0,1186.0,300.0,12143.0
73,7507781642093.091,6918.0,3395.0,1094.0,276.0,11683.0
74,7694001008064.517,6944.0,3304.0,1069.0,264.0,11581.0
75,7885949985315.712,6810.0,3163.0,978.0,198.0,11149.0
76,8077220714608.774,6633.0,2874.0,883.0,182.0,10572.0
77,8274224229733.772,6686.0,2871.0,845.0,179.0,10581.0
78,8480836778205.508,6754.0,2795.0,851.0,134.0,10534.0
79,8689446770565.553,6224.0,2515.0,661.0,120.0,9520.0
80,8901132483689.88,6591.0,2540.0,676.0,107.0,9914.0
81,9119609534922.486,5999.0,2188.0,594.0,105.0,8886.0
82,9343525541984.732,6550.0,2269.0,584.0,96.0,9499.0
83,9578980530685.332,6143.0,2066.0,494.0,74.0,8777.0
84,9812338003772.938,5831.0,1935.0,449.0,64.0,8279.0
85,10051408870420.625,5896.0,1786.0,456.0,61.0,8199.0
86,10297037043388.783,5831.0,1743.0,436.0,63.0,8073.0
87,10551875405055.088,6172.0,1746.0,407.0,63.0,8388.0
88,10812338377392.89,5485.0,1506.0,330.0,51.0,7372.0
89,11076203928571.428,5600.0,1433.0,291.0,43.0,7367.0
90,11346783356990.773,5636.0,1321.0,293.0,49.0,7299.0
91,11628188835894.719,5661.0,1348.0,256.0,26.0,7291.0
92,11914916375666.238,5441.0,1129.0,252.0,35.0,6857.0
93,12209702260613.857,5441.0,1089.0,198.0,21.0,6749.0
94,12509025631431.244,5345.0,984.0,200.0,31.0,6560.0
95,12823324014754.416,5151.0,974.0,164.0,23.0,6312.0
96,13135444466133.125,5123.0,858.0,166.0,29.0,6176.0
97,13455139847139.021,4841.0,785.0,135.0,20.0,5781.0
98,13785960454268.91,4931.0,737.0,138.0,20.0,5826.0
99,14128424598930.48,4675.0,611.0,132.0,17.0,5435.0
100,14470298906184.266,4754.0,577.0,102.0,15.0,5448.0
101,14827564076064.49,4838.0,555.0,109.0,22.0,5524.0
102,15196542571676.803,4604.0,540.0,107.0,11.0,5262.0
103,15564834780672.455,4491.0,441.0,106.0,24.0,5062.0
104,15950041767955.8,4525.0,440.0,77.0,19.0,5061.0
105,16346575729504.4,4318.0,349.0,72.0,19.0,4758.0
106,16744255365853.658,4100.0,319.0,67.0,11.0,4497.0
107,17154165333960.488,4252.0,319.0,78.0,16.0,4665.0
108,17571473027989.822,3930.0,285.0,70.0,14.0,4299.0
109,18001442939553.55,3987.0,238.0,56.0,19.0,4300.0
110,18454816449086.16,3830.0,240.0,57.0,17.0,4144.0
111,18915986995019.367,3614.0,199.0,66.0,10.0,3889.0
112,19371902662229.617,3606.0,193.0,60.0,22.0,3881.0
113,19849236775106.082,3535.0,161.0,40.0,17.0,3753.0
114,20340772220634.47,3499.0,138.0,66.0,16.0,3719.0
115,20838349758162.03,3308.0,135.0,57.0,20.0,3520.0
116,21354737199259.715,3242.0,121.0,51.0,19.0,3433.0
117,21876851594568.992,3167.0,117.0,43.0,15.0,3342.0
118,22416186501467.23,3067.0,101.0,64.0,22.0,3254.0
119,22964337037037.035,2970.0,115.0,43.0,12.0,3140.0
120,23528130569948.188,2895.0,119.0,47.0,22.0,3083.0
121,24109688652482.27,2820.0,103.0,62.0,11.0,2996.0
122,24704217814371.258,2672.0,87.0,48.0,20.0,2827.0
123,25309729077462.047,2569.0,108.0,41.0,14.0,2732.0
124,25929069455406.473,2534.0,81.0,48.0,16.0,2679.0
125,26561093155123.53,2469.0,92.0,66.0,19.0,2646.0
126,27217487741935.484,2325.0,94.0,50.0,12.0,2481.0
127,27895461949265.688,2247.0,78.0,45.0,22.0,2392.0
128,28578942081447.965,2210.0,93.0,48.0,10.0,2361.0
129,29287338600451.47,2215.0,77.0,44.0,11.0,2347.0
130,29992807086614.17,2032.0,66.0,56.0,12.0,2166.0
131,30741639500000.0,2000.0,85.0,57.0,16.0,2158.0
132,31497969056214.543,1939.0,85.0,50.0,17.0,2091.0
133,32273699520511.453,1877.0,63.0,44.0,12.0,1996.0
134,33055880346820.81,1730.0,81.0,42.0,22.0,1875.0
135,33879298143851.508,1724.0,81.0,47.0,19.0,1871.0
136,34715386934673.367,1592.0,74.0,61.0,17.0,1744.0
137,35554127974276.52,1555.0,85.0,38.0,16.0,1694.0
138,36438747500000.0,1600.0,80.0,44.0,16.0,1740.0
139,37340262349799.734,1498.0,84.0,45.0,10.0,1637.0
140,38247536619718.31,1420.0,68.0,45.0,13.0,1546.0
141,39180618526622.91,1371.0,75.0,54.0,10.0,1510.0
142,40162878347360.37,1307.0,81.0,48.0,17.0,1453.0
143,41140677873338.55,1279.0,62.0,40.0,13.0,1394.0
144,42159199499165.27,1198.0,64.0,34.0,14.0,1310.0
145,43200742514970.06,1169.0,72.0,38.0,11.0,1290.0
146,44249249352890.42,1159.0,59.0,40.0,16.0,1274.0
147,45340623097582.81,1117.0,59.0,40.0,9.0,1225.0
148,46453441205053.45,1029.0,62.0,28.0,21.0,1140.0
149,47601211920529.805,1057.0,62.0,28.0,11.0,1158.0
150,48791527448869.75,929.0,68.0,37.0,8.0,1042.0
151,49988435610302.35,893.0,53.0,43.0,15.0,1004.0
152,51219323377960.87,971.0,55.0,44.0,18.0,1088.0
153,52437533482142.86,896.0,64.0,52.0,9.0,1021.0
154,53781560943643.516,763.0,55.0,34.0,17.0,869.0
155,55092962091503.266,765.0,64.0,34.0,14.0,877.0
156,56418679389312.98,786.0,43.0,37.0,13.0,879.0
157,57800411927877.945,721.0,47.0,43.0,10.0,821.0
158,59234723554301.836,709.0,47.0,42.0,17.0,815.0
159,60735724842767.3,636.0,55.0,24.0,7.0,722.0
160,62206485671191.555,663.0,57.0,35.0,12.0,767.0
161,63713664974619.29,591.0,54.0,31.0,11.0,687.0
162,65270255737704.92,610.0,55.0,27.0,15.0,707.0
163,66850759358288.77,561.0,46.0,26.0,13.0,646.0
164,68531111954459.2,527.0,45.0,23.0,8.0,603.0
165,70185362204724.41,508.0,46.0,21.0,5.0,580.0
166,71956926070038.9,514.0,48.0,26.0,5.0,593.0
167,73764685144124.17,451.0,51.0,19.0,11.0,532.0
168,75489263713080.17,474.0,35.0,25.0,9.0,543.0
169,77385187358916.48,443.0,48.0,35.0,3.0,529.0
170,79304556338028.17,426.0,52.0,26.0,10.0,514.0
171,81259179361179.36,407.0,49.0,24.0,5.0,485.0
172,83253686131386.86,411.0,44.0,26.0,9.0,490.0
173,85267441489361.7,376.0,32.0,21.0,8.0,437.0
174,87384889196675.9,361.0,28.0,18.0,10.0,417.0
175,89516772585669.78,321.0,28.0,12.0,5.0,366.0
176,91681118902439.03,328.0,32.0,16.0,10.0,386.0
177,94072371621621.62,296.0,47.0,20.0,5.0,368.0
178,96320985401459.86,274.0,38.0,19.0,5.0,336.0
179,98573140684410.64,263.0,38.0,10.0,4.0,315.0
180,101145716312056.73,282.0,30.0,19.0,7.0,338.0
181,103589960784313.72,255.0,27.0,18.0,3.0,303.0
182,106087272727272.73,220.0,27.0,16.0,3.0,266.0
183,108750729613733.9,233.0,36.0,17.0,3.0,289.0
184,111460982905982.9,234.0,41.0,16.0,4.0,295.0
185,114087112970711.3,239.0,30.0,16.0,3.0,288.0
186,116928411764705.88,170.0,30.0,13.0,2.0,215.0
187,119925117647058.83,170.0,27.0,9.0,3.0,209.0
188,122650333333333.33,180.0,33.0,5.0,1.0,219.0
189,125874814814814.81,162.0,32.0,13.0,3.0,210.0
190,128851986301369.86,146.0,25.0,13.0,4.0,188.0
191,132019736842105.27,114.0,20.0,9.0,4.0,147.0
192,135219572649572.66,117.0,25.0,8.0,3.0,153.0
193,138659166666666.67,132.0,32.0,5.0,2.0,171.0
194,142165652173913.03,115.0,25.0,10.0,1.0,151.0
195,145606036036036.03,111.0,28.0,7.0,5.0,151.0
196,149273437500000.0,96.0,25.0,7.0,1.0,129.0
197,152831632653061.22,98.0,22.0,10.0,2.0,132.0
198,156564777777777.78,90.0,26.0,10.0,1.0,127.0
