,mass bin,1st Xoff,2nd Xoff,3rd Xoff,4th Xoff,full sample
0,1277862996688.7417,3624.0,9156.0,14200.0,17280.0,44260.0
1,1309738952225.8416,3684.0,9008.0,13921.0,16922.0,43535.0
2,1341794014680.9712,3542.0,8996.0,13679.0,16500.0,42717.0
3,1373915806264.5012,3448.0,8829.0,13358.0,16388.0,42023.0
4,1405681874822.9963,3531.0,8970.0,13107.0,15865.0,41473.0
5,1437641849353.5693,3558.0,8812.0,13065.0,15146.0,40581.0
6,1474618219547.624,4819.0,11530.0,16642.0,19588.0,52579.0
7,1512149182177.101,3546.0,8373.0,11918.0,14145.0,37982.0
8,1549349978540.7725,4660.0,11302.0,15774.0,17841.0,49577.0
9,1586573688760.807,3470.0,8255.0,11496.0,12890.0,36111.0
10,1623986700986.701,4662.0,10771.0,15055.0,16501.0,46989.0
11,1666861120652.6406,4658.0,10791.0,14119.0,15624.0,45192.0
12,1709352574823.9436,4544.0,10338.0,13714.0,14574.0,43170.0
13,1751774794032.5095,4491.0,10345.0,13020.0,13760.0,41616.0
14,1794328000000.0,4450.0,9980.0,12731.0,12883.0,40044.0
15,1837048117983.7112,4543.0,9867.0,12137.0,12359.0,38906.0
16,1879658754595.5881,4352.0,9793.0,11636.0,11667.0,37448.0
17,1927326753104.4558,5476.0,11778.0,14010.0,13560.0,44824.0
18,1975240963577.6855,4338.0,9222.0,10725.0,10088.0,34373.0
19,2023549613686.5342,5436.0,11169.0,12894.0,12124.0,41623.0
20,2071387441424.555,4268.0,8682.0,9799.0,9267.0,32016.0
21,2118967008937.0603,5259.0,10656.0,12255.0,10611.0,38781.0
22,2172219549295.7747,5325.0,10330.0,11463.0,9987.0,37105.0
23,2225616159068.865,5155.0,10290.0,10917.0,9405.0,35767.0
24,2284133280076.6895,6259.0,11534.0,12270.0,10715.0,40778.0
25,2342725685063.682,5182.0,9321.0,9847.0,8144.0,32494.0
26,2396376960096.2505,4987.0,9263.0,9634.0,7641.0,31525.0
27,2454448172323.76,6128.0,10813.0,10910.0,8676.0,36527.0
28,2518618986702.575,5941.0,10522.0,10385.0,7968.0,34816.0
29,2582230680468.352,5893.0,10046.0,9739.0,7508.0,33186.0
30,2646318097172.8457,5907.0,10240.0,9436.0,7063.0,32646.0
31,2710493813216.453,5932.0,9805.0,9023.0,6621.0,31381.0
32,2774074555518.282,5962.0,9633.0,8755.0,6201.0,30551.0
33,2843548697394.7896,6986.0,11052.0,9972.0,6802.0,34812.0
34,2912759316613.3647,5941.0,9349.0,8262.0,5485.0,29037.0
35,2982014279643.009,7059.0,10707.0,8986.0,6016.0,32768.0
36,3056000884955.7524,7119.0,10487.0,8806.0,5802.0,32214.0
37,3131026980942.8286,6979.0,10272.0,8387.0,5573.0,31211.0
38,3205462261443.5356,6969.0,10101.0,7975.0,5155.0,30200.0
39,3284955894858.91,7761.0,10993.0,8791.0,5584.0,33129.0
40,3370440792079.208,7575.0,10729.0,8355.0,5097.0,31756.0
41,3455335723736.438,7558.0,10206.0,7843.0,4901.0,30508.0
42,3540815925472.596,7353.0,9999.0,7538.0,4499.0,29389.0
43,3626153472318.1,7243.0,9529.0,7069.0,4290.0,28131.0
44,3711582921284.456,7038.0,9135.0,6637.0,3944.0,26754.0
45,3802207192092.5996,7689.0,9706.0,7052.0,4228.0,28675.0
46,3897629298523.2065,7584.0,9243.0,6560.0,3909.0,27296.0
47,3993720643431.6353,7460.0,8944.0,6076.0,3558.0,26038.0
48,4089218961718.5347,7262.0,8437.0,5726.0,3309.0,24734.0
49,4190836057875.3647,7879.0,8865.0,5932.0,3359.0,26035.0
50,4296950805079.1987,7639.0,8485.0,5683.0,3033.0,24840.0
51,4403464706673.843,7432.0,8092.0,5300.0,2812.0,23636.0
52,4510050706590.178,7147.0,7751.0,4984.0,2607.0,22489.0
53,4621361792512.29,7933.0,8129.0,4921.0,2617.0,23600.0
54,4733052929945.66,6809.0,7155.0,4281.0,2223.0,20468.0
55,4845375625339.858,7356.0,7268.0,4272.0,2211.0,21107.0
56,4968074410514.109,7761.0,7503.0,4341.0,2135.0,21740.0
57,5089859198413.822,7061.0,6606.0,3670.0,1718.0,19055.0
58,5212855301904.633,7403.0,6837.0,3738.0,1758.0,19736.0
59,5339460711803.142,7193.0,6541.0,3539.0,1594.0,18867.0
60,5473795871680.252,7606.0,6787.0,3528.0,1562.0,19483.0
61,5612429960235.843,7293.0,6124.0,3214.0,1309.0,17940.0
62,5749936732378.386,7051.0,5679.0,3046.0,1238.0,17014.0
63,5889098786852.871,7089.0,5635.0,2874.0,1136.0,16734.0
64,6033253673184.357,7160.0,5623.0,2780.0,1126.0,16689.0
65,6181426291419.477,6911.0,5336.0,2585.0,1001.0,15833.0
66,6336353066629.495,7174.0,5380.0,2509.0,983.0,16046.0
67,6489875961538.462,6552.0,4782.0,2281.0,809.0,14424.0
68,6649813267135.567,7251.0,5243.0,2383.0,865.0,15742.0
69,6814892101296.353,6634.0,4527.0,2116.0,742.0,14019.0
70,6980786901186.901,6993.0,4562.0,2028.0,729.0,14312.0
71,7149994659465.946,6666.0,4308.0,1839.0,632.0,13445.0
72,7326038545613.523,6862.0,4391.0,1792.0,592.0,13637.0
73,7507549502112.251,6628.0,4106.0,1682.0,517.0,12933.0
74,7693750901171.523,6658.0,4165.0,1652.0,505.0,12980.0
75,7885160766423.357,6576.0,3776.0,1510.0,451.0,12313.0
76,8076899564134.496,6424.0,3577.0,1404.0,411.0,11816.0
77,8275049408911.791,6598.0,3644.0,1372.0,397.0,12011.0
78,8479714452598.473,6677.0,3602.0,1345.0,379.0,12003.0
79,8689649983839.689,6188.0,3090.0,1138.0,309.0,10725.0
80,8902592626247.58,6713.0,3258.0,1122.0,302.0,11395.0
81,9121646353563.75,6047.0,2942.0,978.0,230.0,10197.0
82,9342851250194.129,6439.0,3049.0,1056.0,250.0,10794.0
83,9577622380647.229,6242.0,2773.0,943.0,212.0,10170.0
84,9811522800066.04,6057.0,2528.0,871.0,209.0,9665.0
85,10051978761506.275,5975.0,2555.0,836.0,164.0,9530.0
86,10298151110369.01,5989.0,2334.0,769.0,167.0,9259.0
87,10553050614721.379,6263.0,2452.0,770.0,137.0,9622.0
88,10814177500433.352,5769.0,2170.0,650.0,128.0,8717.0
89,11074657517899.762,5866.0,2085.0,599.0,117.0,8667.0
90,11344684030742.955,5855.0,1982.0,596.0,108.0,8541.0
91,11627890715998.629,5838.0,1875.0,528.0,88.0,8329.0
92,11916298536413.33,5671.0,1837.0,454.0,88.0,8050.0
93,12209071646068.422,5583.0,1688.0,464.0,72.0,7807.0
94,12512865232974.91,5580.0,1620.0,423.0,58.0,7681.0
95,12821636278896.346,5364.0,1536.0,315.0,65.0,7280.0
96,13134830965653.66,5561.0,1464.0,365.0,62.0,7452.0
97,13454398527468.379,5297.0,1403.0,335.0,48.0,7083.0
98,13783779035792.549,5476.0,1369.0,295.0,56.0,7196.0
99,14124659785932.723,5232.0,1225.0,245.0,45.0,6747.0
100,14469763593841.357,5131.0,1143.0,238.0,37.0,6549.0
101,14827115613597.08,5207.0,1077.0,234.0,43.0,6561.0
102,15197585805934.242,4988.0,926.0,200.0,39.0,6153.0
103,15568816653322.658,4996.0,890.0,189.0,31.0,6106.0
104,15949949615540.268,4942.0,854.0,151.0,33.0,5980.0
105,16346190267251.695,5014.0,732.0,155.0,34.0,5935.0
106,16744270259152.611,4862.0,735.0,149.0,32.0,5778.0
107,17151891145070.127,4777.0,653.0,131.0,30.0,5591.0
108,17575598202824.133,4674.0,601.0,139.0,22.0,5436.0
109,18007501631498.805,4597.0,562.0,106.0,22.0,5287.0
110,18452920620842.57,4510.0,499.0,107.0,28.0,5144.0
111,18913353959824.52,4331.0,466.0,100.0,20.0,4917.0
112,19375747706422.02,4360.0,423.0,82.0,23.0,4888.0
113,19845465759961.824,4191.0,384.0,93.0,26.0,4694.0
114,20338142017399.484,4253.0,336.0,83.0,25.0,4697.0
115,20842633570901.94,4069.0,311.0,71.0,16.0,4467.0
116,21350523409363.746,4165.0,300.0,88.0,13.0,4566.0
117,21874255329949.24,3940.0,277.0,69.0,16.0,4302.0
118,22412281118143.46,3792.0,231.0,68.0,22.0,4113.0
119,22963060853029.066,3681.0,192.0,67.0,25.0,3965.0
120,23527092278719.4,3717.0,207.0,81.0,19.0,4024.0
121,24105200277392.51,3605.0,197.0,64.0,20.0,3886.0
122,24698935400516.797,3483.0,184.0,60.0,22.0,3749.0
123,25307914343786.297,3444.0,141.0,67.0,21.0,3673.0
124,25923782880349.89,3201.0,153.0,70.0,18.0,3442.0
125,26569880937692.78,3242.0,131.0,66.0,17.0,3456.0
126,27221075234097.516,3097.0,121.0,58.0,17.0,3293.0
127,27892922728742.32,3093.0,120.0,68.0,24.0,3305.0
128,28580954866958.57,2969.0,124.0,74.0,16.0,3183.0
129,29272683052595.395,2909.0,127.0,64.0,21.0,3121.0
130,30005651791988.758,2846.0,113.0,81.0,21.0,3061.0
131,30741770400593.473,2696.0,90.0,53.0,25.0,2864.0
132,31495287294925.6,2621.0,100.0,57.0,22.0,2800.0
133,32265538666666.668,2625.0,99.0,62.0,27.0,2813.0
134,33059232567678.426,2438.0,114.0,54.0,17.0,2623.0
135,33882778055903.21,2397.0,121.0,54.0,18.0,2590.0
136,34717892487046.633,2316.0,118.0,63.0,18.0,2515.0
137,35566649327354.26,2230.0,114.0,55.0,26.0,2425.0
138,36435939150943.4,2120.0,107.0,57.0,30.0,2314.0
139,37335038571428.57,2100.0,108.0,62.0,24.0,2294.0
140,38251804547653.6,2067.0,100.0,53.0,19.0,2239.0
141,39190933470861.266,1939.0,92.0,62.0,21.0,2114.0
142,40151329055441.48,1948.0,86.0,63.0,18.0,2115.0
143,41153652937946.18,1821.0,92.0,60.0,9.0,1982.0
144,42161433295324.97,1754.0,90.0,65.0,16.0,1925.0
145,43193293632075.47,1696.0,97.0,52.0,23.0,1868.0
146,44239184115523.47,1662.0,66.0,41.0,12.0,1781.0
147,45348488502175.266,1609.0,93.0,65.0,17.0,1784.0
148,46460452168367.34,1568.0,90.0,54.0,17.0,1729.0
149,47598800680272.11,1470.0,80.0,59.0,22.0,1631.0
150,48761100801068.09,1498.0,102.0,65.0,26.0,1691.0
151,49968685831622.18,1461.0,102.0,62.0,19.0,1644.0
152,51208922850844.97,1361.0,81.0,56.0,16.0,1514.0
153,52460341342756.19,1415.0,84.0,59.0,16.0,1574.0
154,53756832415420.93,1271.0,91.0,48.0,18.0,1428.0
155,55069547955974.84,1272.0,86.0,57.0,23.0,1438.0
156,56444104995766.3,1181.0,73.0,64.0,16.0,1334.0
157,57807652061855.67,1164.0,87.0,58.0,24.0,1333.0
158,59191085051546.39,1164.0,77.0,48.0,25.0,1314.0
159,60692002840909.09,1056.0,78.0,43.0,16.0,1193.0
160,62186274837511.61,1077.0,68.0,46.0,20.0,1211.0
161,63723403071017.27,1042.0,73.0,60.0,13.0,1188.0
162,65308484004127.97,969.0,82.0,35.0,19.0,1105.0
163,66883969924812.03,931.0,69.0,63.0,15.0,1078.0
164,68560127946127.945,891.0,68.0,46.0,23.0,1028.0
165,70184325301204.82,830.0,75.0,45.0,14.0,964.0
166,71934908543922.98,831.0,67.0,45.0,19.0,962.0
167,73729324873096.45,788.0,69.0,47.0,15.0,919.0
168,75519262562814.08,796.0,80.0,42.0,20.0,938.0
169,77375232403718.45,753.0,69.0,26.0,17.0,865.0
170,79292295640326.97,734.0,64.0,36.0,23.0,857.0
171,81256210294117.64,680.0,70.0,38.0,16.0,804.0
172,83215594436310.39,683.0,64.0,39.0,20.0,806.0
173,85289773885350.31,628.0,71.0,43.0,15.0,757.0
174,87341927444794.95,634.0,49.0,35.0,19.0,737.0
175,89500830449826.98,578.0,47.0,42.0,12.0,679.0
176,91737288107202.69,597.0,55.0,26.0,12.0,690.0
177,93958629173989.45,569.0,55.0,29.0,20.0,673.0
178,96295123616236.16,542.0,56.0,25.0,9.0,632.0
179,98632517647058.83,510.0,48.0,26.0,10.0,594.0
180,101083237218813.9,489.0,64.0,33.0,18.0,604.0
181,103614627192982.45,456.0,49.0,29.0,19.0,553.0
182,106117905544147.84,487.0,62.0,30.0,15.0,594.0
183,108748741258741.27,429.0,65.0,19.0,12.0,525.0
184,111401197007481.3,401.0,45.0,31.0,11.0,488.0
185,114094625668449.2,374.0,45.0,24.0,8.0,451.0
186,116932009803921.56,408.0,51.0,31.0,6.0,496.0
187,119942779220779.22,385.0,44.0,25.0,10.0,464.0
188,122891993355481.73,301.0,41.0,20.0,8.0,370.0
189,125824880546075.08,293.0,36.0,20.0,8.0,357.0
190,129030337837837.84,296.0,49.0,24.0,4.0,373.0
191,132109327217125.38,327.0,41.0,20.0,5.0,393.0
192,135262883895131.1,267.0,58.0,18.0,7.0,350.0
193,138748007812500.0,256.0,38.0,14.0,12.0,320.0
194,142191690647482.0,278.0,34.0,16.0,6.0,334.0
195,145559928825622.78,281.0,50.0,15.0,9.0,355.0
196,149135258964143.44,251.0,41.0,25.0,8.0,325.0
197,152863906250000.0,192.0,48.0,13.0,3.0,256.0
198,156580046296296.28,216.0,44.0,19.0,5.0,284.0
