,mass bin,1st Xoff,2nd Xoff,3rd Xoff,4th Xoff,full sample
0,1277801279772.4849,2813.0,7459.0,12515.0,16598.0,39385.0
1,1309915368567.4548,2876.0,7713.0,12500.0,16656.0,39745.0
2,1341752086230.8762,2876.0,7622.0,12232.0,16331.0,39061.0
3,1373613287222.4246,2747.0,7459.0,12178.0,15914.0,38298.0
4,1405755339130.4348,2875.0,7556.0,12117.0,15525.0,38073.0
5,1437742534415.8137,2833.0,7472.0,11800.0,15346.0,37451.0
6,1474842347466.3909,3868.0,9869.0,15226.0,19468.0,48431.0
7,1512332571032.571,2886.0,7408.0,11132.0,14012.0,35438.0
8,1549256352459.0164,3904.0,9519.0,14483.0,17866.0,45772.0
9,1586980273037.5427,2930.0,7187.0,10438.0,12849.0,33404.0
10,1624065821771.6116,3748.0,9447.0,13540.0,16438.0,43173.0
11,1666707290589.452,3868.0,9085.0,13267.0,15703.0,41923.0
12,1709188657035.8481,3738.0,9099.0,12813.0,14805.0,40455.0
13,1751795182326.3242,3757.0,8910.0,12265.0,14129.0,39061.0
14,1794266903073.2861,3807.0,8842.0,11784.0,13581.0,38014.0
15,1837077172108.467,3614.0,8591.0,11650.0,12658.0,36513.0
16,1879457093425.6055,3757.0,8518.0,11150.0,11887.0,35312.0
17,1927607294117.647,4675.0,10389.0,13510.0,14145.0,42719.0
18,1975586748927.0386,3728.0,8116.0,10454.0,10562.0,32860.0
19,2023140851909.0708,4531.0,9902.0,12232.0,12461.0,39126.0
20,2071321359484.1482,3722.0,7762.0,9554.0,9481.0,30519.0
21,2118961083743.8423,4466.0,9614.0,11332.0,11221.0,36633.0
22,2172265459423.2058,4473.0,9378.0,11080.0,10537.0,35468.0
23,2225697178251.8926,4359.0,9061.0,10676.0,9748.0,33844.0
24,2283960213618.1577,5243.0,10617.0,12088.0,11041.0,38989.0
25,2342966045362.677,4453.0,8599.0,9552.0,8635.0,31239.0
26,2395890158013.544,4430.0,8237.0,9186.0,8064.0,29917.0
27,2454650596052.3745,5117.0,9829.0,10429.0,9181.0,34556.0
28,2518360392312.2646,5047.0,9415.0,10037.0,8327.0,32826.0
29,2582443048878.205,4992.0,9334.0,9499.0,7873.0,31698.0
30,2646088085937.5,5120.0,9016.0,9137.0,7474.0,30747.0
31,2710495216535.433,5080.0,8912.0,8913.0,7023.0,29928.0
32,2773975561912.546,4894.0,8802.0,8284.0,6665.0,28645.0
33,2843069411358.536,5793.0,9796.0,9055.0,7153.0,31797.0
34,2912337855844.9424,4953.0,8188.0,7632.0,5700.0,26473.0
35,2981916990788.127,5862.0,9385.0,8666.0,6371.0,30284.0
36,3056244738215.342,5749.0,9376.0,8237.0,5855.0,29217.0
37,3131259299285.341,5737.0,9085.0,8079.0,5561.0,28462.0
38,3205340838055.985,5823.0,8968.0,7551.0,5333.0,27675.0
39,3285580539815.091,6706.0,10198.0,8665.0,5813.0,31382.0
40,3370383558153.477,6672.0,9818.0,8405.0,5330.0,30225.0
41,3455758673707.097,6439.0,9558.0,7891.0,5040.0,28928.0
42,3540600783650.891,6508.0,9279.0,7595.0,4860.0,28242.0
43,3626372111616.2407,6379.0,8981.0,7074.0,4489.0,26923.0
44,3710800213219.616,6097.0,8708.0,6859.0,4267.0,25931.0
45,3802148530465.9497,6975.0,9496.0,7449.0,4608.0,28528.0
46,3897356084577.85,6763.0,9143.0,6763.0,4282.0,26951.0
47,3993482724203.728,6813.0,8722.0,6544.0,4054.0,26133.0
48,4089645299800.644,6521.0,8416.0,6171.0,3810.0,24918.0
49,4190230379213.483,7120.0,8698.0,6465.0,3831.0,26114.0
50,4296782179357.996,6947.0,8440.0,5963.0,3629.0,24979.0
51,4402906346863.469,6775.0,8287.0,5568.0,3364.0,23994.0
52,4509459447786.519,6483.0,7809.0,5274.0,3161.0,22727.0
53,4622043614764.531,7071.0,8104.0,5406.0,3130.0,23711.0
54,4732855548469.388,6272.0,7089.0,4625.0,2585.0,20571.0
55,4844868032056.99,6738.0,7352.0,4635.0,2715.0,21440.0
56,4966803958739.895,7174.0,7596.0,4714.0,2623.0,22107.0
57,5090234632034.632,6468.0,6804.0,4140.0,2200.0,19612.0
58,5212351934826.884,6874.0,7070.0,4294.0,2237.0,20475.0
59,5340076231263.383,6538.0,6573.0,3910.0,2028.0,19049.0
60,5473489374279.123,6936.0,6775.0,3821.0,1963.0,19495.0
61,5611113684825.471,6847.0,6337.0,3595.0,1811.0,18590.0
62,5750127423488.617,6633.0,6165.0,3451.0,1666.0,17915.0
63,5888862700449.006,6236.0,5751.0,3198.0,1526.0,16711.0
64,6032443759398.496,6650.0,6002.0,3144.0,1519.0,17315.0
65,6181510962484.625,6504.0,5611.0,3094.0,1331.0,16540.0
66,6335530135973.987,6766.0,5631.0,2978.0,1331.0,16706.0
67,6489992221862.872,6184.0,5037.0,2566.0,1109.0,14896.0
68,6650032572706.936,6705.0,5319.0,2748.0,1155.0,15927.0
69,6815178918570.969,6214.0,4751.0,2387.0,996.0,14348.0
70,6979873151871.327,6466.0,4869.0,2317.0,976.0,14628.0
71,7150002801302.932,6140.0,4603.0,2174.0,839.0,13756.0
72,7326075141955.836,6340.0,4695.0,2217.0,875.0,14127.0
73,7507759426751.593,6280.0,4457.0,1988.0,703.0,13428.0
74,7692570590052.518,6474.0,4409.0,1946.0,728.0,13557.0
75,7885973493975.903,6225.0,4000.0,1837.0,672.0,12734.0
76,8076035146987.169,6157.0,3799.0,1636.0,579.0,12171.0
77,8273939097379.489,6182.0,3848.0,1678.0,582.0,12290.0
78,8480631979775.636,6329.0,3827.0,1635.0,517.0,12308.0
79,8688030752022.027,5811.0,3328.0,1407.0,443.0,10989.0
80,8901466171243.941,6190.0,3670.0,1381.0,500.0,11741.0
81,9119829918388.61,5759.0,3229.0,1239.0,365.0,10592.0
82,9341836292471.686,6004.0,3417.0,1340.0,387.0,11148.0
83,9579142478632.479,5850.0,3135.0,1214.0,351.0,10550.0
84,9813373016148.637,5759.0,2912.0,1123.0,304.0,10098.0
85,10052101337734.537,5756.0,2898.0,986.0,272.0,9912.0
86,10297238086833.746,5666.0,2816.0,994.0,241.0,9717.0
87,10552170647877.643,5819.0,2797.0,949.0,236.0,9801.0
88,10814310235927.922,5383.0,2465.0,872.0,211.0,8931.0
89,11073690416367.553,5572.0,2415.0,753.0,197.0,8937.0
90,11348125044216.484,5654.0,2342.0,735.0,154.0,8885.0
91,11627773118090.893,5699.0,2328.0,694.0,172.0,8893.0
92,11916231868524.473,5598.0,2116.0,645.0,146.0,8505.0
93,12206500270709.258,5541.0,2076.0,627.0,127.0,8371.0
94,12512387993329.627,5397.0,1948.0,587.0,121.0,8053.0
95,12820075302889.096,5365.0,1861.0,537.0,106.0,7869.0
96,13136327272727.273,5280.0,1843.0,490.0,117.0,7730.0
97,13456524451289.95,5194.0,1581.0,458.0,93.0,7326.0
98,13782314628114.895,5257.0,1666.0,474.0,72.0,7469.0
99,14125960308285.164,5190.0,1478.0,424.0,78.0,7170.0
100,14473123067534.58,4916.0,1477.0,390.0,75.0,6858.0
101,14827229454050.904,5147.0,1364.0,318.0,49.0,6878.0
102,15193776923076.924,5070.0,1308.0,311.0,40.0,6729.0
103,15568291649526.943,4862.0,1148.0,290.0,48.0,6348.0
104,15949641750980.797,4843.0,1164.0,269.0,49.0,6325.0
105,16346822254943.205,4754.0,1021.0,222.0,41.0,6038.0
106,16745934150394.682,4814.0,970.0,247.0,30.0,6061.0
107,17149759114583.334,4608.0,908.0,194.0,28.0,5738.0
108,17571954841511.072,4606.0,877.0,211.0,28.0,5722.0
109,18011087627745.16,4599.0,787.0,163.0,21.0,5570.0
110,18453535554131.965,4683.0,774.0,158.0,30.0,5645.0
111,18912673024523.16,4404.0,683.0,133.0,28.0,5248.0
112,19372710987996.305,4332.0,662.0,137.0,28.0,5159.0
113,19847002096924.51,4292.0,609.0,109.0,19.0,5029.0
114,20338247949378.953,4267.0,565.0,108.0,27.0,4967.0
115,20839601062545.277,4141.0,488.0,115.0,20.0,4764.0
116,21348226963657.68,4265.0,470.0,105.0,23.0,4863.0
117,21877708149239.08,4074.0,417.0,88.0,25.0,4604.0
118,22413696535556.133,3839.0,375.0,70.0,25.0,4309.0
119,22963356355042.016,3808.0,360.0,76.0,13.0,4257.0
120,23529892217101.895,3906.0,315.0,85.0,26.0,4332.0
121,24106032755820.25,3694.0,294.0,67.0,18.0,4073.0
122,24702638577291.383,3655.0,295.0,72.0,19.0,4041.0
123,25306622105843.44,3628.0,274.0,69.0,16.0,3987.0
124,25932587074635.402,3497.0,223.0,61.0,19.0,3800.0
125,26567423076923.08,3458.0,213.0,48.0,26.0,3745.0
126,27216867377146.242,3378.0,175.0,64.0,28.0,3645.0
127,27889333641689.793,3243.0,204.0,69.0,22.0,3538.0
128,28582999371859.297,3184.0,165.0,78.0,18.0,3445.0
129,29285489795918.367,3087.0,139.0,60.0,14.0,3300.0
130,30002222184760.62,2966.0,138.0,53.0,24.0,3181.0
131,30738055631399.316,2930.0,135.0,57.0,15.0,3137.0
132,31496615194346.29,2830.0,119.0,62.0,19.0,3030.0
133,32266778269754.77,2936.0,119.0,57.0,20.0,3132.0
134,33070189061934.082,2761.0,116.0,68.0,17.0,2962.0
135,33879661462300.074,2626.0,124.0,54.0,32.0,2836.0
136,34705881631037.215,2526.0,100.0,65.0,17.0,2708.0
137,35561647151277.016,2545.0,122.0,48.0,32.0,2747.0
138,36441010620915.03,2448.0,121.0,52.0,27.0,2648.0
139,37341438303341.9,2334.0,107.0,62.0,25.0,2528.0
140,38245569817866.44,2306.0,88.0,73.0,15.0,2482.0
141,39193121584699.45,2196.0,101.0,57.0,22.0,2376.0
142,40164462285978.71,2161.0,109.0,57.0,13.0,2340.0
143,41128178283546.7,2109.0,98.0,58.0,20.0,2285.0
144,42160800094295.14,2121.0,110.0,65.0,17.0,2313.0
145,43185580060422.96,1986.0,95.0,60.0,21.0,2162.0
146,44249275392670.16,1910.0,87.0,57.0,21.0,2075.0
147,45339970573051.11,1937.0,98.0,61.0,10.0,2106.0
148,46466173469387.76,1862.0,83.0,55.0,15.0,2015.0
149,47607679639029.89,1773.0,84.0,52.0,21.0,1930.0
150,48762489921612.54,1786.0,89.0,71.0,27.0,1973.0
151,49964332917705.734,1604.0,88.0,68.0,21.0,1781.0
152,51206464440321.586,1617.0,75.0,60.0,22.0,1774.0
153,52464699197035.2,1619.0,96.0,42.0,34.0,1791.0
154,53763417456021.65,1478.0,95.0,54.0,27.0,1654.0
155,55080535018050.54,1385.0,69.0,49.0,23.0,1526.0
156,56432079411764.7,1360.0,90.0,58.0,30.0,1538.0
157,57801151824817.516,1370.0,77.0,63.0,15.0,1525.0
158,59241906106870.23,1310.0,91.0,51.0,24.0,1476.0
159,60691192688499.62,1313.0,76.0,58.0,13.0,1460.0
160,62185148091603.055,1310.0,81.0,57.0,19.0,1467.0
161,63734618037135.28,1131.0,83.0,59.0,18.0,1291.0
162,65285488695652.17,1150.0,66.0,53.0,25.0,1294.0
163,66885126447876.445,1036.0,85.0,46.0,22.0,1189.0
164,68546522790697.67,1075.0,86.0,41.0,13.0,1215.0
165,70201864022662.89,1059.0,82.0,49.0,18.0,1208.0
166,71934584761904.77,1050.0,92.0,50.0,12.0,1204.0
167,73722483298538.62,958.0,79.0,45.0,28.0,1110.0
168,75519872916666.67,960.0,77.0,54.0,21.0,1112.0
169,77389896321070.23,897.0,63.0,66.0,22.0,1048.0
170,79293374717832.95,886.0,66.0,47.0,28.0,1027.0
171,81248044167610.42,883.0,72.0,52.0,19.0,1026.0
172,83221077575757.58,825.0,57.0,53.0,18.0,953.0
173,85254023498694.52,766.0,69.0,32.0,18.0,885.0
174,87402699738903.39,766.0,62.0,42.0,22.0,892.0
175,89512637931034.48,754.0,67.0,26.0,20.0,867.0
176,91730792168674.7,664.0,77.0,50.0,13.0,804.0
177,94008825779036.83,706.0,71.0,39.0,11.0,827.0
178,96364099009900.98,707.0,64.0,29.0,14.0,814.0
179,98722025380710.66,591.0,60.0,30.0,20.0,701.0
180,101149631147540.98,610.0,58.0,38.0,12.0,718.0
181,103592488188976.38,635.0,51.0,36.0,9.0,731.0
182,106145619047619.05,525.0,62.0,26.0,14.0,627.0
183,108762472924187.72,554.0,68.0,28.0,10.0,660.0
184,111440365630712.98,547.0,61.0,28.0,20.0,656.0
185,114162114624505.92,506.0,46.0,27.0,18.0,597.0
186,116998838095238.1,525.0,61.0,21.0,17.0,624.0
187,119824553376906.31,459.0,40.0,18.0,10.0,527.0
188,122759310344827.6,435.0,47.0,31.0,10.0,523.0
189,125756412037037.03,432.0,59.0,26.0,14.0,531.0
190,128904174107142.86,448.0,44.0,28.0,12.0,532.0
191,132038350253807.11,394.0,51.0,25.0,8.0,478.0
192,135401518324607.33,382.0,45.0,15.0,11.0,453.0
193,138585820895522.39,335.0,64.0,19.0,6.0,424.0
194,142019136490250.7,359.0,51.0,30.0,9.0,449.0
195,145508078078078.06,333.0,46.0,20.0,7.0,406.0
196,149156250000000.0,304.0,58.0,29.0,10.0,401.0
197,152830249110320.28,281.0,55.0,16.0,12.0,364.0
198,156647525773195.88,291.0,53.0,23.0,10.0,377.0
