,mass bin,1st Xoff,2nd Xoff,3rd Xoff,4th Xoff,full sample
0,1278046043882.9788,3008.0,8027.0,13092.0,17151.0,41278.0
1,1309763023029.5166,3083.0,8020.0,12809.0,16735.0,40647.0
2,1341578670093.1577,3113.0,7971.0,12833.0,16808.0,40725.0
3,1373978344155.8442,3080.0,8118.0,12544.0,15970.0,39712.0
4,1405512800000.0,3125.0,8122.0,12268.0,15605.0,39120.0
5,1437459171018.2769,3064.0,7834.0,12055.0,15348.0,38301.0
6,1474683112821.7463,4157.0,10662.0,15841.0,19797.0,50457.0
7,1512231528356.2961,3121.0,7709.0,11578.0,14118.0,36526.0
8,1549467723615.7122,4226.0,10036.0,14971.0,17909.0,47142.0
9,1586650779727.0955,3078.0,7711.0,10772.0,12792.0,34353.0
10,1624113013359.723,4042.0,9775.0,13903.0,16635.0,44355.0
11,1666909024211.2986,4089.0,9612.0,13441.0,15470.0,42612.0
12,1709321242145.9644,4138.0,9548.0,13039.0,14875.0,41600.0
13,1751659700735.4807,3943.0,9140.0,12583.0,14002.0,39668.0
14,1794612113720.6428,4045.0,9134.0,12119.0,13363.0,38661.0
15,1836801745200.698,4011.0,9057.0,11555.0,12587.0,37210.0
16,1879537556561.086,3978.0,8818.0,11045.0,11847.0,35688.0
17,1927463052373.1587,4888.0,10806.0,13595.0,13959.0,43248.0
18,1975677453646.477,4045.0,8352.0,10379.0,10527.0,33303.0
19,2023728847339.2234,4867.0,10192.0,12467.0,12528.0,40054.0
20,2070971640211.6401,3780.0,7974.0,9599.0,9229.0,30582.0
21,2119083417614.8335,4746.0,9783.0,11613.0,11370.0,37512.0
22,2172724237933.9543,4724.0,9469.0,11035.0,10638.0,35866.0
23,2225711595722.3735,4769.0,9442.0,10519.0,9793.0,34523.0
24,2284306432748.538,5472.0,10921.0,12138.0,11073.0,39604.0
25,2343025921023.6045,4533.0,8897.0,9548.0,8452.0,31430.0
26,2396246082746.479,4544.0,8531.0,9204.0,7956.0,30235.0
27,2454028973328.462,5474.0,10063.0,10509.0,9024.0,35070.0
28,2518574266740.4536,5421.0,9563.0,10097.0,8489.0,33570.0
29,2582337235058.2393,5237.0,9748.0,9598.0,7964.0,32547.0
30,2645841934876.7173,5313.0,9395.0,9107.0,7313.0,31128.0
31,2710232866588.876,5142.0,8810.0,8758.0,6964.0,29674.0
32,2773755139270.3022,5098.0,8857.0,8377.0,6477.0,28809.0
33,2843831908168.358,6011.0,9831.0,9274.0,7089.0,32205.0
34,2912250987157.37,5217.0,8508.0,7748.0,5720.0,27193.0
35,2981975212111.1294,6011.0,9642.0,8497.0,6370.0,30520.0
36,3056542617283.9507,6075.0,9317.0,8230.0,5991.0,29613.0
37,3130390589980.224,6068.0,9235.0,7797.0,5523.0,28623.0
38,3205300852319.292,6101.0,9228.0,7724.0,5204.0,28257.0
39,3284871295623.0913,6877.0,10225.0,8537.0,5767.0,31406.0
40,3370756808700.8345,6712.0,10073.0,8155.0,5377.0,30317.0
41,3455575898644.667,6788.0,9752.0,7694.0,5170.0,29404.0
42,3541276733343.36,6649.0,9389.0,7497.0,4773.0,28308.0
43,3625506079759.2173,6645.0,9046.0,7088.0,4506.0,27285.0
44,3711101273885.35,6280.0,8784.0,6858.0,4314.0,26236.0
45,3801854405010.4385,7185.0,9491.0,7145.0,4429.0,28250.0
46,3896889442145.8125,7009.0,9457.0,6985.0,4273.0,27724.0
47,3992903835415.1357,6805.0,8667.0,6425.0,3988.0,25885.0
48,4089376868537.666,6770.0,8245.0,6205.0,3744.0,24964.0
49,4190757421710.434,7121.0,8928.0,6437.0,3999.0,26485.0
50,4296908011996.5723,7002.0,8626.0,5952.0,3645.0,25225.0
51,4403135021158.616,6853.0,8058.0,5526.0,3418.0,23855.0
52,4509213498871.332,6645.0,7673.0,5223.0,2957.0,22498.0
53,4621768546400.219,7306.0,8049.0,5334.0,3070.0,23759.0
54,4732859365179.133,6364.0,7118.0,4504.0,2580.0,20566.0
55,4845576342525.399,6890.0,7414.0,4688.0,2637.0,21629.0
56,4967118090871.196,7197.0,7617.0,4796.0,2672.0,22282.0
57,5089173236419.281,6535.0,6737.0,4260.0,2193.0,19725.0
58,5212118861671.47,6940.0,6940.0,4157.0,2220.0,20257.0
59,5340148325217.647,6777.0,6650.0,3988.0,2027.0,19442.0
60,5474111345454.546,6875.0,6672.0,4066.0,2011.0,19624.0
61,5611500693522.207,6777.0,6384.0,3703.0,1837.0,18701.0
62,5750694814595.952,6769.0,6051.0,3452.0,1698.0,17970.0
63,5888785240310.077,6450.0,5726.0,3175.0,1486.0,16837.0
64,6032682044076.32,6761.0,6034.0,3184.0,1552.0,17531.0
65,6181756532319.392,6575.0,5639.0,2979.0,1354.0,16547.0
66,6336424232231.646,6838.0,5643.0,3016.0,1368.0,16865.0
67,6489790584415.584,6160.0,4938.0,2682.0,1043.0,14823.0
68,6650257613227.894,6955.0,5389.0,2828.0,1177.0,16349.0
69,6817082124146.69,6299.0,4637.0,2410.0,996.0,14342.0
70,6980084938271.6045,6480.0,4802.0,2397.0,946.0,14625.0
71,7150749976209.357,6305.0,4627.0,2182.0,901.0,14015.0
72,7325412350537.309,6607.0,4673.0,2175.0,833.0,14288.0
73,7507082777421.424,6236.0,4289.0,1931.0,696.0,13152.0
74,7694480807443.621,6341.0,4364.0,1971.0,763.0,13439.0
75,7885794858693.917,6263.0,4133.0,1809.0,668.0,12873.0
76,8078197212141.208,6062.0,3917.0,1702.0,592.0,12273.0
77,8274184917161.613,6398.0,3831.0,1696.0,559.0,12484.0
78,8481740875000.0,6400.0,3764.0,1609.0,521.0,12294.0
79,8688863965065.502,5725.0,3357.0,1393.0,450.0,10925.0
80,8899625250565.793,6186.0,3603.0,1471.0,465.0,11725.0
81,9120122310689.48,5903.0,3245.0,1304.0,424.0,10876.0
82,9344060486861.195,6203.0,3291.0,1284.0,396.0,11174.0
83,9578635576114.38,5945.0,3128.0,1193.0,342.0,10608.0
84,9812178004216.443,5692.0,2970.0,1043.0,321.0,10026.0
85,10052472285615.49,5784.0,2902.0,1067.0,317.0,10070.0
86,10298503394255.875,5745.0,2588.0,1001.0,242.0,9576.0
87,10551495683087.861,5907.0,2761.0,987.0,259.0,9914.0
88,10815207855093.256,5576.0,2432.0,889.0,239.0,9136.0
89,11072606007067.139,5660.0,2420.0,846.0,190.0,9116.0
90,11344366850828.729,5430.0,2351.0,806.0,180.0,8767.0
91,11627641183723.797,5677.0,2276.0,693.0,163.0,8809.0
92,11915499909600.434,5531.0,2111.0,700.0,152.0,8494.0
93,12209349261992.62,5420.0,2070.0,684.0,133.0,8307.0
94,12512058261183.262,5544.0,1966.0,602.0,128.0,8240.0
95,12821813089295.62,5409.0,1864.0,523.0,116.0,7912.0
96,13136268529076.396,5262.0,1773.0,543.0,113.0,7691.0
97,13454827198760.17,5162.0,1663.0,488.0,81.0,7394.0
98,13787061938443.893,5231.0,1636.0,449.0,73.0,7389.0
99,14126062042310.822,4916.0,1497.0,414.0,78.0,6905.0
100,14472236740968.486,5204.0,1418.0,398.0,56.0,7076.0
101,14828236567452.648,5174.0,1412.0,330.0,60.0,6976.0
102,15196170301348.137,5044.0,1379.0,320.0,60.0,6803.0
103,15571161973278.52,4865.0,1247.0,300.0,37.0,6449.0
104,15949916092419.943,4934.0,1147.0,267.0,45.0,6393.0
105,16346313652372.074,4827.0,1091.0,224.0,37.0,6179.0
106,16744836241328.568,4757.0,1019.0,208.0,38.0,6022.0
107,17152777484027.318,4539.0,957.0,213.0,30.0,5739.0
108,17574192638829.1,4646.0,874.0,159.0,40.0,5719.0
109,18006631115879.83,4660.0,828.0,172.0,29.0,5689.0
110,18452569266837.168,4692.0,765.0,159.0,25.0,5641.0
111,18910625197561.527,4429.0,661.0,158.0,26.0,5274.0
112,19372183243622.746,4273.0,687.0,136.0,27.0,5123.0
113,19843528270641.117,4227.0,601.0,133.0,26.0,4987.0
114,20339225533912.227,4261.0,556.0,134.0,21.0,4972.0
115,20839219717612.09,4037.0,543.0,115.0,26.0,4721.0
116,21347309696092.62,4146.0,454.0,107.0,15.0,4722.0
117,21876504281636.535,4204.0,444.0,94.0,24.0,4766.0
118,22414697115384.617,3952.0,373.0,107.0,21.0,4453.0
119,22962851515151.516,3960.0,337.0,79.0,30.0,4406.0
120,23532099580712.79,3816.0,306.0,75.0,14.0,4211.0
121,24107189290495.316,3735.0,320.0,52.0,20.0,4127.0
122,24698080182354.52,3729.0,242.0,74.0,18.0,4063.0
123,25310339421185.727,3559.0,284.0,92.0,23.0,3958.0
124,25927092844974.445,3522.0,195.0,90.0,25.0,3832.0
125,26564902810304.45,3416.0,210.0,63.0,24.0,3713.0
126,27223301012580.547,3259.0,168.0,67.0,21.0,3515.0
127,27898611322968.613,3409.0,194.0,63.0,30.0,3696.0
128,28587463911165.945,3242.0,159.0,61.0,23.0,3485.0
129,29280388631857.24,3026.0,143.0,64.0,26.0,3259.0
130,30010125981675.395,3056.0,136.0,59.0,19.0,3270.0
131,30741568872383.523,2962.0,126.0,75.0,19.0,3182.0
132,31482732779508.48,2889.0,121.0,60.0,10.0,3080.0
133,32269411805078.93,2914.0,140.0,56.0,20.0,3130.0
134,33063155677655.676,2730.0,123.0,61.0,18.0,2932.0
135,33872005950167.348,2689.0,131.0,54.0,21.0,2895.0
136,34719080854309.688,2622.0,110.0,66.0,14.0,2812.0
137,35568342552350.85,2531.0,82.0,45.0,19.0,2677.0
138,36444818367346.94,2450.0,90.0,47.0,29.0,2616.0
139,37332378730559.055,2379.0,109.0,60.0,19.0,2567.0
140,38251441798941.8,2268.0,123.0,46.0,18.0,2455.0
141,39192015758667.266,2221.0,90.0,56.0,18.0,2385.0
142,40158140930232.555,2150.0,95.0,59.0,17.0,2321.0
143,41137309767441.86,2150.0,103.0,52.0,20.0,2325.0
144,42154294920037.63,2126.0,138.0,65.0,13.0,2342.0
145,43190965753424.66,2044.0,105.0,62.0,28.0,2239.0
146,44248372872614.75,1939.0,85.0,44.0,17.0,2085.0
147,45352670649350.65,1925.0,93.0,51.0,26.0,2095.0
148,46464144048943.27,1798.0,81.0,71.0,15.0,1965.0
149,47605895335608.65,1758.0,97.0,55.0,24.0,1934.0
150,48787875226039.78,1659.0,98.0,54.0,27.0,1838.0
151,49966327135386.41,1721.0,110.0,50.0,19.0,1900.0
152,51206428844926.61,1567.0,90.0,53.0,21.0,1731.0
153,52471213188220.234,1562.0,92.0,65.0,29.0,1748.0
154,53749020090732.336,1543.0,93.0,49.0,20.0,1705.0
155,55060872487872.484,1443.0,83.0,63.0,21.0,1610.0
156,56415627591136.52,1399.0,97.0,45.0,24.0,1565.0
157,57831275664034.46,1393.0,85.0,58.0,16.0,1552.0
158,59236983941605.836,1370.0,65.0,48.0,18.0,1501.0
159,60696507020280.81,1282.0,82.0,42.0,23.0,1429.0
160,62184312788906.01,1298.0,91.0,64.0,18.0,1471.0
161,63682278861788.62,1230.0,78.0,48.0,27.0,1383.0
162,65251168096054.89,1166.0,71.0,45.0,19.0,1301.0
163,66881486288848.266,1094.0,67.0,53.0,12.0,1226.0
164,68524997131931.164,1046.0,79.0,43.0,29.0,1197.0
165,70228177251184.836,1055.0,79.0,55.0,10.0,1199.0
166,71943953199617.95,1047.0,77.0,54.0,19.0,1197.0
167,73719745884773.66,972.0,87.0,59.0,24.0,1142.0
168,75528099688473.52,963.0,87.0,35.0,22.0,1107.0
169,77391942093541.2,898.0,67.0,52.0,15.0,1032.0
170,79347129943502.83,885.0,71.0,52.0,13.0,1021.0
171,81241789976133.66,838.0,63.0,47.0,22.0,970.0
172,83272072139303.48,804.0,77.0,51.0,26.0,958.0
173,85312231770833.33,768.0,79.0,44.0,14.0,905.0
174,87388676190476.19,735.0,66.0,40.0,12.0,853.0
175,89532975098296.2,763.0,67.0,58.0,18.0,906.0
176,91706318801089.92,734.0,54.0,50.0,12.0,850.0
177,93948266165413.53,665.0,74.0,44.0,14.0,797.0
178,96252397832817.34,646.0,68.0,48.0,17.0,779.0
179,98654333333333.33,636.0,58.0,30.0,15.0,739.0
180,101056814216478.19,619.0,64.0,37.0,12.0,732.0
181,103617697594501.72,582.0,52.0,50.0,22.0,706.0
182,106117565674255.69,571.0,71.0,36.0,14.0,692.0
183,108720837887067.39,549.0,71.0,34.0,8.0,662.0
184,111380117647058.83,510.0,54.0,34.0,8.0,606.0
185,114123433395872.42,533.0,53.0,30.0,21.0,637.0
186,116958213552361.39,487.0,60.0,25.0,13.0,585.0
187,119818680000000.0,500.0,45.0,35.0,11.0,591.0
188,122829336188436.83,467.0,53.0,30.0,15.0,565.0
189,125719685230024.22,413.0,47.0,30.0,11.0,501.0
190,128930314769975.78,413.0,50.0,29.0,9.0,501.0
191,132158510101010.1,396.0,43.0,27.0,8.0,474.0
192,135299240506329.11,395.0,41.0,25.0,13.0,474.0
193,138717994579945.8,369.0,34.0,33.0,7.0,443.0
194,142021628571428.56,350.0,57.0,24.0,10.0,441.0
195,145610289389067.53,311.0,45.0,24.0,7.0,387.0
196,149120129870129.88,308.0,49.0,22.0,4.0,383.0
197,152970858085808.6,303.0,56.0,25.0,5.0,389.0
198,156567859649122.8,285.0,43.0,22.0,5.0,355.0
