,mass bin,1st Xoff,2nd Xoff,3rd Xoff,4th Xoff,full sample
0,1277902243721.6963,4858.0,11594.0,15592.0,16000.0,48044.0
1,1310083559699.9797,4933.0,11319.0,15172.0,15667.0,47091.0
2,1341874248042.8513,4854.0,11296.0,14681.0,15296.0,46127.0
3,1373716132305.1948,4928.0,10930.0,14235.0,14816.0,44909.0
4,1405733396068.5906,4782.0,11012.0,13887.0,13950.0,43631.0
5,1437461239012.139,4778.0,10717.0,13648.0,13614.0,42757.0
6,1475222780648.1917,6387.0,14026.0,17309.0,16903.0,54625.0
7,1511906983531.3738,4797.0,10193.0,12625.0,11894.0,39509.0
8,1549354334983.2349,6263.0,13271.0,16001.0,15163.0,50698.0
9,1586762781229.912,4667.0,9770.0,11569.0,10683.0,36689.0
10,1623924050230.488,6291.0,12681.0,14754.0,13731.0,47457.0
11,1666496538775.5103,6125.0,12833.0,14160.0,12729.0,45847.0
12,1709246011964.1077,6018.0,12158.0,13578.0,11718.0,43472.0
13,1751583211070.3567,5998.0,11974.0,12746.0,11325.0,42043.0
14,1794231618019.2341,5927.0,11616.0,12246.0,10276.0,40065.0
15,1837053327688.3997,5905.0,11093.0,11735.0,9993.0,38726.0
16,1879462351543.9429,5894.0,10934.0,11159.0,9141.0,37128.0
17,1927675711938.6638,7304.0,13297.0,13269.0,10766.0,44636.0
18,1975351194239.5503,5694.0,10389.0,10289.0,8110.0,34482.0
19,2023078516514.8064,7024.0,12773.0,12266.0,9142.0,41205.0
20,2071091797876.2358,5462.0,9641.0,9206.0,6858.0,31167.0
21,2119429755671.9023,6876.0,11851.0,10991.0,8103.0,37821.0
22,2172171831395.3489,6880.0,11394.0,10468.0,7635.0,36377.0
23,2225751443990.665,6856.0,11157.0,9985.0,6943.0,34941.0
24,2284576646923.728,8273.0,12948.0,11485.0,7816.0,40522.0
25,2342773935772.965,6695.0,10724.0,9013.0,6080.0,32512.0
26,2396365873493.976,6640.0,10294.0,8583.0,5722.0,31239.0
27,2455094086429.113,7914.0,12167.0,9947.0,6350.0,36378.0
28,2518590493218.249,8110.0,11800.0,9321.0,5797.0,35028.0
29,2582417581464.5024,8071.0,11909.0,9096.0,5579.0,34655.0
30,2646591776960.784,8160.0,11482.0,8700.0,5012.0,33354.0
31,2709953491827.637,8076.0,11371.0,8370.0,4783.0,32600.0
32,2774284896798.9126,8091.0,10744.0,7881.0,4453.0,31169.0
33,2843413110651.7246,9191.0,12244.0,8693.0,4998.0,35126.0
34,2912667406923.5796,7655.0,10192.0,7039.0,3820.0,28706.0
35,2981431844835.3633,8868.0,11295.0,7794.0,4149.0,32106.0
36,3056982857142.857,8680.0,10673.0,7273.0,3823.0,30449.0
37,3130500986216.73,8416.0,10216.0,6783.0,3640.0,29055.0
38,3205357075868.7026,8317.0,9817.0,6434.0,3290.0,27858.0
39,3284631712912.388,9154.0,10779.0,6727.0,3501.0,30161.0
40,3370333038809.9766,8941.0,10146.0,6213.0,3210.0,28510.0
41,3455258201489.0645,8596.0,9696.0,5805.0,2824.0,26921.0
42,3541103401360.5444,8379.0,8891.0,5236.0,2643.0,25149.0
43,3625307088358.356,8126.0,8476.0,5007.0,2424.0,24033.0
44,3710861581291.7593,8082.0,8061.0,4596.0,2202.0,22941.0
45,3801508725808.256,8939.0,8378.0,4750.0,2140.0,24207.0
46,3897618767840.1523,8408.0,8073.0,4282.0,1941.0,22704.0
47,3993403361138.371,8152.0,7478.0,4042.0,1781.0,21453.0
48,4088327988121.752,8082.0,7124.0,3590.0,1616.0,20412.0
49,4190179807021.623,8602.0,7358.0,3828.0,1577.0,21365.0
50,4296632128415.6353,8161.0,6883.0,3524.0,1408.0,19976.0
51,4403139569945.625,8092.0,6646.0,3062.0,1260.0,19060.0
52,4509602312661.499,7740.0,6006.0,2889.0,1122.0,17757.0
53,4620726553201.619,8402.0,6482.0,2940.0,1063.0,18887.0
54,4733086693604.57,7177.0,5439.0,2465.0,829.0,15910.0
55,4845135505761.844,7810.0,5561.0,2482.0,867.0,16720.0
56,4967201460564.752,8216.0,5761.0,2493.0,838.0,17308.0
57,5089910882512.182,7388.0,4950.0,2040.0,695.0,15073.0
58,5211884389111.082,7751.0,5165.0,2102.0,639.0,15657.0
59,5340492892493.813,7274.0,4809.0,1873.0,582.0,14538.0
60,5473169194190.978,7781.0,4752.0,1933.0,524.0,14990.0
61,5611749142390.417,7346.0,4468.0,1667.0,478.0,13959.0
62,5750397263852.605,7273.0,4225.0,1544.0,393.0,13435.0
63,5888884446053.584,6905.0,3812.0,1381.0,380.0,12478.0
64,6032548440748.44,7215.0,3912.0,1370.0,351.0,12848.0
65,6181846895471.376,7022.0,3700.0,1246.0,298.0,12266.0
66,6335969263516.39,7047.0,3627.0,1209.0,292.0,12175.0
67,6491044996096.8,6405.0,3328.0,961.0,259.0,10953.0
68,6650063268721.238,7171.0,3372.0,1040.0,225.0,11808.0
69,6815500141132.193,6377.0,2979.0,873.0,206.0,10435.0
70,6980231857731.644,6551.0,2913.0,816.0,182.0,10462.0
71,7150471280765.01,6379.0,2747.0,823.0,155.0,10104.0
72,7326672613976.968,6339.0,2734.0,743.0,151.0,9967.0
73,7506403152000.0,6250.0,2448.0,713.0,135.0,9546.0
74,7693727212284.3125,6317.0,2429.0,695.0,114.0,9555.0
75,7885541355988.123,6062.0,2315.0,550.0,127.0,9054.0
76,8077238293918.919,5920.0,2063.0,515.0,90.0,8588.0
77,8272396577100.805,5843.0,1988.0,521.0,83.0,8435.0
78,8482527188788.129,6065.0,2050.0,453.0,56.0,8624.0
79,8688625184638.109,5416.0,1646.0,391.0,70.0,7523.0
80,8901652475247.525,5757.0,1767.0,387.0,76.0,7987.0
81,9120688644549.764,5275.0,1557.0,356.0,57.0,7245.0
82,9342737154287.703,5749.0,1541.0,318.0,60.0,7668.0
83,9577373148651.096,5523.0,1437.0,279.0,49.0,7288.0
84,9813665956630.205,5211.0,1311.0,252.0,33.0,6807.0
85,10050809156579.46,5122.0,1198.0,239.0,32.0,6591.0
86,10295455153422.502,5084.0,1093.0,190.0,18.0,6385.0
87,10553211046511.627,5160.0,1101.0,158.0,25.0,6444.0
88,10813959528907.924,4670.0,908.0,161.0,27.0,5766.0
89,11074630493647.156,4801.0,860.0,144.0,25.0,5830.0
90,11344022870331.516,4766.0,838.0,132.0,32.0,5768.0
91,11629259444203.213,4606.0,782.0,130.0,16.0,5534.0
92,11916261269342.902,4459.0,661.0,106.0,17.0,5243.0
93,12206628825947.922,4378.0,628.0,94.0,14.0,5114.0
94,12508922535211.268,4402.0,587.0,100.0,15.0,5104.0
95,12822189499389.5,4095.0,566.0,92.0,14.0,4767.0
96,13136065907438.818,4127.0,461.0,74.0,14.0,4676.0
97,13454337678936.605,3912.0,420.0,82.0,14.0,4428.0
98,13785472986493.246,3998.0,405.0,71.0,14.0,4488.0
99,14122030636925.559,3721.0,314.0,67.0,16.0,4118.0
100,14471009161576.902,3602.0,296.0,73.0,20.0,3991.0
101,14826071568353.37,3577.0,299.0,52.0,10.0,3938.0
102,15190782879818.594,3528.0,262.0,49.0,15.0,3854.0
103,15567080035440.047,3386.0,220.0,42.0,12.0,3660.0
104,15949072442341.81,3382.0,194.0,38.0,12.0,3626.0
105,16344380803011.293,3188.0,176.0,46.0,18.0,3428.0
106,16737649889205.445,3159.0,155.0,57.0,16.0,3387.0
107,17151471816976.127,3016.0,141.0,57.0,11.0,3225.0
108,17574718750000.0,2880.0,105.0,37.0,8.0,3030.0
109,18004314324974.234,2911.0,104.0,34.0,15.0,3064.0
110,18453180952380.953,2730.0,109.0,34.0,12.0,2885.0
111,18916323348971.492,2771.0,112.0,27.0,12.0,2922.0
112,19376901620806.633,2653.0,96.0,38.0,16.0,2803.0
113,19843311420143.277,2373.0,81.0,36.0,13.0,2503.0
114,20336521489971.348,2443.0,81.0,37.0,9.0,2570.0
115,20838107312851.58,2311.0,54.0,36.0,7.0,2408.0
116,21347360842844.6,2278.0,78.0,37.0,13.0,2406.0
117,21876480106100.797,2262.0,68.0,30.0,8.0,2368.0
118,22414922385234.266,2113.0,54.0,40.0,9.0,2216.0
119,22963673944687.047,2061.0,60.0,27.0,8.0,2156.0
120,23526715256008.36,1914.0,59.0,37.0,11.0,2021.0
121,24106678040726.473,1817.0,63.0,25.0,7.0,1912.0
122,24697747442110.93,1857.0,63.0,29.0,9.0,1958.0
123,25306708759954.492,1758.0,55.0,34.0,9.0,1856.0
124,25931344342507.645,1635.0,48.0,40.0,14.0,1737.0
125,26562953855878.633,1582.0,56.0,33.0,17.0,1688.0
126,27222017601043.023,1534.0,53.0,30.0,7.0,1624.0
127,27890341918866.71,1553.0,47.0,30.0,4.0,1634.0
128,28580603562005.277,1516.0,68.0,27.0,16.0,1627.0
129,29303751466275.66,1364.0,61.0,32.0,9.0,1466.0
130,30001136397889.977,1327.0,57.0,29.0,10.0,1423.0
131,30737624900872.324,1261.0,56.0,28.0,11.0,1356.0
132,31497113998323.555,1193.0,61.0,34.0,8.0,1296.0
133,32253067043618.74,1238.0,59.0,38.0,7.0,1342.0
134,33061785510009.53,1049.0,55.0,29.0,12.0,1145.0
135,33861996383363.473,1106.0,43.0,27.0,11.0,1187.0
136,34711833502538.07,985.0,50.0,26.0,7.0,1068.0
137,35552105633802.82,994.0,59.0,32.0,7.0,1092.0
138,36451291576673.87,926.0,39.0,17.0,3.0,985.0
139,37332644637053.086,923.0,40.0,17.0,10.0,990.0
140,38233929316338.35,863.0,42.0,28.0,8.0,941.0
141,39191693548387.09,806.0,49.0,17.0,9.0,881.0
142,40159851497005.984,835.0,41.0,30.0,9.0,915.0
143,41133749636098.984,687.0,52.0,31.0,4.0,774.0
144,42159810846560.84,756.0,52.0,25.0,4.0,837.0
145,43179018651362.984,697.0,39.0,22.0,9.0,767.0
146,44253377151799.69,639.0,32.0,21.0,8.0,700.0
147,45345639934533.555,611.0,31.0,19.0,5.0,666.0
148,46459308661417.32,635.0,42.0,23.0,9.0,709.0
149,47588892988929.89,542.0,39.0,20.0,10.0,611.0
150,48769788091068.305,571.0,45.0,18.0,8.0,642.0
151,49954972549019.61,510.0,47.0,14.0,8.0,579.0
152,51225509090909.09,495.0,28.0,26.0,5.0,554.0
153,52497134042553.195,470.0,34.0,17.0,7.0,528.0
154,53745817307692.305,416.0,32.0,21.0,6.0,475.0
155,55084056603773.586,371.0,24.0,16.0,4.0,415.0
156,56438530562347.19,409.0,35.0,15.0,9.0,468.0
157,57787581871345.03,342.0,28.0,19.0,5.0,394.0
158,59237625000000.0,336.0,29.0,22.0,6.0,393.0
159,60637661375661.375,378.0,27.0,20.0,8.0,433.0
160,62187338235294.12,340.0,32.0,12.0,6.0,390.0
161,63691875000000.0,304.0,21.0,18.0,2.0,345.0
162,65266921428571.43,280.0,23.0,11.0,3.0,317.0
163,66875590909090.91,308.0,19.0,15.0,5.0,347.0
164,68472322916666.664,288.0,18.0,10.0,2.0,318.0
165,70203266409266.41,259.0,29.0,8.0,2.0,298.0
166,71930126394052.05,269.0,27.0,10.0,4.0,310.0
167,73661966804979.25,241.0,20.0,8.0,4.0,273.0
168,75515319796954.31,197.0,15.0,9.0,6.0,227.0
169,77304554502369.67,211.0,23.0,8.0,2.0,244.0
170,79272250000000.0,184.0,22.0,5.0,2.0,213.0
171,81244631578947.38,171.0,20.0,11.0,0.0,202.0
172,83239535031847.14,157.0,17.0,5.0,5.0,184.0
173,85293505263157.89,190.0,20.0,7.0,2.0,219.0
174,87310378881987.58,161.0,19.0,7.0,2.0,189.0
175,89514416666666.67,144.0,21.0,17.0,1.0,183.0
176,91724551282051.28,156.0,16.0,7.0,3.0,182.0
177,93969109489051.1,137.0,17.0,9.0,1.0,164.0
178,96381000000000.0,112.0,12.0,9.0,5.0,138.0
179,98644660550458.72,109.0,15.0,6.0,3.0,133.0
180,100949196261682.25,107.0,26.0,7.0,2.0,142.0
181,103467604166666.67,96.0,13.0,4.0,1.0,114.0
182,106072340425531.92,94.0,13.0,2.0,2.0,111.0
183,108846206896551.72,87.0,17.0,6.0,3.0,113.0
184,111280000000000.0,75.0,13.0,7.0,4.0,99.0
185,114026794871794.88,78.0,16.0,4.0,3.0,101.0
186,117137246376811.6,69.0,11.0,6.0,1.0,87.0
187,120051232876712.33,73.0,10.0,7.0,1.0,91.0
188,123058412698412.7,63.0,12.0,2.0,5.0,82.0
189,125877169811320.75,53.0,17.0,1.0,2.0,73.0
190,128901333333333.33,45.0,10.0,5.0,0.0,60.0
191,132242500000000.0,44.0,6.0,5.0,0.0,55.0
192,135349148936170.22,47.0,8.0,5.0,3.0,63.0
193,138932285714285.72,35.0,11.0,4.0,2.0,52.0
194,142180000000000.0,44.0,12.0,4.0,3.0,63.0
195,146016333333333.34,30.0,3.0,1.0,1.0,35.0
196,149113055555555.56,36.0,4.0,1.0,1.0,42.0
197,152854705882352.94,34.0,13.0,4.0,1.0,52.0
198,156308750000000.0,32.0,11.0,1.0,2.0,46.0
