,mass bin,1st Xoff,2nd Xoff,3rd Xoff,4th Xoff,full sample
0,1277890548692.9043,3481.0,8957.0,13963.0,17456.0,43857.0
1,1309829211837.0935,3413.0,8908.0,13812.0,17164.0,43297.0
2,1341877191960.3845,3433.0,9008.0,13709.0,16782.0,42932.0
3,1373733728144.388,3546.0,8944.0,13127.0,16260.0,41877.0
4,1405595168800.9314,3436.0,8841.0,13100.0,15839.0,41216.0
5,1437708780903.6658,3519.0,8705.0,12838.0,15313.0,40375.0
6,1474821440934.6604,4622.0,11370.0,16373.0,19653.0,52018.0
7,1512252564841.4985,3470.0,8259.0,12164.0,14011.0,37904.0
8,1549319883293.711,4627.0,10930.0,15608.0,17857.0,49022.0
9,1586717224880.3828,3344.0,8092.0,11297.0,13062.0,35795.0
10,1624270109843.684,4734.0,10901.0,14518.0,16124.0,46277.0
11,1666474586236.9338,4592.0,10464.0,14117.0,15427.0,44600.0
12,1709149318491.5947,4402.0,9918.0,13415.0,14820.0,42555.0
13,1751822378544.735,4549.0,10005.0,13027.0,13831.0,41412.0
14,1794569250171.979,4361.0,9989.0,12622.0,12942.0,39914.0
15,1836931137162.9543,4265.0,9638.0,12087.0,12371.0,38361.0
16,1879896750738.4685,4401.0,9324.0,11598.0,11530.0,36853.0
17,1927219914066.8784,5353.0,11490.0,13818.0,13909.0,44570.0
18,1975562488284.911,4268.0,8869.0,10814.0,10293.0,34244.0
19,2023309912977.677,5286.0,10971.0,12943.0,12276.0,41476.0
20,2071255308880.3088,4144.0,8535.0,9880.0,9233.0,31792.0
21,2119264781937.4758,5182.0,10537.0,11892.0,10643.0,38254.0
22,2172383932306.5222,5259.0,10282.0,11286.0,10101.0,36928.0
23,2225539642997.254,5098.0,10152.0,11147.0,9397.0,35794.0
24,2284437300796.813,6024.0,11509.0,12665.0,10571.0,40769.0
25,2342475485008.8184,5103.0,9299.0,10042.0,8303.0,32747.0
26,2395753310729.956,5014.0,9179.0,9413.0,7518.0,31124.0
27,2454787713368.2607,5917.0,10600.0,10774.0,8614.0,35905.0
28,2518370772905.6475,5861.0,10616.0,10440.0,8227.0,35144.0
29,2582835098650.052,5778.0,10189.0,9832.0,7599.0,33398.0
30,2646334773555.44,5763.0,9974.0,9427.0,7207.0,32371.0
31,2710337450946.9375,5861.0,9934.0,8867.0,6678.0,31340.0
32,2774077813613.9873,5891.0,9531.0,8607.0,6366.0,30395.0
33,2843282191384.7935,6918.0,11223.0,9584.0,6835.0,34560.0
34,2912990793541.7383,5822.0,9611.0,8064.0,5571.0,29068.0
35,2981963437866.354,6824.0,10576.0,8990.0,5999.0,32389.0
36,3056079239162.489,6782.0,10307.0,8607.0,5935.0,31631.0
37,3130650908562.291,6879.0,10251.0,8364.0,5457.0,30951.0
38,3205342955175.938,6849.0,9947.0,8055.0,5165.0,30016.0
39,3285599479791.917,7497.0,11075.0,8885.0,5650.0,33107.0
40,3370459393384.7563,7649.0,10684.0,8285.0,5256.0,31874.0
41,3455629194134.266,7433.0,10101.0,8001.0,4928.0,30463.0
42,3540935323943.662,7100.0,9851.0,7667.0,4678.0,29296.0
43,3626110511562.7188,7135.0,9548.0,7187.0,4369.0,28239.0
44,3711347746842.7095,6968.0,9218.0,6716.0,4068.0,26970.0
45,3801527418936.4463,7710.0,9936.0,7092.0,4277.0,29015.0
46,3897850559073.151,7423.0,9476.0,6574.0,4032.0,27505.0
47,3992827892449.7554,7364.0,8936.0,6181.0,3617.0,26098.0
48,4088775227431.7705,7145.0,8498.0,5707.0,3430.0,24780.0
49,4189861021090.535,7776.0,9054.0,6151.0,3482.0,26463.0
50,4296054970530.4517,7635.0,8482.0,5692.0,3160.0,24969.0
51,4402875967078.189,7290.0,7997.0,5299.0,2955.0,23541.0
52,4509248519966.49,7162.0,7862.0,4953.0,2714.0,22691.0
53,4621738705398.594,7539.0,8043.0,4863.0,2547.0,22992.0
54,4733809149158.099,6711.0,6952.0,4146.0,2244.0,20053.0
55,4844866054535.337,7188.0,7293.0,4386.0,2312.0,21179.0
56,4966928045251.25,7602.0,7463.0,4521.0,2212.0,21798.0
57,5089561560053.184,6769.0,6468.0,3704.0,1861.0,18802.0
58,5213509137813.985,7365.0,6770.0,3833.0,1870.0,19838.0
59,5340978826284.612,7259.0,6428.0,3532.0,1774.0,18993.0
60,5473188546075.085,7325.0,6661.0,3642.0,1628.0,19256.0
61,5611789258489.259,7215.0,6325.0,3344.0,1531.0,18415.0
62,5750637733661.788,6901.0,5913.0,3108.0,1413.0,17335.0
63,5888015118821.985,6859.0,5646.0,2915.0,1219.0,16639.0
64,6033044827586.207,7105.0,5699.0,2904.0,1181.0,16889.0
65,6182387645652.823,6694.0,5566.0,2654.0,1075.0,15989.0
66,6335561491907.107,7105.0,5439.0,2731.0,1071.0,16346.0
67,6491393867411.893,6441.0,4993.0,2280.0,910.0,14624.0
68,6649113527302.813,7252.0,5197.0,2435.0,883.0,15767.0
69,6815163905978.861,6339.0,4536.0,2113.0,732.0,13720.0
70,6979946168639.054,6760.0,4518.0,2088.0,677.0,14043.0
71,7149038214231.297,6563.0,4403.0,1988.0,639.0,13593.0
72,7326395380515.25,6754.0,4438.0,1844.0,646.0,13682.0
73,7507168474223.741,6731.0,4171.0,1754.0,569.0,13225.0
74,7694011422728.601,6846.0,4191.0,1698.0,554.0,13289.0
75,7884476685133.888,6498.0,3831.0,1578.0,519.0,12426.0
76,8077650665414.122,6387.0,3614.0,1479.0,453.0,11933.0
77,8274284764245.124,6511.0,3498.0,1406.0,377.0,11792.0
78,8482182247992.863,6726.0,3493.0,1364.0,373.0,11956.0
79,8688636999674.585,6146.0,3176.0,1143.0,345.0,10810.0
80,8904360888679.541,6369.0,3379.0,1225.0,316.0,11289.0
81,9120730842817.088,6063.0,2959.0,1004.0,261.0,10287.0
82,9344910103221.77,6394.0,3136.0,1117.0,267.0,10914.0
83,9578199742268.041,6208.0,2862.0,975.0,214.0,10259.0
84,9814411769630.002,5973.0,2705.0,928.0,224.0,9830.0
85,10052160741962.078,6065.0,2682.0,882.0,185.0,9814.0
86,10296232851063.83,5875.0,2546.0,773.0,180.0,9374.0
87,10551781947589.777,6182.0,2504.0,789.0,175.0,9650.0
88,10814555787641.428,5745.0,2252.0,667.0,158.0,8822.0
89,11075646232006.773,5905.0,2181.0,648.0,118.0,8852.0
90,11346201978136.387,5763.0,2043.0,609.0,121.0,8536.0
91,11628659696458.686,5930.0,2065.0,539.0,103.0,8637.0
92,11913937277263.008,5612.0,1849.0,535.0,92.0,8088.0
93,12208327842720.51,5646.0,1784.0,488.0,78.0,7996.0
94,12512090830449.826,5780.0,1738.0,425.0,53.0,7996.0
95,12819769381922.115,5598.0,1589.0,342.0,69.0,7598.0
96,13133036229271.81,5548.0,1476.0,369.0,48.0,7441.0
97,13454564092810.955,5258.0,1421.0,344.0,61.0,7084.0
98,13785978397341.21,5416.0,1394.0,343.0,49.0,7202.0
99,14123685757633.227,5273.0,1305.0,275.0,56.0,6909.0
100,14471968223583.46,5224.0,1178.0,253.0,40.0,6695.0
101,14827253816793.893,5240.0,1087.0,243.0,41.0,6611.0
102,15194518722901.064,5074.0,1046.0,241.0,33.0,6394.0
103,15566352477249.748,4945.0,978.0,220.0,47.0,6190.0
104,15949661770466.12,5106.0,917.0,184.0,41.0,6248.0
105,16345466876971.61,4755.0,768.0,167.0,28.0,5718.0
106,16745048836242.727,4812.0,806.0,151.0,31.0,5800.0
107,17155878868620.62,4879.0,660.0,145.0,29.0,5713.0
108,17578905992425.93,4489.0,622.0,154.0,18.0,5283.0
109,18008096725549.332,4642.0,629.0,123.0,16.0,5410.0
110,18452332245430.81,4596.0,575.0,118.0,25.0,5314.0
111,18908795270270.27,4440.0,492.0,100.0,12.0,5044.0
112,19376265068818.227,4214.0,436.0,91.0,22.0,4763.0
113,19851450624558.094,4243.0,437.0,92.0,13.0,4785.0
114,20335928874234.574,4246.0,375.0,92.0,23.0,4736.0
115,20838549753694.582,4060.0,383.0,62.0,22.0,4527.0
116,21355447473736.867,3998.0,321.0,68.0,16.0,4403.0
117,21878517730496.453,3948.0,286.0,70.0,27.0,4331.0
118,22418021041827.047,3897.0,257.0,70.0,18.0,4242.0
119,22959918001629.105,3683.0,241.0,66.0,18.0,4008.0
120,23526753476956.64,3667.0,249.0,62.0,22.0,4000.0
121,24105226285714.285,3500.0,201.0,59.0,23.0,3783.0
122,24691546806649.168,3429.0,217.0,62.0,16.0,3724.0
123,25303762085822.92,3682.0,192.0,68.0,23.0,3965.0
124,25931339476813.316,3364.0,159.0,64.0,19.0,3606.0
125,26567542084472.805,3291.0,138.0,66.0,21.0,3516.0
126,27220896041197.297,3107.0,133.0,72.0,19.0,3331.0
127,27895203945275.215,3143.0,141.0,71.0,18.0,3373.0
128,28568070380253.504,2998.0,130.0,55.0,25.0,3208.0
129,29284634670487.105,2792.0,125.0,55.0,24.0,2996.0
130,30006400910364.145,2856.0,131.0,55.0,26.0,3068.0
131,30741286500366.836,2726.0,93.0,56.0,21.0,2896.0
132,31494456482484.652,2769.0,117.0,47.0,31.0,2964.0
133,32269860139860.14,2574.0,88.0,57.0,23.0,2742.0
134,33061560323886.64,2470.0,119.0,66.0,19.0,2674.0
135,33875026555687.67,2523.0,98.0,49.0,18.0,2688.0
136,34722524132091.45,2362.0,84.0,69.0,21.0,2536.0
137,35556065886432.59,2307.0,122.0,54.0,21.0,2504.0
138,36439477611940.3,2211.0,100.0,65.0,26.0,2402.0
139,37337051541647.49,2173.0,108.0,54.0,20.0,2355.0
140,38251477304632.664,2137.0,119.0,62.0,21.0,2339.0
141,39192125594671.74,2102.0,116.0,51.0,15.0,2284.0
142,40150890155440.414,1930.0,88.0,41.0,29.0,2088.0
143,41129609691160.81,1878.0,101.0,51.0,20.0,2050.0
144,42152193010752.69,1860.0,98.0,52.0,25.0,2035.0
145,43190242784380.305,1767.0,97.0,71.0,18.0,1953.0
146,44258629881154.5,1767.0,80.0,50.0,15.0,1912.0
147,45347339348079.164,1718.0,86.0,61.0,23.0,1888.0
148,46470913419913.42,1617.0,92.0,50.0,37.0,1796.0
149,47600125603864.734,1656.0,86.0,50.0,12.0,1804.0
150,48769019484600.88,1591.0,82.0,46.0,17.0,1736.0
151,49986392670157.07,1528.0,113.0,47.0,19.0,1707.0
152,51194294862772.695,1421.0,69.0,70.0,13.0,1573.0
153,52449915706051.875,1388.0,71.0,43.0,16.0,1518.0
154,53747008429118.77,1305.0,87.0,51.0,22.0,1465.0
155,55051167563412.76,1301.0,84.0,49.0,20.0,1454.0
156,56431688375927.45,1213.0,71.0,46.0,19.0,1349.0
157,57814502923976.61,1197.0,75.0,56.0,19.0,1347.0
158,59219255374032.67,1163.0,102.0,45.0,17.0,1327.0
159,60685286695278.97,1165.0,89.0,56.0,13.0,1323.0
160,62175474513438.37,1079.0,95.0,57.0,22.0,1253.0
161,63736267384916.75,1021.0,73.0,35.0,17.0,1146.0
162,65287269338303.82,1073.0,70.0,55.0,21.0,1219.0
163,66886196447230.93,957.0,87.0,53.0,19.0,1116.0
164,68510830653804.93,933.0,76.0,46.0,22.0,1077.0
165,70252052572706.94,894.0,80.0,45.0,17.0,1036.0
166,71935103248259.86,862.0,75.0,56.0,12.0,1005.0
167,73706534777651.08,877.0,76.0,35.0,21.0,1009.0
168,75542450839328.53,834.0,83.0,37.0,15.0,969.0
169,77340487212276.22,782.0,57.0,38.0,10.0,887.0
170,79271306803594.36,779.0,66.0,42.0,13.0,900.0
171,81213713017751.48,676.0,53.0,36.0,22.0,787.0
172,83223791130185.98,699.0,77.0,44.0,8.0,828.0
173,85322885196374.62,662.0,48.0,36.0,21.0,767.0
174,87356341423948.22,618.0,57.0,30.0,24.0,729.0
175,89540204049844.23,642.0,68.0,35.0,15.0,760.0
176,91727484745762.72,590.0,48.0,40.0,13.0,691.0
177,94019654135338.34,532.0,67.0,39.0,8.0,646.0
178,96322777975133.22,563.0,63.0,37.0,9.0,672.0
179,98760634297520.66,484.0,43.0,36.0,18.0,581.0
180,101090824497257.77,547.0,67.0,27.0,16.0,657.0
181,103578953722334.0,497.0,57.0,33.0,11.0,598.0
182,106139323144104.8,458.0,54.0,28.0,10.0,550.0
183,108752918552036.2,442.0,54.0,24.0,14.0,534.0
184,111404605597964.38,393.0,46.0,30.0,16.0,485.0
185,114197855361596.02,401.0,62.0,32.0,9.0,504.0
186,116904361702127.66,376.0,51.0,32.0,8.0,467.0
187,119904162561576.36,406.0,52.0,24.0,4.0,486.0
188,122750359116022.1,362.0,51.0,18.0,20.0,451.0
189,125791460317460.31,315.0,42.0,18.0,12.0,387.0
190,128922507204610.95,347.0,42.0,30.0,9.0,428.0
191,131942454545454.55,330.0,40.0,18.0,9.0,397.0
192,135199064516129.03,310.0,45.0,17.0,8.0,380.0
193,138662715231788.08,302.0,45.0,23.0,9.0,379.0
194,141985528455284.56,246.0,46.0,21.0,9.0,322.0
195,145527500000000.0,276.0,48.0,22.0,9.0,355.0
196,149064166666666.66,252.0,51.0,11.0,10.0,324.0
197,152811991150442.47,226.0,35.0,12.0,9.0,282.0
198,156699712918660.28,209.0,49.0,17.0,7.0,282.0
