,mass bin,1st Xoff,2nd Xoff,3rd Xoff,4th Xoff,all realizations
0,1277902810117.6116,193903.0,474039.0,679643.0,751473.0,2099058.0
1,1309830078860.0757,194111.0,470962.0,667695.0,734694.0,2067462.0
2,1341763553909.397,194119.0,466591.0,654007.0,715059.0,2029776.0
3,1373673535878.3645,192994.0,461729.0,638888.0,693536.0,1987147.0
4,1405611086010.0833,192534.0,454091.0,621511.0,668485.0,1936621.0
5,1437557381727.9905,191805.0,448536.0,604651.0,644167.0,1889159.0
6,1474775249557.1687,254877.0,587594.0,780364.0,820166.0,2443001.0
7,1512087972805.2883,189541.0,432764.0,565885.0,585124.0,1773314.0
8,1549323517179.6658,251531.0,564229.0,728196.0,743155.0,2287111.0
9,1586677145287.917,187953.0,414700.0,527231.0,528588.0,1658472.0
10,1623872005527.2473,248127.0,541894.0,675876.0,669053.0,2134950.0
11,1666469137772.4666,245326.0,530164.0,648047.0,628891.0,2052428.0
12,1709084132667.4048,242909.0,517701.0,623740.0,590878.0,1975228.0
13,1751685089028.8286,241153.0,505296.0,597130.0,556143.0,1899722.0
14,1794267139010.4185,239360.0,494711.0,572469.0,525389.0,1831929.0
15,1836882630514.5854,237561.0,482809.0,548590.0,493372.0,1762332.0
16,1879476504573.4995,234178.0,470069.0,527024.0,464974.0,1696245.0
17,1927336652076.4182,289297.0,573499.0,626917.0,542472.0,2032185.0
18,1975333322955.883,229383.0,446184.0,479686.0,405827.0,1561080.0
19,2023165403648.0273,283532.0,542676.0,573771.0,474525.0,1874504.0
20,2071142696202.2678,225178.0,422901.0,438096.0,356417.0,1442592.0
21,2118986041677.5652,279507.0,515267.0,522909.0,418752.0,1736435.0
22,2172239719484.0032,275493.0,500518.0,499426.0,388500.0,1663937.0
23,2225522289173.2246,273172.0,487192.0,474920.0,363398.0,1598682.0
24,2284026065443.262,325352.0,568710.0,543440.0,405209.0,1842711.0
25,2342678402889.0776,269449.0,460786.0,431106.0,315754.0,1477095.0
26,2395945829239.9126,269712.0,452367.0,413101.0,294931.0,1430111.0
27,2454466712256.038,323222.0,531058.0,474646.0,329691.0,1658617.0
28,2518405521184.351,323383.0,520387.0,453560.0,307655.0,1604985.0
29,2582292943689.5845,324780.0,510929.0,436052.0,287650.0,1559411.0
30,2646196678886.7812,325806.0,501929.0,419408.0,270394.0,1517537.0
31,2710053287544.309,326483.0,494227.0,403862.0,253740.0,1478312.0
32,2773978196625.4556,325993.0,483346.0,388726.0,239795.0,1437860.0
33,2843104853029.723,377737.0,551778.0,435611.0,261649.0,1626775.0
34,2912382040083.8804,320697.0,459279.0,356200.0,212109.0,1348285.0
35,2981554664906.2,370937.0,519668.0,396631.0,232055.0,1519291.0
36,3056054999351.3525,363560.0,500681.0,374343.0,217437.0,1456021.0
37,3130636703254.9863,358791.0,481498.0,355934.0,202748.0,1398971.0
38,3205154694765.113,352211.0,462905.0,335297.0,190112.0,1340525.0
39,3284899375508.117,391786.0,504634.0,359912.0,201016.0,1457348.0
40,3370078433598.3887,383763.0,481424.0,335132.0,185494.0,1385813.0
41,3455307597374.7266,373725.0,456303.0,312713.0,171305.0,1314046.0
42,3540499101556.5933,364212.0,435929.0,291615.0,156514.0,1248270.0
43,3625674357402.548,355569.0,414193.0,271862.0,144422.0,1186046.0
44,3710862017167.06,346496.0,394240.0,253488.0,132693.0,1126917.0
45,3801322781953.1895,380410.0,420927.0,264026.0,136246.0,1201609.0
46,3897189968276.629,370163.0,399109.0,245605.0,123721.0,1138598.0
47,3993034190353.4307,359496.0,376933.0,227082.0,112184.0,1075695.0
48,4088880970224.5776,350473.0,359224.0,210408.0,101872.0,1021977.0
49,4189948460753.2153,378126.0,376132.0,216922.0,102272.0,1073452.0
50,4296468668263.8564,367287.0,356459.0,200313.0,91927.0,1015986.0
51,4402983906548.341,356267.0,336143.0,183961.0,83342.0,959713.0
52,4509475090801.015,347118.0,317920.0,171773.0,74860.0,911671.0
53,4621204787459.007,369930.0,331807.0,173802.0,74066.0,949605.0
54,4733140102903.621,327027.0,284220.0,146826.0,60591.0,818664.0
55,4844904179183.646,349269.0,295884.0,148949.0,60418.0,854520.0
56,4967221873255.54,370757.0,304640.0,149496.0,58126.0,883019.0
57,5089808586687.19,327781.0,263650.0,126096.0,47576.0,765103.0
58,5212188011275.788,347768.0,271149.0,127648.0,46989.0,793554.0
59,5340065584808.656,336378.0,255808.0,117887.0,41874.0,751947.0
60,5473052286535.173,353316.0,260142.0,117291.0,41052.0,771801.0
61,5611535386534.889,341792.0,245011.0,107144.0,36311.0,730258.0
62,5750001710679.796,331498.0,230821.0,99066.0,32314.0,693699.0
63,5888408880088.815,320770.0,217078.0,90933.0,28724.0,657505.0
64,6032078427490.285,334777.0,220276.0,90640.0,27284.0,672977.0
65,6181210262775.644,322582.0,205871.0,83258.0,24696.0,636407.0
66,6335403792682.675,334513.0,207050.0,81222.0,23617.0,646402.0
67,6490170509997.737,302717.0,181716.0,69767.0,19469.0,573669.0
68,6649632691450.037,334217.0,194642.0,72727.0,19555.0,621141.0
69,6814766284472.733,304548.0,171542.0,63059.0,16328.0,555477.0
70,6979810913251.388,313494.0,171476.0,61002.0,15593.0,561565.0
71,7150105664309.298,303146.0,160454.0,55598.0,13453.0,532651.0
72,7325781917172.897,311617.0,159271.0,53844.0,12706.0,537438.0
73,7506992441474.197,299880.0,149201.0,49339.0,11468.0,509888.0
74,7693298584504.657,307893.0,146798.0,47259.0,10449.0,512399.0
75,7885084818316.141,295530.0,137457.0,43335.0,9184.0,485506.0
76,8076579107240.352,286892.0,128254.0,39348.0,8030.0,462524.0
77,8273516962292.775,291619.0,125696.0,37336.0,7592.0,462243.0
78,8481091975717.875,296169.0,123429.0,35443.0,6633.0,461674.0
79,8688959567992.998,271857.0,108559.0,30722.0,5705.0,416843.0
80,8901775422716.871,289638.0,111637.0,30521.0,5376.0,437172.0
81,9120030274148.764,267201.0,97715.0,26158.0,4587.0,395661.0
82,9343738553899.943,283345.0,100497.0,25939.0,4312.0,414093.0
83,9578045077081.139,272436.0,92542.0,23090.0,3803.0,391871.0
84,9812282365009.004,262543.0,85193.0,20878.0,3368.0,371982.0
85,10051855524724.44,265698.0,81718.0,19427.0,2922.0,369765.0
86,10296616371400.69,255829.0,75642.0,17355.0,2665.0,351491.0
87,10552137242232.457,267109.0,75521.0,16958.0,2560.0,362148.0
88,10813032964304.316,246934.0,66525.0,14576.0,2201.0,330236.0
89,11073965336791.377,247870.0,63025.0,13398.0,1903.0,326196.0
90,11345621342651.787,248030.0,59838.0,12581.0,1779.0,322228.0
91,11627631412716.588,247997.0,56826.0,11409.0,1652.0,317884.0
92,11915385779824.111,238766.0,51289.0,10377.0,1463.0,301895.0
93,12208125714997.105,237840.0,48587.0,9374.0,1403.0,297204.0
94,12511163165854.479,236696.0,45032.0,8583.0,1288.0,291599.0
95,12820425933895.834,226945.0,40900.0,7467.0,1191.0,276503.0
96,13134091709445.49,225272.0,38123.0,6850.0,1112.0,271357.0
97,13454192972025.543,217712.0,34126.0,6173.0,1011.0,259022.0
98,13783836581404.791,221584.0,32503.0,5987.0,1004.0,261078.0
99,14124815549971.066,211873.0,28995.0,5261.0,984.0,247113.0
100,14471061414661.824,208817.0,26832.0,4855.0,953.0,241457.0
101,14827337202947.121,206121.0,24596.0,4425.0,885.0,236027.0
102,15194630001602.418,203792.0,22161.0,4106.0,842.0,230901.0
103,15567649874996.016,195111.0,19831.0,3801.0,850.0,219593.0
104,15950897090235.049,196715.0,18337.0,3696.0,823.0,219571.0
105,16344561779601.816,185718.0,16302.0,3268.0,848.0,206136.0
106,16744222545738.564,183610.0,14808.0,3043.0,830.0,202291.0
107,17154324387799.52,180278.0,13495.0,3056.0,737.0,197566.0
108,17575002954554.896,176796.0,12123.0,2868.0,797.0,192584.0
109,18006149018660.223,171756.0,10925.0,2768.0,776.0,186225.0
110,18452842026244.043,170909.0,10027.0,2745.0,818.0,184499.0
111,18911225246403.57,162225.0,8813.0,2582.0,789.0,174409.0
112,19374591872364.27,158127.0,8102.0,2556.0,760.0,169545.0
113,19848389788807.08,154527.0,7238.0,2467.0,783.0,165015.0
114,20337740986857.5,152262.0,6827.0,2536.0,749.0,162374.0
115,20837856711915.535,144644.0,6100.0,2325.0,747.0,153816.0
116,21349351208524.074,142306.0,5829.0,2433.0,815.0,151383.0
117,21876318631261.68,138246.0,5382.0,2298.0,720.0,146646.0
118,22414053776553.617,134403.0,5213.0,2320.0,747.0,142683.0
119,22962829210331.246,129794.0,4863.0,2251.0,694.0,137602.0
120,23526768770853.395,126298.0,4610.0,2316.0,747.0,133971.0
121,24106390543890.008,121001.0,4407.0,2216.0,674.0,128298.0
122,24699845254204.523,116946.0,4261.0,2199.0,746.0,124152.0
123,25304805289920.445,114803.0,4159.0,2209.0,759.0,121930.0
124,25929121806835.168,111413.0,4081.0,2225.0,698.0,118417.0
125,26566436765560.363,108403.0,4055.0,2112.0,739.0,115309.0
126,27221568245634.895,102526.0,3928.0,2153.0,726.0,109333.0
127,27892107929227.957,100543.0,3855.0,2136.0,740.0,107274.0
128,28579860675817.55,96288.0,3843.0,2040.0,697.0,102868.0
129,29282738056780.457,94365.0,3724.0,2121.0,705.0,100915.0
130,30000715125998.39,90396.0,3689.0,2138.0,683.0,96906.0
131,30734798796059.832,86897.0,3558.0,2061.0,678.0,93194.0
132,31490816367794.758,84124.0,3628.0,2031.0,724.0,90507.0
133,32267847683939.31,81174.0,3451.0,1985.0,715.0,87325.0
134,33060968478286.62,78182.0,3542.0,1973.0,721.0,84418.0
135,33877374531386.617,77224.0,3502.0,2046.0,719.0,83491.0
136,34711949126504.496,72597.0,3478.0,2014.0,675.0,78764.0
137,35562785100400.016,69658.0,3462.0,1932.0,695.0,75747.0
138,36438293100384.15,67321.0,3231.0,1917.0,680.0,73149.0
139,37332625925302.83,65527.0,3293.0,1817.0,691.0,71328.0
140,38247763752441.48,62819.0,3191.0,1916.0,680.0,68606.0
141,39190221946766.03,61436.0,3223.0,1978.0,726.0,67363.0
142,40160937108190.09,58478.0,3214.0,1920.0,673.0,64285.0
143,41144997266364.76,55095.0,3076.0,1928.0,626.0,60725.0
144,42155852996519.74,54489.0,3025.0,1886.0,653.0,60053.0
145,43196249456315.375,52522.0,2953.0,1859.0,604.0,57938.0
146,44250929975847.57,50444.0,3016.0,1787.0,648.0,55895.0
147,45344059990658.57,48181.0,2870.0,1823.0,651.0,53525.0
148,46462065768759.836,46180.0,2932.0,1719.0,622.0,51453.0
149,47601780574516.49,44182.0,2737.0,1714.0,591.0,49224.0
150,48772662969175.93,42689.0,2776.0,1668.0,557.0,47690.0
151,49974146003491.16,41426.0,2736.0,1626.0,615.0,46403.0
152,51200722425275.24,39671.0,2704.0,1619.0,603.0,44597.0
153,52456177954444.78,38020.0,2640.0,1674.0,559.0,42893.0
154,53753135131793.68,35754.0,2571.0,1537.0,580.0,40442.0
155,55075480935215.27,34813.0,2526.0,1479.0,574.0,39392.0
156,56425731206156.42,33680.0,2468.0,1519.0,537.0,38204.0
157,57816716535219.664,32372.0,2451.0,1495.0,579.0,36897.0
158,59233818915246.56,31035.0,2374.0,1403.0,514.0,35326.0
159,60686350603875.484,29452.0,2334.0,1384.0,529.0,33699.0
160,62187852565301.414,27998.0,2248.0,1370.0,466.0,32082.0
161,63720749123604.26,26843.0,2212.0,1288.0,465.0,30808.0
162,65280824272945.57,26126.0,2124.0,1253.0,481.0,29984.0
163,66888392108081.96,25175.0,2104.0,1204.0,458.0,28941.0
164,68531298683399.23,23910.0,2049.0,1161.0,451.0,27571.0
165,70214928293092.91,22625.0,1983.0,1127.0,441.0,26176.0
166,71949805156465.27,21972.0,1924.0,1098.0,411.0,25405.0
167,73719821618257.27,20669.0,1961.0,1088.0,382.0,24100.0
168,75519499381372.92,20064.0,1851.0,1106.0,418.0,23439.0
169,77383746770141.75,19069.0,1821.0,1010.0,392.0,22292.0
170,79294233116488.05,18211.0,1838.0,968.0,350.0,21367.0
171,81242771565574.17,17234.0,1704.0,962.0,329.0,20229.0
172,83246976167439.02,16684.0,1749.0,889.0,315.0,19637.0
173,85292289378060.98,16100.0,1701.0,867.0,321.0,18989.0
174,87381948488859.47,15269.0,1702.0,858.0,303.0,18132.0
175,89533350950998.4,14217.0,1612.0,761.0,287.0,16877.0
176,91742540149107.8,13734.0,1598.0,774.0,258.0,16364.0
177,94000895457776.06,12894.0,1532.0,763.0,288.0,15477.0
178,96304010484668.64,12533.0,1626.0,747.0,259.0,15165.0
179,98667937486990.9,11947.0,1551.0,647.0,268.0,14413.0
180,101100478861788.62,11118.0,1563.0,633.0,216.0,13530.0
181,103577826755904.3,10692.0,1500.0,605.0,202.0,12999.0
182,106119924873428.06,10059.0,1376.0,616.0,195.0,12246.0
183,108741168809484.05,9744.0,1439.0,592.0,203.0,11978.0
184,111431997316636.84,9113.0,1314.0,549.0,204.0,11180.0
185,114148157967924.36,8703.0,1381.0,519.0,184.0,10787.0
186,116959689631313.62,8089.0,1345.0,503.0,180.0,10117.0
187,119836914626490.89,7637.0,1296.0,461.0,164.0,9558.0
188,122788039816232.77,7219.0,1290.0,484.0,149.0,9142.0
189,125812427071178.53,6711.0,1285.0,440.0,134.0,8570.0
190,128899753912316.33,6572.0,1193.0,473.0,133.0,8371.0
191,132073920984455.95,6005.0,1167.0,407.0,141.0,7720.0
192,135310052229811.17,5793.0,1132.0,405.0,137.0,7467.0
193,138654809007981.75,5424.0,1104.0,361.0,127.0,7016.0
194,142067594374537.38,5151.0,1071.0,396.0,137.0,6755.0
195,145535309926984.62,4950.0,995.0,386.0,106.0,6437.0
196,149143382615759.53,4608.0,1092.0,338.0,117.0,6155.0
197,152807118871726.0,4411.0,1055.0,372.0,118.0,5956.0
198,156553389199255.12,3996.0,962.0,316.0,96.0,5370.0
