,mass bin,1st Xoff,2nd Xoff,3rd Xoff,4th Xoff,full sample
0,1277780431137.7246,4175.0,10449.0,15417.0,17593.0,47634.0
1,1309856373937.677,4236.0,10364.0,15002.0,17342.0,46944.0
2,1341809855880.9856,4302.0,10381.0,14777.0,16789.0,46249.0
3,1373701650618.9822,4362.0,10194.0,14270.0,16321.0,45147.0
4,1405822013651.8772,4102.0,10073.0,14089.0,15772.0,44036.0
5,1437373984891.407,4236.0,9951.0,13759.0,15245.0,43191.0
6,1475057564710.1714,5486.0,13061.0,17486.0,19319.0,55352.0
7,1512169363041.8987,4129.0,9488.0,12910.0,13673.0,40200.0
8,1549479130434.7827,5520.0,12216.0,16497.0,17672.0,51905.0
9,1586758793849.111,4162.0,9218.0,11988.0,12455.0,37823.0
10,1623746064901.1562,5362.0,12060.0,15397.0,15758.0,48577.0
11,1666614352544.9102,5344.0,11722.0,14702.0,15011.0,46779.0
12,1709038925792.3704,5269.0,11496.0,14292.0,13886.0,44943.0
13,1751598756456.8586,5227.0,11273.0,13818.0,13324.0,43642.0
14,1794175458089.6687,5130.0,10799.0,13026.0,12408.0,41363.0
15,1837198099762.4702,5052.0,10528.0,12498.0,11921.0,39999.0
16,1879763077525.4502,5108.0,10454.0,12147.0,11095.0,38804.0
17,1927219343474.7798,6245.0,12682.0,14544.0,12984.0,46455.0
18,1975584998982.292,4913.0,9983.0,11106.0,9799.0,35801.0
19,2023359524948.1907,6273.0,12060.0,13165.0,11375.0,42873.0
20,2070984067460.3174,5040.0,9202.0,10124.0,8655.0,33021.0
21,2119242491749.1748,6060.0,11417.0,11918.0,10203.0,39598.0
22,2172424515698.0627,5988.0,11282.0,11696.0,9495.0,38461.0
23,2225629632679.954,6071.0,10942.0,10810.0,8855.0,36678.0
24,2284137425993.7974,7094.0,12676.0,12235.0,9861.0,41866.0
25,2342817622739.018,5805.0,10300.0,9986.0,7650.0,33741.0
26,2396138469440.1646,5841.0,9968.0,9478.0,7129.0,32416.0
27,2454440982436.0986,7003.0,11653.0,10860.0,8179.0,37695.0
28,2518430639534.884,6880.0,11319.0,10450.0,7673.0,36322.0
29,2582758521501.5103,6953.0,11211.0,10107.0,6970.0,35241.0
30,2646034813673.298,7138.0,11085.0,9537.0,6480.0,34240.0
31,2710096106321.839,6960.0,10763.0,9157.0,6218.0,33098.0
32,2774027401932.9165,7036.0,10651.0,8881.0,5964.0,32532.0
33,2843122073984.233,8245.0,12013.0,9930.0,6231.0,36419.0
34,2912620181534.534,7051.0,10280.0,8256.0,5159.0,30746.0
35,2981779071792.9575,8037.0,11539.0,8980.0,5673.0,34229.0
36,3056195190585.8276,7818.0,11468.0,8773.0,5292.0,33351.0
37,3130312173374.613,8075.0,10843.0,8371.0,5045.0,32334.0
38,3205063565589.7236,7707.0,10542.0,7879.0,4747.0,30875.0
39,3285162714994.8057,8663.0,11405.0,8520.0,5078.0,33666.0
40,3370184632412.909,8583.0,11078.0,8107.0,4847.0,32615.0
41,3455957911164.466,8330.0,10383.0,7610.0,4336.0,30659.0
42,3540778747484.9097,7952.0,9840.0,7124.0,4037.0,28953.0
43,3625668330773.1694,7812.0,9632.0,6773.0,3785.0,28002.0
44,3711027010602.534,7734.0,9091.0,6295.0,3529.0,26649.0
45,3801937172028.9683,8423.0,9782.0,6572.0,3624.0,28401.0
46,3897785232572.0435,8363.0,9250.0,6035.0,3515.0,27163.0
47,3993307201309.329,7943.0,9066.0,5595.0,3113.0,25717.0
48,4089233466959.7827,7733.0,8472.0,5277.0,2724.0,24206.0
49,4190569127596.439,8425.0,8848.0,5528.0,2876.0,25677.0
50,4296365749606.1084,8251.0,8576.0,5052.0,2532.0,24411.0
51,4403119639253.279,7928.0,8070.0,4736.0,2338.0,23072.0
52,4509465701357.466,7735.0,7463.0,4370.0,2120.0,21688.0
53,4621802026453.101,8241.0,7889.0,4605.0,2055.0,22790.0
54,4733223859697.768,7213.0,6852.0,3716.0,1715.0,19496.0
55,4844959781379.57,7959.0,7020.0,3886.0,1714.0,20579.0
56,4967773710281.503,8277.0,7244.0,3833.0,1707.0,21061.0
57,5089928024275.118,7415.0,6340.0,3291.0,1350.0,18396.0
58,5211847658186.5625,7665.0,6444.0,3302.0,1425.0,18836.0
59,5340535781865.966,7610.0,6071.0,3037.0,1217.0,17935.0
60,5473394791148.683,8044.0,6302.0,3150.0,1263.0,18759.0
61,5611668516583.965,7658.0,6047.0,2846.0,1061.0,17612.0
62,5749044143661.217,7462.0,5552.0,2623.0,1026.0,16663.0
63,5888541173992.417,7121.0,5379.0,2380.0,896.0,15776.0
64,6032649286657.86,7570.0,5402.0,2340.0,868.0,16180.0
65,6180043727598.566,7254.0,5034.0,2216.0,706.0,15210.0
66,6334644030945.712,7497.0,5024.0,2188.0,737.0,15446.0
67,6490816045803.739,6899.0,4613.0,1840.0,646.0,13998.0
68,6649575324338.35,7708.0,4910.0,2038.0,636.0,15292.0
69,6813795611015.49,6972.0,4282.0,1643.0,481.0,13378.0
70,6980172966971.968,7206.0,4230.0,1669.0,511.0,13616.0
71,7151789264328.486,7014.0,4026.0,1489.0,426.0,12955.0
72,7325183176122.765,7103.0,4005.0,1507.0,414.0,13029.0
73,7507714792387.543,6936.0,3669.0,1398.0,352.0,12355.0
74,7693768029155.353,6997.0,3773.0,1334.0,338.0,12442.0
75,7886751479807.552,6859.0,3571.0,1266.0,259.0,11955.0
76,8076971596998.928,6531.0,3313.0,1145.0,281.0,11270.0
77,8272932789775.231,6807.0,3203.0,1143.0,240.0,11393.0
78,8481563828848.698,6801.0,3137.0,1090.0,239.0,11267.0
79,8688598381521.056,6364.0,2933.0,950.0,210.0,10457.0
80,8901577506933.295,6851.0,2911.0,941.0,176.0,10879.0
81,9120674210442.787,6301.0,2631.0,801.0,165.0,9898.0
82,9345082314870.56,6644.0,2684.0,755.0,130.0,10213.0
83,9577547038759.69,6450.0,2460.0,701.0,144.0,9755.0
84,9813682052958.482,6118.0,2264.0,675.0,123.0,9180.0
85,10051064689810.35,6222.0,2257.0,634.0,110.0,9223.0
86,10296962888999.834,6009.0,2048.0,517.0,113.0,8687.0
87,10552377657024.133,6257.0,2128.0,540.0,90.0,9015.0
88,10812406688615.492,5771.0,1830.0,475.0,73.0,8149.0
89,11075153283400.105,5741.0,1780.0,449.0,55.0,8025.0
90,11347530919029.723,5854.0,1644.0,385.0,52.0,7935.0
91,11628808050565.535,6012.0,1643.0,368.0,47.0,8070.0
92,11915497946061.797,5599.0,1503.0,347.0,54.0,7503.0
93,12207119106699.752,5642.0,1345.0,329.0,44.0,7360.0
94,12511994525235.244,5845.0,1332.0,290.0,46.0,7513.0
95,12819788664401.932,5593.0,1254.0,235.0,33.0,7115.0
96,13133613812154.695,5430.0,1094.0,246.0,36.0,6806.0
97,13454677171406.61,5204.0,1065.0,219.0,32.0,6520.0
98,13784137001477.105,5416.0,965.0,206.0,30.0,6617.0
99,14124811518324.607,5157.0,873.0,165.0,27.0,6222.0
100,14472198477751.756,5124.0,861.0,169.0,37.0,6191.0
101,14827019103157.049,4973.0,797.0,158.0,28.0,5956.0
102,15195566060126.582,5056.0,730.0,125.0,19.0,5930.0
103,15565047776628.748,4835.0,638.0,125.0,26.0,5624.0
104,15949350246507.807,4868.0,559.0,106.0,24.0,5557.0
105,16346806669572.799,4588.0,527.0,123.0,21.0,5259.0
106,16741752453653.217,4585.0,514.0,106.0,17.0,5222.0
107,17152625528129.865,4497.0,467.0,77.0,20.0,5061.0
108,17572003475440.223,4316.0,411.0,90.0,26.0,4843.0
109,18005082836163.38,4358.0,350.0,88.0,22.0,4818.0
110,18456607870370.37,4320.0,321.0,90.0,27.0,4758.0
111,18913367351759.98,4233.0,308.0,74.0,16.0,4631.0
112,19374829120323.56,3956.0,302.0,67.0,22.0,4347.0
113,19847995904786.28,3907.0,242.0,69.0,22.0,4240.0
114,20339584292657.97,3909.0,227.0,59.0,21.0,4216.0
115,20835084049409.24,3724.0,200.0,67.0,11.0,4002.0
116,21347468878530.3,3647.0,196.0,66.0,20.0,3929.0
117,21878360628618.69,3627.0,174.0,56.0,22.0,3879.0
118,22416735539568.344,3475.0,160.0,62.0,19.0,3716.0
119,22966776288352.695,3357.0,124.0,60.0,16.0,3557.0
120,23529422633495.145,3296.0,147.0,48.0,16.0,3507.0
121,24111167427701.676,3285.0,141.0,51.0,24.0,3501.0
122,24698069281045.75,3060.0,124.0,57.0,23.0,3264.0
123,25313356733040.836,2963.0,127.0,54.0,10.0,3154.0
124,25926902966841.188,2865.0,116.0,49.0,29.0,3059.0
125,26562018207782.934,2801.0,104.0,52.0,15.0,2972.0
126,27222568281938.324,2724.0,113.0,70.0,10.0,2917.0
127,27891643424855.492,2768.0,105.0,56.0,27.0,2956.0
128,28573645906776.34,2553.0,102.0,49.0,18.0,2722.0
129,29282622074882.996,2564.0,84.0,53.0,17.0,2718.0
130,30005852191235.06,2510.0,81.0,60.0,15.0,2666.0
131,30737771878888.43,2411.0,131.0,60.0,25.0,2627.0
132,31494068739054.29,2284.0,87.0,62.0,19.0,2452.0
133,32272220131702.727,2126.0,95.0,54.0,16.0,2291.0
134,33054205349048.05,2206.0,97.0,47.0,20.0,2370.0
135,33878322065727.7,2130.0,86.0,38.0,23.0,2277.0
136,34710018367346.938,1960.0,106.0,50.0,20.0,2136.0
137,35564907920792.08,2020.0,92.0,51.0,20.0,2183.0
138,36439417381974.25,1864.0,86.0,53.0,20.0,2023.0
139,37329473480662.984,1810.0,95.0,47.0,33.0,1985.0
140,38254176435760.805,1689.0,83.0,48.0,18.0,1838.0
141,39189924718435.09,1687.0,100.0,46.0,23.0,1856.0
142,40151042565947.24,1668.0,80.0,59.0,19.0,1826.0
143,41156781502172.56,1611.0,82.0,53.0,15.0,1761.0
144,42158608049535.6,1615.0,89.0,51.0,16.0,1771.0
145,43191666890982.5,1486.0,71.0,35.0,19.0,1611.0
146,44251888581314.875,1445.0,90.0,55.0,18.0,1608.0
147,45353191964285.71,1344.0,91.0,54.0,28.0,1517.0
148,46465057479734.71,1357.0,101.0,65.0,16.0,1539.0
149,47593440597954.37,1271.0,75.0,40.0,14.0,1400.0
150,48774893344709.9,1172.0,64.0,57.0,23.0,1316.0
151,49989179727427.6,1174.0,84.0,40.0,10.0,1308.0
152,51201632518796.99,1064.0,77.0,55.0,21.0,1217.0
153,52466682745825.6,1078.0,72.0,40.0,12.0,1202.0
154,53755325136612.02,1098.0,76.0,45.0,21.0,1240.0
155,55067934409687.19,991.0,66.0,40.0,13.0,1110.0
156,56419070686070.69,962.0,73.0,38.0,13.0,1086.0
157,57815689583333.336,960.0,78.0,35.0,15.0,1088.0
158,59248153252480.7,907.0,69.0,38.0,20.0,1034.0
159,60701248329621.38,898.0,65.0,39.0,11.0,1013.0
160,62172155502392.34,836.0,63.0,34.0,12.0,945.0
161,63741829986613.12,747.0,66.0,40.0,17.0,870.0
162,65260569333333.336,750.0,52.0,35.0,19.0,856.0
163,66891090174966.35,743.0,65.0,35.0,15.0,858.0
164,68542676553672.31,708.0,56.0,31.0,17.0,812.0
165,70165376788553.26,629.0,44.0,30.0,14.0,717.0
166,71926760778859.53,719.0,70.0,50.0,5.0,844.0
167,73726737649063.03,587.0,66.0,31.0,12.0,696.0
168,75531532467532.47,616.0,63.0,30.0,14.0,723.0
169,77369587561374.8,611.0,52.0,25.0,16.0,704.0
170,79240800000000.0,575.0,50.0,37.0,12.0,674.0
171,81234024436090.22,532.0,49.0,25.0,7.0,613.0
172,83278548387096.78,527.0,57.0,17.0,13.0,614.0
173,85322950920245.4,489.0,51.0,21.0,12.0,573.0
174,87405338235294.12,476.0,46.0,30.0,6.0,558.0
175,89467414027149.33,442.0,41.0,27.0,6.0,516.0
176,91745921739130.44,460.0,42.0,31.0,11.0,544.0
177,93962218446601.94,412.0,57.0,23.0,9.0,501.0
178,96335648000000.0,375.0,44.0,22.0,7.0,448.0
179,98651355263157.89,380.0,56.0,22.0,11.0,469.0
180,101101860946745.56,338.0,49.0,26.0,13.0,426.0
181,103594135977337.11,353.0,45.0,31.0,4.0,433.0
182,106089164179104.48,335.0,36.0,20.0,6.0,397.0
183,108705220125786.16,318.0,40.0,14.0,8.0,380.0
184,111430963455149.5,301.0,44.0,19.0,7.0,371.0
185,114156863468634.69,271.0,37.0,14.0,7.0,329.0
186,117131279069767.44,258.0,31.0,12.0,8.0,309.0
187,119943640000000.0,250.0,41.0,17.0,0.0,308.0
188,122796150627615.06,239.0,43.0,17.0,3.0,302.0
189,125934814814814.81,216.0,40.0,13.0,3.0,272.0
190,128901554404145.08,193.0,48.0,11.0,5.0,257.0
191,132075392156862.75,204.0,31.0,12.0,10.0,257.0
192,135388356807511.73,213.0,32.0,11.0,7.0,263.0
193,138697588235294.12,170.0,28.0,12.0,8.0,218.0
194,142031715976331.38,169.0,37.0,11.0,6.0,223.0
195,145588924731182.78,186.0,34.0,17.0,8.0,245.0
196,149123757575757.56,165.0,24.0,11.0,6.0,206.0
197,152888381502890.2,173.0,35.0,11.0,3.0,222.0
198,156646686746987.94,166.0,34.0,11.0,4.0,215.0
