,mass bin,1st Xoff,2nd Xoff,3rd Xoff,4th Xoff,full sample
0,1277962635064.4824,2869.0,7754.0,12636.0,16894.0,40153.0
1,1310106641300.5881,2891.0,7848.0,12472.0,16546.0,39757.0
2,1342007771664.374,2908.0,7706.0,12353.0,16269.0,39236.0
3,1373818848167.5393,2865.0,7588.0,12210.0,16239.0,38902.0
4,1405828035087.7192,2850.0,7528.0,11962.0,15523.0,37863.0
5,1437751345755.6936,2898.0,7642.0,11813.0,15254.0,37607.0
6,1474691984067.7122,4017.0,10073.0,15386.0,19453.0,48929.0
7,1512243407155.0256,2935.0,7421.0,11282.0,13930.0,35568.0
8,1549599297606.6597,3844.0,9766.0,14590.0,18266.0,46466.0
9,1586571020550.3308,2871.0,7261.0,10831.0,12882.0,33845.0
10,1624249662337.6624,3850.0,9557.0,13613.0,16357.0,43377.0
11,1666550767681.8525,3973.0,9269.0,13205.0,15703.0,42150.0
12,1709353601921.0247,3748.0,9098.0,12882.0,14893.0,40621.0
13,1752027647975.078,3852.0,8863.0,12475.0,14416.0,39606.0
14,1794529480519.4805,3850.0,8734.0,12018.0,13168.0,37770.0
15,1837002420656.2668,3718.0,8884.0,11515.0,12535.0,36652.0
16,1879543080593.8494,3772.0,8569.0,11376.0,11867.0,35584.0
17,1927463972921.5146,4727.0,10424.0,13325.0,13911.0,42387.0
18,1975598052474.9797,3697.0,8020.0,10212.0,10630.0,32559.0
19,2023522004783.6487,4599.0,9822.0,12175.0,12467.0,39063.0
20,2071245705606.186,3621.0,7838.0,9521.0,9546.0,30526.0
21,2118864401871.2407,4489.0,9653.0,11566.0,11192.0,36900.0
22,2172248717948.718,4485.0,9347.0,11080.0,10488.0,35400.0
23,2225828445229.682,4528.0,8876.0,10598.0,9719.0,33721.0
24,2284183817273.9043,5407.0,10687.0,11897.0,10984.0,38975.0
25,2342805448076.4956,4497.0,8662.0,9613.0,8647.0,31419.0
26,2395803098391.6743,4228.0,8320.0,9110.0,8146.0,29804.0
27,2454540579710.145,5244.0,9763.0,10661.0,9129.0,34797.0
28,2518485313216.196,5236.0,9447.0,10114.0,8304.0,33101.0
29,2582202864380.3584,5132.0,9424.0,9479.0,7936.0,31971.0
30,2646145501489.5728,5035.0,9104.0,9213.0,7463.0,30815.0
31,2709772505050.505,4950.0,8958.0,8746.0,6981.0,29635.0
32,2774396634615.385,4992.0,8701.0,8328.0,6329.0,28350.0
33,2843038777888.778,6006.0,9946.0,9396.0,7042.0,32390.0
34,2912491186094.0693,4890.0,8280.0,7798.0,5630.0,26598.0
35,2981995139240.5063,5925.0,9529.0,8756.0,6248.0,30458.0
36,3056299449604.4033,5814.0,9422.0,8402.0,5853.0,29491.0
37,3130926461693.5483,5952.0,9245.0,8049.0,5635.0,28881.0
38,3205274573936.994,5809.0,9146.0,7825.0,5276.0,28056.0
39,3285708664964.7095,6659.0,10278.0,8529.0,5696.0,31162.0
40,3370794620731.339,6618.0,9866.0,8142.0,5265.0,29891.0
41,3455689911746.8047,6572.0,9878.0,7722.0,5050.0,29222.0
42,3540879650263.0767,6462.0,9475.0,7587.0,4895.0,28419.0
43,3626007686383.2407,6492.0,9151.0,7179.0,4523.0,27345.0
44,3711329136463.914,6346.0,8807.0,6829.0,4296.0,26278.0
45,3801474759751.272,7076.0,9438.0,7305.0,4673.0,28492.0
46,3897985518965.0103,6802.0,9004.0,6798.0,4297.0,26901.0
47,3993653568174.9165,6586.0,8655.0,6655.0,4021.0,25917.0
48,4089036816524.9087,6584.0,8338.0,6275.0,3643.0,24840.0
49,4190318084955.2495,7039.0,8750.0,6459.0,3804.0,26052.0
50,4296854126707.3525,6882.0,8449.0,5985.0,3556.0,24872.0
51,4403019944273.354,6819.0,8222.0,5540.0,3350.0,23931.0
52,4509675673630.033,6606.0,7676.0,5303.0,3105.0,22690.0
53,4621117230638.539,7063.0,8162.0,5515.0,3115.0,23855.0
54,4733725294299.876,6456.0,6978.0,4607.0,2637.0,20678.0
55,4845877277409.86,6795.0,7310.0,4694.0,2638.0,21437.0
56,4968017649507.423,7207.0,7439.0,4880.0,2601.0,22127.0
57,5089316735668.79,6280.0,6717.0,4082.0,2101.0,19180.0
58,5212904412832.051,6889.0,6815.0,4204.0,2237.0,20145.0
59,5340319981971.154,6656.0,6560.0,3873.0,2118.0,19207.0
60,5473084461009.174,6976.0,6693.0,4004.0,2049.0,19722.0
61,5612307129037.06,6719.0,6309.0,3618.0,1824.0,18470.0
62,5750357948483.463,6561.0,6101.0,3428.0,1635.0,17725.0
63,5888372101281.457,6477.0,5772.0,3213.0,1483.0,16945.0
64,6032119166046.165,6715.0,5811.0,3222.0,1477.0,17225.0
65,6180339575319.28,6499.0,5681.0,3008.0,1343.0,16531.0
66,6336753039988.107,6727.0,5711.0,3002.0,1306.0,16746.0
67,6489656790728.044,6126.0,4883.0,2679.0,1101.0,14789.0
68,6649809211087.42,7035.0,5394.0,2820.0,1165.0,16414.0
69,6815882985553.772,6230.0,4722.0,2378.0,1025.0,14355.0
70,6980411426825.542,6546.0,4813.0,2395.0,962.0,14716.0
71,7150197108736.644,6364.0,4543.0,2177.0,881.0,13965.0
72,7325529967426.71,6447.0,4610.0,2202.0,803.0,14062.0
73,7507897546784.086,6359.0,4352.0,2053.0,794.0,13558.0
74,7694387031790.998,6354.0,4339.0,1972.0,699.0,13364.0
75,7886256410663.281,6302.0,4100.0,1830.0,664.0,12896.0
76,8076593106244.931,6165.0,3919.0,1703.0,621.0,12408.0
77,8274950224287.088,6242.0,3861.0,1564.0,555.0,12222.0
78,8480702636750.737,6106.0,3896.0,1629.0,553.0,12184.0
79,8690548644009.612,5826.0,3504.0,1398.0,467.0,11195.0
80,8902818764959.31,6267.0,3539.0,1418.0,434.0,11658.0
81,9121048771688.713,5821.0,3177.0,1262.0,444.0,10704.0
82,9344638887998.719,6241.0,3281.0,1314.0,374.0,11210.0
83,9579018107416.879,5865.0,3101.0,1131.0,298.0,10395.0
84,9813003954607.979,5816.0,2842.0,1126.0,314.0,10098.0
85,10053302160864.346,5831.0,2848.0,1083.0,280.0,10042.0
86,10297525623025.623,5698.0,2634.0,978.0,229.0,9539.0
87,10553089492207.139,5967.0,2829.0,909.0,236.0,9941.0
88,10814027531244.34,5521.0,2540.0,866.0,181.0,9108.0
89,11074709418480.2,5606.0,2381.0,846.0,204.0,9037.0
90,11345825377325.377,5698.0,2406.0,786.0,189.0,9079.0
91,11628105300478.639,5641.0,2300.0,710.0,169.0,8820.0
92,11916340306582.506,5545.0,2215.0,682.0,148.0,8590.0
93,12207302056555.27,5446.0,2080.0,615.0,120.0,8261.0
94,12511208041313.168,5422.0,1993.0,589.0,110.0,8114.0
95,12822498704183.635,5402.0,1865.0,546.0,98.0,7911.0
96,13134292395437.262,5260.0,1764.0,510.0,89.0,7623.0
97,13455490731707.316,5125.0,1582.0,451.0,101.0,7259.0
98,13783173778721.762,5179.0,1627.0,432.0,65.0,7303.0
99,14126593892524.291,5043.0,1408.0,360.0,65.0,6876.0
100,14471918312559.924,5215.0,1364.0,379.0,56.0,7014.0
101,14827845837414.299,5105.0,1347.0,354.0,49.0,6855.0
102,15194833536337.799,4926.0,1281.0,334.0,55.0,6596.0
103,15564895978662.29,4874.0,1141.0,272.0,54.0,6341.0
104,15949229221702.906,4921.0,1171.0,268.0,42.0,6402.0
105,16343651206715.635,4765.0,1029.0,237.0,44.0,6075.0
106,16744430098332.621,4678.0,998.0,247.0,34.0,5957.0
107,17152881951843.17,4693.0,965.0,216.0,38.0,5912.0
108,17575373811581.676,4628.0,801.0,179.0,36.0,5644.0
109,18004326158576.76,4553.0,796.0,177.0,22.0,5548.0
110,18454702907986.11,4608.0,808.0,164.0,32.0,5612.0
111,18907769744160.18,4495.0,686.0,125.0,33.0,5339.0
112,19373093564582.383,4382.0,640.0,128.0,21.0,5171.0
113,19851096609382.258,4306.0,625.0,124.0,29.0,5084.0
114,20338768320964.75,4312.0,530.0,108.0,27.0,4977.0
115,20840885529157.668,4167.0,549.0,99.0,20.0,4835.0
116,21352293712930.01,4215.0,445.0,107.0,26.0,4793.0
117,21876641772467.016,4017.0,423.0,104.0,15.0,4559.0
118,22411717435897.438,3900.0,390.0,75.0,22.0,4387.0
119,22965984221417.484,3866.0,343.0,88.0,31.0,4328.0
120,23525758445040.215,3730.0,306.0,86.0,30.0,4152.0
121,24105518537074.15,3992.0,293.0,58.0,13.0,4356.0
122,24699949890470.977,3652.0,238.0,63.0,23.0,3976.0
123,25300842336166.71,3647.0,230.0,72.0,29.0,3978.0
124,25933209796149.492,3532.0,252.0,75.0,19.0,3878.0
125,26570786822840.41,3415.0,209.0,67.0,18.0,3709.0
126,27221880406386.066,3445.0,190.0,75.0,24.0,3734.0
127,27890956615384.617,3250.0,192.0,63.0,15.0,3520.0
128,28574959215442.094,3212.0,161.0,63.0,30.0,3466.0
129,29277788511749.348,3064.0,160.0,73.0,19.0,3316.0
130,29994457281553.4,3090.0,152.0,61.0,17.0,3320.0
131,30736403884795.715,2986.0,146.0,52.0,14.0,3198.0
132,31492307207837.65,2858.0,127.0,54.0,22.0,3061.0
133,32266090909090.91,2816.0,129.0,50.0,19.0,3014.0
134,33059563286454.477,2702.0,149.0,66.0,17.0,2934.0
135,33875418209293.54,2647.0,107.0,56.0,28.0,2838.0
136,34714489715189.875,2528.0,121.0,70.0,27.0,2746.0
137,35573606120047.08,2549.0,122.0,66.0,14.0,2751.0
138,36430690457413.25,2536.0,109.0,59.0,17.0,2721.0
139,37321037500000.0,2400.0,110.0,54.0,21.0,2585.0
140,38236946724890.83,2290.0,101.0,66.0,26.0,2483.0
141,39190641868512.11,2312.0,101.0,63.0,19.0,2495.0
142,40157239681050.66,2132.0,116.0,58.0,23.0,2329.0
143,41148153920153.92,2079.0,89.0,46.0,22.0,2236.0
144,42161643448611.79,2053.0,103.0,62.0,25.0,2243.0
145,43193434909800.09,2051.0,75.0,53.0,17.0,2196.0
146,44256006472491.91,1854.0,88.0,74.0,9.0,2025.0
147,45332855826558.266,1845.0,88.0,52.0,31.0,2016.0
148,46456567966280.3,1898.0,92.0,45.0,24.0,2059.0
149,47600501106194.69,1808.0,103.0,51.0,17.0,1979.0
150,48776865272938.445,1722.0,99.0,58.0,23.0,1902.0
151,49970783233532.94,1670.0,75.0,39.0,26.0,1810.0
152,51186708708708.71,1665.0,105.0,59.0,20.0,1849.0
153,52470009708737.87,1545.0,89.0,52.0,12.0,1698.0
154,53741448113207.55,1484.0,83.0,48.0,17.0,1632.0
155,55086426172148.36,1429.0,91.0,47.0,19.0,1586.0
156,56431735108619.484,1427.0,87.0,48.0,23.0,1585.0
157,57826131559497.414,1353.0,65.0,61.0,19.0,1498.0
158,59226535263548.625,1347.0,81.0,61.0,26.0,1515.0
159,60689860294117.65,1224.0,88.0,54.0,23.0,1389.0
160,62178953739398.61,1297.0,97.0,59.0,17.0,1470.0
161,63719765903307.89,1179.0,66.0,62.0,25.0,1332.0
162,65298480144404.336,1108.0,88.0,50.0,15.0,1261.0
163,66912321924144.31,1081.0,83.0,50.0,18.0,1232.0
164,68515951807228.914,1079.0,77.0,53.0,15.0,1224.0
165,70213635944700.46,1085.0,67.0,43.0,23.0,1218.0
166,71933404966571.16,1047.0,75.0,52.0,18.0,1192.0
167,73717286144578.31,996.0,66.0,43.0,21.0,1126.0
168,75534206896551.72,899.0,76.0,50.0,25.0,1050.0
169,77407797427652.73,933.0,72.0,46.0,24.0,1075.0
170,79283172527472.53,910.0,78.0,43.0,21.0,1052.0
171,81235191666666.67,840.0,63.0,34.0,16.0,953.0
172,83228408575031.53,793.0,64.0,38.0,12.0,907.0
173,85269093421052.62,760.0,67.0,44.0,20.0,891.0
174,87441223667100.12,769.0,68.0,40.0,19.0,896.0
175,89549041841004.19,717.0,64.0,42.0,15.0,838.0
176,91751329593267.88,713.0,71.0,46.0,14.0,844.0
177,93975075667655.78,674.0,51.0,33.0,8.0,766.0
178,96308001543209.88,648.0,71.0,36.0,8.0,763.0
179,98640810769230.77,650.0,70.0,31.0,16.0,767.0
180,101123500807754.44,619.0,62.0,38.0,15.0,734.0
181,103584951923076.92,624.0,63.0,31.0,16.0,734.0
182,106093625218914.19,571.0,48.0,35.0,14.0,668.0
183,108788530973451.33,565.0,74.0,36.0,22.0,697.0
184,111364061302682.0,522.0,60.0,32.0,14.0,628.0
185,114183628865979.38,485.0,60.0,38.0,15.0,598.0
186,116945084033613.45,476.0,56.0,33.0,14.0,579.0
187,119819405520169.84,471.0,35.0,26.0,10.0,542.0
188,122790736607142.86,448.0,43.0,36.0,10.0,537.0
189,125854635294117.64,425.0,55.0,24.0,9.0,513.0
190,128862410256410.25,390.0,55.0,27.0,9.0,481.0
191,132073279132791.33,369.0,55.0,22.0,15.0,461.0
192,135380104166666.67,384.0,52.0,24.0,13.0,473.0
193,138632170329670.33,364.0,46.0,21.0,5.0,436.0
194,142044635568513.12,343.0,54.0,18.0,4.0,419.0
195,145615480225988.7,354.0,43.0,25.0,12.0,434.0
196,149215423197492.16,319.0,44.0,24.0,13.0,400.0
197,152839468085106.38,282.0,53.0,13.0,6.0,354.0
198,156548666666666.66,285.0,51.0,15.0,14.0,365.0
