,mass bin,1st Xoff,2nd Xoff,3rd Xoff,4th Xoff,full sample
0,1277935614236.5098,4355.0,10815.0,15660.0,17118.0,47948.0
1,1309830420932.8782,4395.0,10796.0,15268.0,16578.0,47037.0
2,1341878448082.5298,4459.0,10784.0,14881.0,16302.0,46426.0
3,1373631102991.5505,4379.0,10735.0,14528.0,15525.0,45167.0
4,1405562927713.5735,4413.0,10198.0,14148.0,15190.0,43949.0
5,1437655102974.8284,4370.0,10152.0,13960.0,14846.0,43328.0
6,1474733492009.5205,5882.0,13268.0,17684.0,18536.0,55370.0
7,1511959223075.1338,4299.0,9769.0,13062.0,13184.0,40314.0
8,1549516469758.42,5671.0,12819.0,16773.0,16863.0,52126.0
9,1586498201684.498,4393.0,9572.0,12138.0,11782.0,37885.0
10,1624069982206.4058,5620.0,12342.0,15250.0,15304.0,48516.0
11,1666510302920.37,5513.0,12324.0,14816.0,14278.0,46931.0
12,1709272398431.9316,5612.0,11981.0,14259.0,13523.0,45375.0
13,1751939101527.4033,5565.0,11491.0,13486.0,12636.0,43178.0
14,1794310406742.3965,5458.0,11265.0,12866.0,11766.0,41355.0
15,1837007086469.6162,5447.0,11120.0,12618.0,11300.0,40485.0
16,1879483678373.3826,5410.0,10693.0,11894.0,10531.0,38528.0
17,1927395274642.5884,6645.0,13115.0,14435.0,12224.0,46419.0
18,1975453504980.2668,5321.0,10197.0,11038.0,9189.0,35745.0
19,2023156301369.863,6570.0,12343.0,12957.0,10927.0,42797.0
20,2071262009063.444,5296.0,9667.0,9887.0,7946.0,32796.0
21,2119120094562.6477,6345.0,11727.0,11671.0,9596.0,39339.0
22,2172382873984.3875,6277.0,11590.0,11468.0,8968.0,38303.0
23,2225752464049.1196,6189.0,11225.0,10704.0,8176.0,36294.0
24,2284255397803.3755,7466.0,13051.0,12332.0,9082.0,41931.0
25,2342797541378.7563,6223.0,10532.0,9817.0,7168.0,33740.0
26,2395859491003.4043,6169.0,10175.0,9456.0,6666.0,32466.0
27,2454852379649.8906,7312.0,12049.0,10888.0,7634.0,37883.0
28,2518516855295.069,7422.0,11785.0,10418.0,7167.0,36792.0
29,2582164144604.2197,7441.0,11746.0,9858.0,6482.0,35527.0
30,2646118570077.0376,7399.0,11390.0,9504.0,6008.0,34301.0
31,2710015620338.983,7375.0,11360.0,9207.0,5801.0,33743.0
32,2774233858998.1445,7546.0,10931.0,8810.0,5395.0,32682.0
33,2842803093017.967,8794.0,12653.0,9970.0,6058.0,37475.0
34,2912510596833.1304,7389.0,10477.0,8167.0,4733.0,30766.0
35,2981360832154.644,8484.0,11869.0,8899.0,5341.0,34593.0
36,3056341403340.1416,8323.0,11292.0,8416.0,4999.0,33030.0
37,3130941293229.4204,8212.0,10962.0,8183.0,4590.0,31947.0
38,3205555725190.84,8122.0,10556.0,7630.0,4289.0,30597.0
39,3284858173076.923,8944.0,11480.0,8273.0,4513.0,33210.0
40,3370187008547.009,8775.0,11000.0,7655.0,4242.0,31672.0
41,3455145773317.5913,8470.0,10472.0,6983.0,3872.0,29797.0
42,3540906460910.292,8327.0,9995.0,6847.0,3495.0,28664.0
43,3625899791513.3677,8154.0,9201.0,6211.0,3287.0,26853.0
44,3711009540407.9526,7746.0,8965.0,5721.0,3119.0,25551.0
45,3801658334309.4766,8537.0,9410.0,6082.0,3099.0,27128.0
46,3896970019365.771,8262.0,8904.0,5510.0,2817.0,25493.0
47,3993340324350.689,8201.0,8538.0,5130.0,2568.0,24437.0
48,4089083584375.798,7834.0,8350.0,4770.0,2312.0,23266.0
49,4190325269194.7563,8544.0,8361.0,4870.0,2295.0,24070.0
50,4296569057498.518,8435.0,8156.0,4445.0,2120.0,23156.0
51,4402919394012.264,8317.0,7658.0,4192.0,1935.0,22102.0
52,4509479278259.776,7953.0,7256.0,3928.0,1656.0,20793.0
53,4621520251647.693,8345.0,7446.0,3983.0,1712.0,21486.0
54,4732955281113.537,7328.0,6568.0,3358.0,1393.0,18647.0
55,4844887780916.124,8143.0,6724.0,3448.0,1385.0,19700.0
56,4967100094284.03,8485.0,6861.0,3381.0,1337.0,20064.0
57,5089582387501.669,7489.0,6101.0,2865.0,1072.0,17527.0
58,5212273287671.232,7884.0,6023.0,2878.0,1077.0,17862.0
59,5339894362363.919,7716.0,5877.0,2738.0,950.0,17281.0
60,5473188386142.276,8111.0,5956.0,2690.0,919.0,17676.0
61,5612373474903.475,7770.0,5434.0,2474.0,858.0,16536.0
62,5750006795478.443,7608.0,5130.0,2307.0,763.0,15808.0
63,5888372034922.767,7445.0,5053.0,2117.0,626.0,15241.0
64,6032319784692.136,7617.0,5037.0,2034.0,598.0,15286.0
65,6181608928090.493,7426.0,4728.0,1936.0,559.0,14649.0
66,6335840256175.663,7651.0,4699.0,1855.0,531.0,14736.0
67,6490118244505.1,6961.0,4138.0,1565.0,494.0,13158.0
68,6650452258232.461,7683.0,4487.0,1644.0,448.0,14262.0
69,6815493225713.462,6938.0,3827.0,1440.0,376.0,12581.0
70,6979593740372.497,7141.0,3876.0,1451.0,357.0,12825.0
71,7150167360803.427,6771.0,3662.0,1270.0,310.0,12013.0
72,7325772875585.189,7049.0,3696.0,1238.0,280.0,12263.0
73,7506462550215.742,6721.0,3323.0,1190.0,280.0,11514.0
74,7693831504702.194,7018.0,3258.0,1080.0,240.0,11596.0
75,7885586575466.025,6652.0,3158.0,1030.0,205.0,11045.0
76,8077024703709.404,6497.0,2915.0,888.0,172.0,10472.0
77,8273997247000.923,6502.0,2937.0,812.0,185.0,10436.0
78,8480928492865.636,6728.0,2833.0,856.0,151.0,10568.0
79,8689032090144.422,6301.0,2405.0,695.0,141.0,9542.0
80,8901591623424.76,6745.0,2469.0,670.0,113.0,9997.0
81,9120151839294.795,5899.0,2240.0,594.0,104.0,8837.0
82,9344382328321.191,6451.0,2204.0,586.0,91.0,9332.0
83,9578807234854.508,6289.0,2023.0,510.0,80.0,8902.0
84,9814493517587.94,5970.0,1922.0,483.0,60.0,8435.0
85,10052395238095.238,6090.0,1873.0,449.0,57.0,8469.0
86,10295027782483.482,5903.0,1634.0,391.0,59.0,7987.0
87,10552931447587.354,6010.0,1744.0,377.0,58.0,8189.0
88,10814663327370.305,5590.0,1481.0,339.0,54.0,7464.0
89,11074403197158.082,5630.0,1495.0,299.0,48.0,7472.0
90,11348233583318.09,5467.0,1317.0,295.0,35.0,7114.0
91,11628218460441.91,5612.0,1310.0,297.0,41.0,7260.0
92,11916804962598.066,5481.0,1099.0,223.0,38.0,6841.0
93,12206787455797.506,5373.0,1048.0,213.0,27.0,6661.0
94,12512190815953.164,5466.0,1002.0,182.0,27.0,6677.0
95,12821654858874.787,5279.0,924.0,150.0,26.0,6379.0
96,13135221180148.496,5118.0,829.0,141.0,29.0,6117.0
97,13456185282789.377,4933.0,792.0,129.0,27.0,5881.0
98,13784820593436.824,5089.0,771.0,154.0,23.0,6037.0
99,14122837859914.232,4897.0,677.0,117.0,18.0,5709.0
100,14472638174273.86,4820.0,627.0,109.0,22.0,5578.0
101,14827172406507.5,4733.0,601.0,115.0,27.0,5476.0
102,15192587052585.064,4526.0,510.0,107.0,18.0,5161.0
103,15568610817031.07,4345.0,466.0,80.0,15.0,4906.0
104,15949392740046.838,4270.0,440.0,92.0,28.0,4830.0
105,16341863593380.615,4230.0,411.0,74.0,17.0,4732.0
106,16745314051578.693,4149.0,346.0,71.0,17.0,4583.0
107,17153924684159.379,4116.0,312.0,66.0,15.0,4509.0
108,17577678421701.604,4055.0,276.0,47.0,28.0,4406.0
109,18008711760184.473,3903.0,233.0,64.0,16.0,4216.0
110,18456384045001.277,3911.0,208.0,55.0,11.0,4185.0
111,18915778634361.234,3632.0,202.0,53.0,12.0,3899.0
112,19372906241407.754,3637.0,179.0,50.0,17.0,3883.0
113,19850885982956.215,3403.0,161.0,48.0,20.0,3632.0
114,20336635888501.742,3444.0,149.0,66.0,18.0,3677.0
115,20841284436493.74,3354.0,133.0,57.0,14.0,3558.0
116,21351372620126.926,3309.0,135.0,54.0,27.0,3525.0
117,21875078425196.85,3175.0,106.0,45.0,23.0,3349.0
118,22413602209944.75,3077.0,123.0,50.0,23.0,3273.0
119,22958838731443.996,2964.0,124.0,58.0,13.0,3159.0
120,23528041290770.297,2882.0,110.0,48.0,15.0,3055.0
121,24107521095484.824,2702.0,86.0,41.0,17.0,2846.0
122,24695172091283.203,2673.0,104.0,53.0,24.0,2854.0
123,25298695868400.918,2614.0,101.0,51.0,14.0,2780.0
124,25929026199113.26,2481.0,99.0,46.0,18.0,2644.0
125,26569225019984.01,2502.0,96.0,59.0,13.0,2670.0
126,27227892165122.156,2374.0,96.0,45.0,15.0,2530.0
127,27884185657721.074,2273.0,104.0,63.0,16.0,2456.0
128,28578462540716.613,2149.0,83.0,48.0,11.0,2291.0
129,29277870741950.535,2143.0,66.0,55.0,17.0,2281.0
130,29997939199209.094,2023.0,94.0,47.0,18.0,2182.0
131,30733632070831.285,2033.0,88.0,49.0,16.0,2186.0
132,31494695811518.324,1910.0,88.0,48.0,17.0,2063.0
133,32264308421052.633,1900.0,67.0,31.0,15.0,2013.0
134,33060866442199.777,1782.0,72.0,31.0,19.0,1904.0
135,33871799121844.13,1822.0,80.0,40.0,20.0,1962.0
136,34715124768375.54,1619.0,75.0,37.0,18.0,1749.0
137,35570637032495.4,1631.0,66.0,47.0,22.0,1766.0
138,36446828323313.3,1497.0,81.0,40.0,9.0,1627.0
139,37337555198973.04,1558.0,74.0,48.0,16.0,1696.0
140,38247213888888.89,1440.0,74.0,44.0,25.0,1583.0
141,39192554004408.52,1361.0,75.0,49.0,11.0,1496.0
142,40162853403141.36,1337.0,61.0,36.0,20.0,1454.0
143,41141194338179.04,1307.0,70.0,54.0,8.0,1439.0
144,42159584297520.664,1210.0,55.0,43.0,7.0,1315.0
145,43182739965095.984,1146.0,77.0,40.0,12.0,1275.0
146,44256431489361.7,1175.0,75.0,46.0,13.0,1309.0
147,45342797445255.48,1096.0,77.0,38.0,15.0,1226.0
148,46458752941176.47,1020.0,64.0,44.0,17.0,1145.0
149,47599562313060.82,1003.0,70.0,32.0,14.0,1119.0
150,48770300720906.28,971.0,61.0,24.0,10.0,1066.0
151,49978735326688.81,903.0,61.0,27.0,16.0,1007.0
152,51187132845188.28,956.0,59.0,41.0,6.0,1062.0
153,52471913357400.72,831.0,67.0,29.0,12.0,939.0
154,53757993438320.21,762.0,55.0,47.0,9.0,873.0
155,55075470284237.73,774.0,59.0,29.0,10.0,872.0
156,56435508310249.305,722.0,59.0,41.0,13.0,835.0
157,57850593314763.234,718.0,62.0,39.0,11.0,830.0
158,59246995447647.95,659.0,44.0,36.0,10.0,749.0
159,60682069018404.91,652.0,64.0,30.0,9.0,755.0
160,62170939586645.47,629.0,43.0,38.0,14.0,724.0
161,63732585209003.22,622.0,57.0,35.0,7.0,721.0
162,65278495867768.59,605.0,40.0,27.0,7.0,679.0
163,66882298372513.56,553.0,43.0,27.0,10.0,633.0
164,68588532038834.95,515.0,37.0,35.0,11.0,598.0
165,70222762081784.38,538.0,44.0,19.0,12.0,613.0
166,71915400428265.53,467.0,37.0,29.0,8.0,541.0
167,73684838427947.6,458.0,45.0,22.0,5.0,530.0
168,75521147058823.53,476.0,35.0,21.0,5.0,537.0
169,77366476190476.19,420.0,38.0,19.0,9.0,486.0
170,79288268585131.89,417.0,32.0,19.0,5.0,473.0
171,81297566326530.61,392.0,42.0,12.0,7.0,453.0
172,83239997267759.56,366.0,27.0,14.0,8.0,415.0
173,85315329639889.2,361.0,43.0,21.0,5.0,430.0
174,87382115942028.98,345.0,44.0,17.0,8.0,414.0
175,89595574780058.66,341.0,34.0,24.0,7.0,406.0
176,91736733333333.33,285.0,38.0,19.0,5.0,347.0
177,94010617747440.27,293.0,30.0,23.0,0.0,346.0
178,96354050675675.67,296.0,31.0,19.0,7.0,353.0
179,98632448028673.83,279.0,28.0,15.0,5.0,327.0
180,101048987179487.17,234.0,40.0,26.0,4.0,304.0
181,103601150442477.88,226.0,28.0,12.0,3.0,269.0
182,106154298642533.94,221.0,32.0,15.0,6.0,274.0
183,108753918918918.92,222.0,25.0,14.0,6.0,267.0
184,111557164179104.48,201.0,31.0,16.0,5.0,253.0
185,114163229166666.67,192.0,35.0,16.0,7.0,250.0
186,116958492462311.56,199.0,28.0,9.0,5.0,241.0
187,119810699300699.3,143.0,29.0,10.0,3.0,185.0
188,122788220858895.7,163.0,27.0,7.0,4.0,201.0
189,125734892086330.94,139.0,27.0,6.0,4.0,176.0
190,129003355263157.89,152.0,33.0,12.0,1.0,198.0
191,131967518796992.48,133.0,36.0,5.0,2.0,176.0
192,135280000000000.0,123.0,21.0,11.0,4.0,159.0
193,138643100775193.8,129.0,37.0,8.0,1.0,175.0
194,142080173913043.47,115.0,12.0,10.0,2.0,139.0
195,145565405405405.4,111.0,22.0,11.0,3.0,147.0
196,149125000000000.0,102.0,24.0,8.0,2.0,136.0
197,152907741935483.88,93.0,28.0,13.0,5.0,139.0
198,156609310344827.6,87.0,19.0,6.0,1.0,113.0
