,mass bin,1st Xoff,2nd Xoff,3rd Xoff,4th Xoff,full sample
0,1277941297767.6882,5286.0,12105.0,15442.0,14953.0,47786.0
1,1309867251680.3584,5356.0,11965.0,14980.0,14621.0,46922.0
2,1341876541381.2256,5401.0,11910.0,14580.0,14215.0,46106.0
3,1373752856876.9775,5373.0,11624.0,14336.0,13701.0,45034.0
4,1405864191816.3303,5401.0,11400.0,13909.0,13166.0,43876.0
5,1437647450153.3743,5216.0,11371.0,13329.0,12437.0,42353.0
6,1474925945634.9778,6953.0,14744.0,17237.0,15892.0,54826.0
7,1512091321839.0806,5220.0,10571.0,12292.0,11395.0,39478.0
8,1549480491731.304,6833.0,13992.0,15764.0,14070.0,50659.0
9,1586574122211.4453,5155.0,9927.0,11212.0,10045.0,36339.0
10,1623740048470.1606,6602.0,13212.0,14312.0,12649.0,46775.0
11,1666543349902.0938,6639.0,12987.0,13856.0,11696.0,45178.0
12,1709355159216.1665,6532.0,12607.0,13167.0,10976.0,43282.0
13,1751923527612.0544,6537.0,12008.0,12468.0,10307.0,41320.0
14,1794386586678.9724,6501.0,11844.0,11735.0,9747.0,39827.0
15,1836880568720.3792,6330.0,11408.0,11426.0,8981.0,38145.0
16,1879632586558.045,6383.0,11374.0,10676.0,8525.0,36958.0
17,1927503749676.752,7734.0,13395.0,12705.0,9790.0,43624.0
18,1975327642913.0776,6385.0,10582.0,9702.0,7238.0,33907.0
19,2022974703767.8071,7511.0,12483.0,11330.0,8390.0,39714.0
20,2071160472175.3794,5930.0,9685.0,8810.0,6234.0,30659.0
21,2119104748908.2969,7328.0,11984.0,10435.0,7452.0,37199.0
22,2172287375138.7346,7208.0,11565.0,9901.0,6857.0,35531.0
23,2225786360530.272,7317.0,11327.0,9502.0,6388.0,34534.0
24,2284387864805.6294,8669.0,12916.0,10725.0,7068.0,39378.0
25,2342580192416.5254,7068.0,10642.0,8588.0,5535.0,31833.0
26,2395876755549.351,7163.0,10274.0,7989.0,5201.0,30627.0
27,2454602171914.5024,8702.0,12216.0,9085.0,5659.0,35662.0
28,2518201943793.911,8540.0,11748.0,8779.0,5460.0,34527.0
29,2582762125340.5996,8441.0,11573.0,8519.0,4958.0,33491.0
30,2645919689119.171,8492.0,11239.0,7951.0,4662.0,32344.0
31,2710041351025.3315,8290.0,10934.0,7745.0,4344.0,31313.0
32,2773917795679.2383,8193.0,10452.0,7443.0,4129.0,30217.0
33,2843342498682.13,9485.0,11864.0,7807.0,4429.0,33585.0
34,2912466956631.3667,7932.0,9679.0,6447.0,3570.0,27628.0
35,2981918024529.1284,9132.0,10874.0,7064.0,3841.0,30911.0
36,3056243187718.704,8859.0,10339.0,6585.0,3468.0,29251.0
37,3130673145000.586,8531.0,9831.0,6095.0,3239.0,27696.0
38,3205143963363.8633,8407.0,9387.0,5692.0,2969.0,26455.0
39,3285126490493.0713,9309.0,9986.0,5955.0,3157.0,28407.0
40,3370655159947.4146,9128.0,9423.0,5541.0,2819.0,26911.0
41,3455451692620.1763,8862.0,8867.0,5170.0,2608.0,25507.0
42,3540163954028.326,8614.0,8418.0,4662.0,2275.0,23969.0
43,3625436022219.5386,8281.0,7880.0,4217.0,2027.0,22405.0
44,3711122268222.3057,7971.0,7384.0,3941.0,1870.0,21166.0
45,3801082932938.6313,8783.0,7862.0,4138.0,1919.0,22702.0
46,3897469514237.856,8358.0,7389.0,3740.0,1747.0,21234.0
47,3992464081582.804,8188.0,7009.0,3453.0,1444.0,20094.0
48,4089329040818.906,7913.0,6605.0,3250.0,1298.0,19066.0
49,4189801903073.286,8460.0,7088.0,3285.0,1389.0,20222.0
50,4296643422512.637,8111.0,6260.0,3054.0,1188.0,18613.0
51,4402360615964.802,7955.0,6069.0,2736.0,1051.0,17811.0
52,4509348163748.849,7597.0,5645.0,2451.0,982.0,16675.0
53,4620483207336.721,8069.0,5698.0,2511.0,905.0,17183.0
54,4733244911349.993,7163.0,4978.0,2043.0,743.0,14927.0
55,4845109307620.195,7467.0,5050.0,2150.0,698.0,15365.0
56,4968132239333.502,7922.0,5084.0,2071.0,672.0,15749.0
57,5089999593023.256,6880.0,4472.0,1855.0,538.0,13745.0
58,5212785636264.337,7324.0,4541.0,1751.0,525.0,14141.0
59,5340723279897.857,7049.0,4228.0,1612.0,520.0,13409.0
60,5472576308061.933,7492.0,4370.0,1512.0,436.0,13810.0
61,5611938347222.223,7200.0,3939.0,1429.0,399.0,12967.0
62,5750650850144.092,6940.0,3583.0,1304.0,365.0,12192.0
63,5889315769289.769,6519.0,3327.0,1265.0,308.0,11419.0
64,6032002338416.849,6885.0,3384.0,1130.0,293.0,11692.0
65,6181870726172.466,6610.0,3323.0,1061.0,249.0,11243.0
66,6335817001338.688,6723.0,3168.0,1003.0,279.0,11173.0
67,6489251608730.801,6185.0,2864.0,847.0,202.0,10098.0
68,6650422809868.519,6769.0,2946.0,871.0,186.0,10772.0
69,6815096846772.869,6089.0,2595.0,786.0,170.0,9640.0
70,6979138533311.508,6109.0,2554.0,733.0,152.0,9548.0
71,7149917058529.265,5997.0,2342.0,624.0,117.0,9080.0
72,7325696014433.328,6097.0,2371.0,625.0,126.0,9219.0
73,7506407627410.469,5808.0,2118.0,543.0,110.0,8579.0
74,7692586098882.492,5906.0,2034.0,553.0,111.0,8604.0
75,7884956059285.092,5735.0,1905.0,493.0,75.0,8208.0
76,8077441276517.923,5468.0,1680.0,427.0,73.0,7648.0
77,8272747199554.896,5392.0,1726.0,370.0,64.0,7552.0
78,8481449228312.933,5637.0,1595.0,379.0,65.0,7676.0
79,8688711543810.849,5033.0,1404.0,320.0,43.0,6800.0
80,8900784145880.574,5292.0,1451.0,299.0,48.0,7090.0
81,9118576296296.297,4860.0,1224.0,259.0,34.0,6377.0
82,9343416526992.79,5131.0,1356.0,250.0,40.0,6777.0
83,9579417258162.645,4931.0,1180.0,232.0,24.0,6367.0
84,9814314019669.387,4779.0,1041.0,179.0,30.0,6029.0
85,10053115593220.34,4720.0,949.0,191.0,23.0,5883.0
86,10297236946902.654,4520.0,847.0,163.0,22.0,5552.0
87,10553527891449.494,4643.0,886.0,143.0,13.0,5685.0
88,10815013571428.572,4200.0,785.0,123.0,12.0,5120.0
89,11073296383833.61,4231.0,663.0,125.0,15.0,5034.0
90,11344562827225.13,4202.0,637.0,88.0,17.0,4944.0
91,11629169322235.434,4205.0,637.0,67.0,8.0,4917.0
92,11914899593289.273,3934.0,534.0,103.0,18.0,4589.0
93,12206174433092.45,4013.0,495.0,84.0,9.0,4601.0
94,12513579834045.764,3977.0,457.0,62.0,10.0,4506.0
95,12819865522966.242,3614.0,385.0,69.0,18.0,4086.0
96,13136122875452.771,3589.0,374.0,72.0,18.0,4053.0
97,13452141047783.535,3474.0,304.0,54.0,7.0,3839.0
98,13785050318102.95,3458.0,306.0,54.0,14.0,3832.0
99,14127684829721.361,3230.0,250.0,50.0,9.0,3539.0
100,14469727977667.494,3224.0,248.0,50.0,12.0,3534.0
101,14827174529756.398,3243.0,208.0,41.0,13.0,3505.0
102,15196040370615.486,3022.0,198.0,49.0,11.0,3280.0
103,15567118027210.885,2940.0,138.0,32.0,11.0,3121.0
104,15950580813347.236,2877.0,140.0,36.0,12.0,3065.0
105,16346659644024.701,2753.0,127.0,33.0,11.0,2924.0
106,16745907621247.113,2598.0,118.0,40.0,6.0,2762.0
107,17152365731847.867,2603.0,100.0,31.0,12.0,2746.0
108,17573367338371.117,2382.0,103.0,28.0,13.0,2526.0
109,18007148163606.01,2396.0,87.0,34.0,16.0,2533.0
110,18452054168429.96,2363.0,76.0,23.0,11.0,2473.0
111,18910821821381.434,2273.0,80.0,22.0,12.0,2387.0
112,19374930936613.055,2114.0,67.0,33.0,4.0,2218.0
113,19852314907113.73,2207.0,59.0,31.0,9.0,2306.0
114,20334946012877.664,2019.0,71.0,29.0,10.0,2129.0
115,20838304126337.24,1963.0,59.0,26.0,9.0,2057.0
116,21344374001065.53,1877.0,56.0,23.0,8.0,1964.0
117,21882124577226.605,1774.0,37.0,27.0,10.0,1848.0
118,22409129432624.113,1692.0,52.0,30.0,2.0,1776.0
119,22970625603864.734,1656.0,33.0,28.0,9.0,1726.0
120,23525800623052.96,1605.0,54.0,28.0,7.0,1694.0
121,24106170226130.652,1592.0,38.0,26.0,8.0,1664.0
122,24696472814865.793,1453.0,58.0,25.0,8.0,1544.0
123,25305909922589.727,1421.0,44.0,27.0,10.0,1502.0
124,25923626797880.395,1321.0,49.0,29.0,6.0,1405.0
125,26570987490802.06,1359.0,47.0,32.0,4.0,1442.0
126,27214788539144.473,1239.0,44.0,21.0,9.0,1313.0
127,27885551993067.59,1154.0,55.0,22.0,8.0,1239.0
128,28574706837606.836,1170.0,45.0,25.0,10.0,1250.0
129,29287290960451.977,1062.0,40.0,26.0,9.0,1137.0
130,29998832512315.27,1015.0,46.0,21.0,4.0,1086.0
131,30741810728744.938,988.0,35.0,29.0,3.0,1055.0
132,31500618652849.742,965.0,31.0,27.0,6.0,1029.0
133,32274016376663.254,977.0,46.0,19.0,8.0,1050.0
134,33057593317972.35,868.0,37.0,28.0,10.0,943.0
135,33876717391304.348,828.0,34.0,19.0,13.0,894.0
136,34711535392535.39,777.0,31.0,26.0,8.0,842.0
137,35562720098643.65,811.0,51.0,31.0,6.0,899.0
138,36411160108548.17,737.0,36.0,15.0,9.0,797.0
139,37326427960057.06,701.0,38.0,24.0,6.0,769.0
140,38243813643926.79,601.0,19.0,25.0,7.0,652.0
141,39176622186495.18,622.0,32.0,22.0,6.0,682.0
142,40161188118811.88,606.0,30.0,20.0,5.0,661.0
143,41149550699300.7,572.0,24.0,23.0,11.0,630.0
144,42170262500000.0,560.0,27.0,20.0,2.0,609.0
145,43183564705882.35,510.0,34.0,16.0,8.0,568.0
146,44263995959595.96,495.0,23.0,18.0,9.0,545.0
147,45345704347826.086,460.0,34.0,21.0,5.0,520.0
148,46463857142857.14,434.0,27.0,15.0,5.0,481.0
149,47605465437788.016,434.0,19.0,20.0,5.0,478.0
150,48777352185089.98,389.0,27.0,15.0,6.0,437.0
151,50017311224489.8,392.0,18.0,17.0,4.0,431.0
152,51176287179487.18,390.0,21.0,10.0,8.0,429.0
153,52478940298507.46,335.0,23.0,11.0,7.0,376.0
154,53767226086956.52,345.0,24.0,13.0,5.0,387.0
155,55069711864406.78,295.0,29.0,13.0,2.0,339.0
156,56435047457627.12,295.0,21.0,11.0,4.0,331.0
157,57759587188612.1,281.0,24.0,15.0,5.0,325.0
158,59306083665338.65,251.0,19.0,11.0,1.0,282.0
159,60775469924812.03,266.0,23.0,8.0,4.0,301.0
160,62152440000000.0,225.0,19.0,9.0,3.0,256.0
161,63660317180616.74,227.0,18.0,10.0,6.0,261.0
162,65260527363184.08,201.0,15.0,11.0,6.0,233.0
163,66904558974358.98,195.0,22.0,10.0,2.0,229.0
164,68569150000000.0,180.0,25.0,8.0,3.0,216.0
165,70228417142857.14,175.0,19.0,9.0,3.0,206.0
166,71886360759493.67,158.0,23.0,10.0,5.0,196.0
167,73792320512820.52,156.0,11.0,2.0,2.0,171.0
168,75526068322981.36,161.0,12.0,10.0,1.0,184.0
169,77415240000000.0,125.0,21.0,8.0,0.0,154.0
170,79210897590361.45,166.0,17.0,6.0,1.0,190.0
171,81192678899082.56,109.0,15.0,5.0,0.0,129.0
172,83323277777777.78,108.0,14.0,5.0,0.0,127.0
173,85232885245901.64,122.0,12.0,5.0,0.0,139.0
174,87305254901960.78,102.0,12.0,5.0,1.0,120.0
175,89463854166666.67,96.0,15.0,4.0,3.0,118.0
176,91809802083333.33,96.0,10.0,6.0,0.0,112.0
177,94070538461538.47,65.0,11.0,5.0,1.0,82.0
178,96203257575757.58,66.0,6.0,3.0,1.0,76.0
179,98611651515151.52,66.0,13.0,3.0,2.0,84.0
180,101039766233766.23,77.0,9.0,3.0,2.0,91.0
181,103624716981132.08,53.0,18.0,4.0,0.0,75.0
182,106178030303030.3,66.0,18.0,3.0,1.0,88.0
183,108854347826086.95,46.0,6.0,4.0,1.0,57.0
184,111344800000000.0,50.0,13.0,4.0,1.0,68.0
185,114301791044776.12,67.0,6.0,1.0,3.0,77.0
186,116759032258064.52,31.0,7.0,4.0,0.0,42.0
187,119764390243902.44,41.0,8.0,1.0,0.0,50.0
188,122610000000000.0,36.0,9.0,3.0,0.0,48.0
189,125730652173913.05,46.0,3.0,6.0,2.0,57.0
190,128861612903225.81,31.0,2.0,2.0,0.0,35.0
191,131915333333333.33,30.0,9.0,1.0,1.0,41.0
192,135391250000000.0,32.0,2.0,0.0,0.0,34.0
193,138756956521739.12,23.0,8.0,0.0,1.0,32.0
194,142024333333333.34,30.0,7.0,1.0,0.0,38.0
195,145663846153846.16,26.0,7.0,3.0,0.0,36.0
196,148990000000000.0,24.0,2.0,3.0,0.0,29.0
197,152693333333333.34,12.0,5.0,2.0,0.0,19.0
198,156561333333333.34,15.0,7.0,2.0,1.0,25.0
