,mass bin,1st Xoff,2nd Xoff,3rd Xoff,4th Xoff,full sample
0,1278204333050.1274,2354.0,6354.0,10933.0,15688.0,35329.0
1,1309789982803.0955,2326.0,6487.0,10877.0,15456.0,35146.0
2,1341954479211.316,2333.0,6456.0,11015.0,15122.0,34926.0
3,1373502991275.4465,2407.0,6644.0,10800.0,15059.0,34910.0
4,1405675797532.9646,2351.0,6608.0,10446.0,14918.0,34323.0
5,1437529919354.8386,2480.0,6465.0,10578.0,14538.0,34061.0
6,1475166317678.7317,3343.0,8592.0,13788.0,18710.0,44433.0
7,1511939967767.9292,2482.0,6416.0,9888.0,13442.0,32228.0
8,1549415850144.0923,3470.0,8435.0,13181.0,17527.0,42613.0
9,1586666927512.356,2428.0,6289.0,9546.0,12669.0,30932.0
10,1623637319277.1084,3320.0,8110.0,12556.0,16154.0,40140.0
11,1666745762195.122,3280.0,8026.0,12159.0,15321.0,38786.0
12,1709553131493.0247,3369.0,8054.0,11787.0,14554.0,37764.0
13,1751803241590.214,3270.0,7998.0,11234.0,13868.0,36370.0
14,1794078625235.4048,3186.0,7751.0,10955.0,13304.0,35196.0
15,1836950562851.7825,3198.0,7684.0,10412.0,12631.0,33925.0
16,1879959185548.071,3266.0,7555.0,10278.0,11915.0,33014.0
17,1927278983481.5757,3935.0,9150.0,12455.0,14046.0,39586.0
18,1975660214714.2407,3167.0,7167.0,9707.0,10578.0,30619.0
19,2023294994918.6992,3936.0,8861.0,11579.0,12524.0,36900.0
20,2071395011264.8857,3107.0,6941.0,8843.0,9680.0,28571.0
21,2118622818442.3027,3839.0,8438.0,10805.0,11304.0,34386.0
22,2172245696721.3115,3904.0,8297.0,10530.0,10605.0,33336.0
23,2225882048040.455,3955.0,8187.0,9961.0,10129.0,32232.0
24,2284213540534.6665,4601.0,9589.0,11455.0,11454.0,37099.0
25,2343348913605.794,3866.0,7894.0,9136.0,8918.0,29814.0
26,2396313076720.2744,3793.0,7642.0,8721.0,8482.0,28638.0
27,2454724905324.1255,4489.0,8729.0,10171.0,9320.0,32709.0
28,2518632828507.795,4490.0,8529.0,9718.0,8894.0,31631.0
29,2582269697658.5586,4399.0,8481.0,9090.0,8346.0,30316.0
30,2645853424657.534,4380.0,8065.0,8671.0,7590.0,28706.0
31,2710057966182.4243,4199.0,7978.0,8411.0,7381.0,27969.0
32,2774636870335.821,4288.0,7734.0,8043.0,6780.0,26845.0
33,2843596901642.753,4809.0,8678.0,8881.0,7589.0,29957.0
34,2912163804832.278,4263.0,7472.0,7482.0,5944.0,25161.0
35,2981409674728.941,4796.0,8187.0,8078.0,6540.0,27601.0
36,3055688081515.027,4858.0,8091.0,7795.0,6211.0,26955.0
37,3130919011406.844,4734.0,7854.0,7492.0,5715.0,25795.0
38,3205669997882.7017,4723.0,7845.0,7152.0,5405.0,25125.0
39,3285065835889.5703,5216.0,8414.0,7852.0,5844.0,27326.0
40,3370422953357.8477,5167.0,8581.0,7416.0,5476.0,26640.0
41,3455634239543.726,5260.0,8254.0,7277.0,5180.0,25971.0
42,3540628965256.7974,5296.0,8122.0,6823.0,4934.0,25175.0
43,3625961908382.437,5261.0,8038.0,6667.0,4633.0,24599.0
44,3711292746797.287,5308.0,7810.0,6446.0,4304.0,23868.0
45,3801353460207.6123,5780.0,8659.0,7015.0,4657.0,26111.0
46,3896904410502.8315,5827.0,8263.0,6773.0,4573.0,25436.0
47,3993060694858.747,5699.0,8076.0,6608.0,4256.0,24639.0
48,4089166991304.3477,5750.0,7965.0,6213.0,4117.0,24045.0
49,4190329156171.2847,6352.0,8571.0,6607.0,4092.0,25622.0
50,4296666688269.6045,6172.0,8079.0,6188.0,3981.0,24420.0
51,4403053029045.644,6025.0,7945.0,5780.0,3800.0,23550.0
52,4510302966689.799,5764.0,7507.0,5612.0,3532.0,22415.0
53,4621696981436.643,6195.0,7854.0,5794.0,3615.0,23458.0
54,4733402458448.754,5776.0,6814.0,4981.0,3127.0,20698.0
55,4844939736754.415,6002.0,7166.0,5078.0,3126.0,21372.0
56,4967412973057.156,6421.0,7648.0,5367.0,3287.0,22723.0
57,5090243158436.214,5832.0,6591.0,4469.0,2674.0,19566.0
58,5212006162233.604,6053.0,6668.0,4545.0,2732.0,19998.0
59,5340802988855.116,5922.0,6563.0,4274.0,2576.0,19335.0
60,5473994695762.981,6278.0,6679.0,4413.0,2498.0,19868.0
61,5611794853178.444,6198.0,6414.0,4124.0,2281.0,19017.0
62,5750892339121.553,5874.0,6164.0,3710.0,2116.0,17864.0
63,5888982147228.536,5719.0,5837.0,3535.0,1970.0,17061.0
64,6032895310706.673,6099.0,5940.0,3603.0,1963.0,17605.0
65,6182693751052.721,5937.0,5502.0,3363.0,1767.0,16569.0
66,6335541204896.907,6208.0,5772.0,3332.0,1831.0,17143.0
67,6490830216216.216,5550.0,5080.0,2919.0,1555.0,15104.0
68,6650008132578.819,6185.0,5494.0,3160.0,1644.0,16483.0
69,6815166725414.17,5674.0,4918.0,2778.0,1316.0,14686.0
70,6979513284069.428,5819.0,4925.0,2718.0,1276.0,14738.0
71,7151726586620.926,5830.0,4643.0,2523.0,1215.0,14211.0
72,7325699489187.809,5873.0,4652.0,2554.0,1120.0,14199.0
73,7506944591261.452,5676.0,4503.0,2414.0,1026.0,13619.0
74,7693715040449.067,6057.0,4561.0,2275.0,1062.0,13955.0
75,7884008165448.387,5609.0,4294.0,2188.0,929.0,13020.0
76,8077325636885.54,5574.0,4129.0,1899.0,808.0,12410.0
77,8272751628576.57,5557.0,4149.0,1974.0,841.0,12521.0
78,8481268538938.663,5804.0,3970.0,1910.0,820.0,12504.0
79,8690372397416.413,5264.0,3703.0,1735.0,718.0,11420.0
80,8900858347948.088,5702.0,3741.0,1732.0,660.0,11835.0
81,9121821660649.82,5263.0,3393.0,1531.0,630.0,10817.0
82,9344564576691.463,5646.0,3524.0,1544.0,589.0,11303.0
83,9578324934774.506,5366.0,3282.0,1505.0,533.0,10686.0
84,9810782429290.973,5162.0,3168.0,1355.0,481.0,10166.0
85,10051800333889.816,5391.0,3116.0,1305.0,461.0,10273.0
86,10297937780378.389,5127.0,2918.0,1209.0,436.0,9690.0
87,10553210248955.115,5503.0,3003.0,1262.0,421.0,10189.0
88,10814914257425.742,5050.0,2724.0,1082.0,330.0,9186.0
89,11074862068965.518,5191.0,2703.0,1104.0,330.0,9328.0
90,11344659918240.219,5137.0,2659.0,984.0,294.0,9074.0
91,11628285494124.445,5191.0,2636.0,964.0,272.0,9063.0
92,11916523101328.574,5043.0,2407.0,895.0,226.0,8571.0
93,12208138107416.879,5083.0,2356.0,847.0,232.0,8518.0
94,12510533881707.795,5106.0,2285.0,826.0,221.0,8438.0
95,12822930891089.11,5050.0,2120.0,732.0,200.0,8102.0
96,13135483942637.852,4951.0,2118.0,733.0,182.0,7984.0
97,13456495309568.48,4797.0,1938.0,661.0,182.0,7578.0
98,13782839005502.344,4907.0,1919.0,664.0,155.0,7645.0
99,14125952146231.26,4869.0,1801.0,578.0,132.0,7380.0
100,14471592428087.986,4728.0,1725.0,507.0,133.0,7093.0
101,14828113089005.236,4775.0,1742.0,538.0,112.0,7167.0
102,15194345404489.623,4722.0,1678.0,476.0,107.0,6983.0
103,15567764745159.137,4493.0,1450.0,466.0,90.0,6499.0
104,15950182461406.518,4664.0,1442.0,450.0,101.0,6657.0
105,16342545638945.232,4437.0,1361.0,402.0,85.0,6285.0
106,16746889463042.014,4451.0,1281.0,350.0,71.0,6153.0
107,17155928190873.291,4317.0,1269.0,382.0,46.0,6014.0
108,17573582351582.352,4329.0,1119.0,308.0,61.0,5817.0
109,18003936526122.824,4364.0,1090.0,307.0,60.0,5821.0
110,18453596580406.656,4328.0,1096.0,290.0,44.0,5758.0
111,18911632662502.89,4323.0,994.0,242.0,46.0,5605.0
112,19374093323930.418,4254.0,983.0,220.0,32.0,5489.0
113,19847155086848.637,4030.0,870.0,226.0,30.0,5156.0
114,20336975761939.043,4167.0,782.0,190.0,32.0,5171.0
115,20832918739226.793,4061.0,742.0,182.0,26.0,5011.0
116,21352924044508.95,4134.0,767.0,170.0,27.0,5098.0
117,21877487509462.527,3963.0,683.0,159.0,24.0,4829.0
118,22414778120978.12,3885.0,658.0,125.0,22.0,4690.0
119,22962411256544.504,3820.0,556.0,149.0,22.0,4547.0
120,23529424242424.242,3729.0,564.0,128.0,24.0,4445.0
121,24105107230559.344,3665.0,530.0,113.0,28.0,4336.0
122,24696703517587.94,3582.0,505.0,107.0,18.0,4212.0
123,25309601664355.062,3605.0,431.0,91.0,25.0,4152.0
124,25928022141255.605,3568.0,393.0,85.0,25.0,4071.0
125,26569176402877.7,3475.0,393.0,73.0,27.0,3968.0
126,27222235971223.023,3475.0,385.0,84.0,16.0,3960.0
127,27892888507718.695,3498.0,309.0,82.0,22.0,3911.0
128,28585332532291.98,3329.0,276.0,68.0,19.0,3692.0
129,29282449535603.715,3230.0,256.0,68.0,13.0,3567.0
130,30001212472579.13,3191.0,253.0,72.0,21.0,3537.0
131,30736446577095.33,3126.0,220.0,59.0,15.0,3420.0
132,31494504834944.98,2999.0,215.0,64.0,21.0,3299.0
133,32265023493360.57,2937.0,212.0,51.0,18.0,3218.0
134,33055570043463.723,2991.0,186.0,63.0,24.0,3264.0
135,33870572953736.656,2810.0,152.0,56.0,19.0,3037.0
136,34709024057450.63,2785.0,147.0,40.0,21.0,2993.0
137,35564942598187.31,2648.0,137.0,56.0,24.0,2865.0
138,36427923021060.27,2754.0,126.0,52.0,24.0,2956.0
139,37334529571984.44,2570.0,124.0,55.0,22.0,2771.0
140,38239739287144.57,2497.0,111.0,67.0,24.0,2699.0
141,39196058288548.984,2419.0,110.0,45.0,24.0,2598.0
142,40154814613778.7,2395.0,117.0,54.0,23.0,2589.0
143,41150569686411.15,2296.0,104.0,51.0,21.0,2472.0
144,42151444250109.31,2287.0,86.0,58.0,15.0,2446.0
145,43193854570013.51,2221.0,101.0,50.0,17.0,2389.0
146,44256767265846.734,2114.0,100.0,46.0,25.0,2285.0
147,45342997601918.47,2085.0,86.0,38.0,18.0,2227.0
148,46482252252252.25,1998.0,92.0,43.0,17.0,2150.0
149,47598441696113.07,1981.0,96.0,41.0,21.0,2139.0
150,48771041407867.49,1932.0,107.0,55.0,20.0,2114.0
151,49977470422535.21,1775.0,88.0,54.0,15.0,1932.0
152,51184188807235.73,1769.0,86.0,41.0,21.0,1917.0
153,52474047105561.86,1762.0,96.0,57.0,24.0,1939.0
154,53745229288214.7,1714.0,84.0,68.0,22.0,1888.0
155,55078696785930.87,1649.0,105.0,46.0,20.0,1820.0
156,56404872422680.414,1552.0,85.0,45.0,17.0,1699.0
157,57829029722589.164,1514.0,92.0,62.0,18.0,1686.0
158,59237782925215.086,1511.0,75.0,39.0,24.0,1649.0
159,60697397295556.984,1553.0,83.0,50.0,19.0,1705.0
160,62189113636363.63,1408.0,87.0,48.0,17.0,1560.0
161,63709227106227.11,1365.0,79.0,69.0,20.0,1533.0
162,65277516594516.59,1386.0,79.0,51.0,20.0,1536.0
163,66879265648854.96,1310.0,68.0,38.0,20.0,1436.0
164,68564606830818.11,1259.0,90.0,45.0,23.0,1417.0
165,70213010517799.35,1236.0,76.0,39.0,19.0,1370.0
166,71924505244755.25,1144.0,94.0,38.0,18.0,1294.0
167,73713465056082.83,1159.0,88.0,52.0,15.0,1314.0
168,75559143518518.52,1080.0,79.0,40.0,14.0,1213.0
169,77399935860058.31,1029.0,80.0,52.0,25.0,1186.0
170,79280386692381.88,1037.0,76.0,48.0,27.0,1188.0
171,81260583905789.98,1019.0,71.0,47.0,15.0,1152.0
172,83221015250544.66,918.0,67.0,47.0,14.0,1046.0
173,85308300107181.14,933.0,66.0,48.0,21.0,1068.0
174,87392372937293.73,909.0,71.0,40.0,12.0,1032.0
175,89559344943820.22,890.0,76.0,43.0,18.0,1027.0
176,91708288268156.42,895.0,62.0,38.0,15.0,1010.0
177,94012064209274.67,841.0,71.0,42.0,14.0,968.0
178,96342391025641.03,780.0,48.0,39.0,14.0,881.0
179,98675838196286.47,754.0,48.0,47.0,15.0,864.0
180,101109216551724.14,725.0,55.0,30.0,14.0,824.0
181,103598694362017.8,674.0,58.0,30.0,22.0,784.0
182,106115557228915.66,664.0,68.0,31.0,16.0,779.0
183,108726874027993.78,643.0,68.0,30.0,19.0,760.0
184,111458850393700.78,635.0,60.0,36.0,12.0,743.0
185,114202924071082.39,619.0,66.0,36.0,19.0,740.0
186,116978003384094.75,591.0,58.0,40.0,18.0,707.0
187,119840748299319.73,588.0,59.0,50.0,12.0,709.0
188,122799964601769.9,565.0,59.0,36.0,13.0,673.0
189,125843085937500.0,512.0,54.0,37.0,21.0,624.0
190,128927347670250.89,558.0,62.0,21.0,20.0,661.0
191,132150338266384.78,473.0,50.0,32.0,14.0,569.0
192,135319815195071.88,487.0,63.0,37.0,9.0,596.0
193,138681297872340.42,470.0,61.0,29.0,13.0,573.0
194,142063085846867.75,431.0,50.0,24.0,16.0,521.0
195,145570166666666.66,420.0,59.0,25.0,10.0,514.0
196,149171406649616.38,391.0,74.0,21.0,14.0,500.0
197,152867774936061.38,391.0,53.0,20.0,12.0,476.0
198,156629072164948.47,388.0,79.0,26.0,12.0,505.0
