,mass bin,1st Xoff,2nd Xoff,3rd Xoff,4th Xoff,full sample
0,1278171570492.4963,4731.0,11282.0,15583.0,16995.0,48591.0
1,1309759752981.2607,4696.0,10983.0,15293.0,16282.0,47254.0
2,1341934292462.959,4657.0,11242.0,14963.0,15921.0,46783.0
3,1373756059957.1733,4670.0,10975.0,14878.0,15462.0,45985.0
4,1405652356939.2678,4561.0,10651.0,14121.0,15022.0,44355.0
5,1437502481442.2058,4715.0,10430.0,13734.0,14356.0,43235.0
6,1475091553719.0083,6050.0,13747.0,17906.0,18067.0,55770.0
7,1511863527551.9421,4428.0,10032.0,12943.0,12953.0,40356.0
8,1549110926326.293,6013.0,13256.0,16539.0,16590.0,52398.0
9,1586797440462.9424,4493.0,9751.0,12039.0,11657.0,37940.0
10,1624017397034.5964,6070.0,12854.0,15375.0,14600.0,48899.0
11,1666426546260.0103,5869.0,12505.0,14895.0,13649.0,46918.0
12,1709388777247.9563,5872.0,12018.0,13925.0,12786.0,44601.0
13,1751739556090.8464,5812.0,11765.0,13406.0,12090.0,43073.0
14,1794245556499.5752,5885.0,11323.0,12968.0,11472.0,41648.0
15,1837274495805.8184,5603.0,11500.0,12441.0,10676.0,40220.0
16,1879771150378.6514,5546.0,11047.0,11734.0,10232.0,38559.0
17,1927312235260.4465,6988.0,13213.0,14063.0,11607.0,45871.0
18,1975518812969.4082,5459.0,10494.0,10766.0,8737.0,35456.0
19,2023343034100.8452,6862.0,12447.0,12751.0,10389.0,42449.0
20,2071143312699.306,5331.0,9822.0,9834.0,7596.0,32583.0
21,2119167354056.103,6595.0,11990.0,11682.0,9089.0,39356.0
22,2172314133533.3833,6665.0,11740.0,10929.0,8356.0,37690.0
23,2225401061173.533,6408.0,11388.0,10664.0,8012.0,36472.0
24,2283994671542.3794,7657.0,13138.0,11947.0,8865.0,41607.0
25,2342740761636.1074,6381.0,10686.0,9685.0,6707.0,33459.0
26,2396167939760.9067,6441.0,10416.0,9048.0,6345.0,32250.0
27,2454808876740.8564,7683.0,12056.0,10748.0,7249.0,37736.0
28,2518299623913.889,7711.0,12041.0,10180.0,6600.0,36532.0
29,2582399638476.4365,7745.0,11761.0,9780.0,6243.0,35529.0
30,2646278582414.7656,7802.0,11508.0,9359.0,5863.0,34532.0
31,2710597330097.0874,7828.0,11077.0,8935.0,5553.0,33393.0
32,2773925461878.7407,7686.0,11033.0,8585.0,5230.0,32534.0
33,2843386370095.0923,9149.0,12712.0,9631.0,5569.0,37061.0
34,2912870936877.076,7525.0,10623.0,7669.0,4449.0,30266.0
35,2981744753649.6353,8768.0,11664.0,8672.0,5011.0,34115.0
36,3056243231947.9917,8614.0,11281.0,8090.0,4669.0,32654.0
37,3130478563015.312,8490.0,10850.0,7741.0,4385.0,31466.0
38,3204839960361.6997,8073.0,10408.0,7224.0,3985.0,29690.0
39,3284920857827.1284,9186.0,11092.0,7798.0,4151.0,32227.0
40,3369889574537.1875,9237.0,10733.0,7223.0,3937.0,31130.0
41,3455573152906.2466,8757.0,10180.0,6784.0,3560.0,29281.0
42,3540816817274.968,8521.0,9537.0,6281.0,3169.0,27508.0
43,3625469219756.621,8382.0,9396.0,5961.0,2995.0,26734.0
44,3710721655497.642,8058.0,8886.0,5446.0,2695.0,25085.0
45,3801477433131.0405,8898.0,9190.0,5661.0,2811.0,26560.0
46,3898279379391.1006,8540.0,8716.0,5188.0,2507.0,24951.0
47,3993547366509.2627,8259.0,8419.0,4857.0,2296.0,23831.0
48,4089439126680.6465,8107.0,7875.0,4479.0,2027.0,22488.0
49,4190115162414.297,8897.0,8250.0,4557.0,2072.0,23776.0
50,4296637343768.2515,8561.0,7964.0,4219.0,1861.0,22605.0
51,4403390074837.443,8151.0,7332.0,3911.0,1646.0,21040.0
52,4508944354631.768,7794.0,6993.0,3504.0,1497.0,19788.0
53,4620857100869.975,8506.0,7027.0,3679.0,1468.0,20680.0
54,4733007149514.046,7511.0,6229.0,3054.0,1184.0,17978.0
55,4844641351150.705,8082.0,6448.0,3056.0,1234.0,18820.0
56,4968181718915.111,8517.0,6587.0,3130.0,1102.0,19336.0
57,5090065573989.831,7474.0,5690.0,2658.0,941.0,16763.0
58,5212908942476.765,7962.0,5880.0,2576.0,902.0,17320.0
59,5339760817891.374,7825.0,5471.0,2449.0,833.0,16578.0
60,5473421953371.141,7935.0,5579.0,2453.0,813.0,16780.0
61,5611844758629.474,7851.0,5225.0,2165.0,664.0,15905.0
62,5750374811772.759,7305.0,5010.0,2013.0,617.0,14945.0
63,5888228485944.893,7186.0,4621.0,1863.0,540.0,14210.0
64,6033124057043.85,7503.0,4593.0,1758.0,544.0,14398.0
65,6181546153846.154,7527.0,4439.0,1676.0,459.0,14101.0
66,6336699893842.888,7536.0,4443.0,1656.0,457.0,14092.0
67,6489973658464.275,6746.0,3798.0,1374.0,357.0,12275.0
68,6648960391686.65,7506.0,3964.0,1436.0,377.0,13283.0
69,6815552940318.108,6853.0,3513.0,1190.0,296.0,11852.0
70,6980973326644.689,6977.0,3567.0,1185.0,288.0,12017.0
71,7149937106918.239,6837.0,3409.0,1102.0,240.0,11588.0
72,7326060459543.276,7094.0,3322.0,1106.0,236.0,11758.0
73,7506902979431.337,6612.0,3193.0,1003.0,187.0,10995.0
74,7693349284785.436,6921.0,3031.0,947.0,192.0,11091.0
75,7885717577771.066,6622.0,2923.0,868.0,194.0,10607.0
76,8076723790069.139,6364.0,2669.0,746.0,150.0,9929.0
77,8273780748581.07,6519.0,2596.0,736.0,124.0,9975.0
78,8481636129320.62,6712.0,2611.0,700.0,112.0,10135.0
79,8689320135527.59,6198.0,2187.0,592.0,91.0,9068.0
80,8902225299306.87,6348.0,2266.0,615.0,95.0,9324.0
81,9118311156324.178,5898.0,2031.0,513.0,84.0,8526.0
82,9345985576768.81,6233.0,2052.0,511.0,85.0,8881.0
83,9578286301142.951,6037.0,1895.0,498.0,61.0,8491.0
84,9810573582961.182,5822.0,1709.0,391.0,46.0,7968.0
85,10051349634655.533,5748.0,1662.0,386.0,55.0,7851.0
86,10296203932486.516,5747.0,1537.0,307.0,42.0,7633.0
87,10551277369769.428,5855.0,1516.0,323.0,59.0,7753.0
88,10812522714526.08,5349.0,1316.0,276.0,32.0,6973.0
89,11071829591461.17,5434.0,1224.0,253.0,38.0,6949.0
90,11344701381315.885,5502.0,1183.0,199.0,30.0,6914.0
91,11628233345669.875,5404.0,1050.0,216.0,34.0,6704.0
92,11916029526029.525,5148.0,1038.0,174.0,28.0,6388.0
93,12207803644117.076,5159.0,950.0,196.0,22.0,6327.0
94,12509557253423.299,5039.0,870.0,160.0,26.0,6095.0
95,12822608731636.664,4833.0,753.0,142.0,18.0,5746.0
96,13135150990099.01,4848.0,712.0,137.0,21.0,5718.0
97,13454409808461.377,4751.0,694.0,126.0,24.0,5595.0
98,13782013254786.451,4753.0,635.0,118.0,22.0,5528.0
99,14124232395901.46,4587.0,549.0,92.0,25.0,5253.0
100,14472487519328.473,4527.0,535.0,89.0,24.0,5175.0
101,14827248339973.44,4518.0,453.0,82.0,23.0,5076.0
102,15196712248132.217,4417.0,430.0,74.0,14.0,4935.0
103,15565993649242.795,4094.0,364.0,79.0,13.0,4550.0
104,15951797042690.197,4193.0,374.0,71.0,17.0,4655.0
105,16343827476038.338,4069.0,313.0,66.0,15.0,4463.0
106,16745930932412.432,4054.0,280.0,69.0,13.0,4416.0
107,17156035677352.637,3868.0,222.0,55.0,14.0,4159.0
108,17577597083445.855,3703.0,246.0,56.0,14.0,4019.0
109,18006922017084.598,3629.0,195.0,55.0,17.0,3896.0
110,18455178741258.742,3575.0,198.0,55.0,24.0,3852.0
111,18914921823121.04,3313.0,156.0,44.0,16.0,3529.0
112,19370318844984.8,3290.0,139.0,53.0,19.0,3501.0
113,19848747440273.04,3223.0,127.0,49.0,19.0,3418.0
114,20333133209417.598,3228.0,139.0,42.0,12.0,3421.0
115,20835025000000.0,3000.0,118.0,45.0,12.0,3175.0
116,21347459367562.055,2941.0,110.0,52.0,15.0,3118.0
117,21875476720647.773,2964.0,116.0,43.0,12.0,3135.0
118,22409602088584.805,2777.0,104.0,44.0,18.0,2943.0
119,22963136146788.992,2725.0,93.0,38.0,7.0,2863.0
120,23523065393988.63,2462.0,85.0,52.0,11.0,2610.0
121,24103232822928.938,2547.0,87.0,39.0,11.0,2684.0
122,24694901296528.65,2391.0,106.0,44.0,20.0,2561.0
123,25302361064189.188,2368.0,85.0,54.0,9.0,2516.0
124,25930315413691.727,2381.0,71.0,47.0,13.0,2512.0
125,26567781125387.684,2257.0,66.0,43.0,15.0,2381.0
126,27223149771689.496,2190.0,82.0,37.0,14.0,2323.0
127,27890208747514.91,2012.0,69.0,52.0,12.0,2145.0
128,28582130264446.62,2042.0,86.0,48.0,10.0,2186.0
129,29273655520169.85,1884.0,60.0,54.0,13.0,2011.0
130,29995487562189.055,1809.0,71.0,29.0,12.0,1921.0
131,30731958812840.703,1651.0,57.0,35.0,20.0,1763.0
132,31501962365591.4,1674.0,79.0,52.0,15.0,1820.0
133,32270179440389.293,1644.0,82.0,48.0,7.0,1781.0
134,33063522668393.78,1544.0,97.0,43.0,15.0,1699.0
135,33875157179818.887,1546.0,74.0,49.0,12.0,1681.0
136,34724749145591.25,1463.0,73.0,47.0,12.0,1595.0
137,35562265068493.15,1460.0,74.0,42.0,15.0,1591.0
138,36428051073279.055,1351.0,61.0,37.0,20.0,1469.0
139,37300986624704.95,1271.0,69.0,35.0,19.0,1394.0
140,38240856682769.73,1242.0,72.0,36.0,17.0,1367.0
141,39201560995850.625,1205.0,72.0,41.0,13.0,1331.0
142,40158909479077.71,1171.0,67.0,34.0,14.0,1286.0
143,41140478301015.695,1083.0,66.0,49.0,11.0,1209.0
144,42157926168224.3,1070.0,65.0,36.0,13.0,1184.0
145,43204478095238.09,1050.0,60.0,31.0,10.0,1151.0
146,44256508457711.445,1005.0,56.0,51.0,13.0,1125.0
147,45340453653217.016,917.0,51.0,35.0,11.0,1014.0
148,46483727172717.27,909.0,45.0,33.0,13.0,1000.0
149,47621180169286.58,827.0,62.0,37.0,7.0,933.0
150,48754661407766.99,824.0,60.0,35.0,14.0,933.0
151,49999895334174.02,793.0,46.0,25.0,13.0,877.0
152,51188424619640.39,723.0,47.0,24.0,17.0,811.0
153,52452328877005.34,748.0,40.0,30.0,11.0,829.0
154,53745565809379.73,661.0,50.0,31.0,8.0,750.0
155,55056207352941.18,680.0,46.0,28.0,11.0,765.0
156,56433658093797.27,661.0,53.0,21.0,8.0,743.0
157,57802214516129.03,620.0,37.0,35.0,11.0,703.0
158,59230773399014.78,609.0,53.0,22.0,14.0,698.0
159,60698553505535.055,542.0,43.0,28.0,13.0,626.0
160,62182809106830.125,571.0,52.0,18.0,13.0,654.0
161,63738710679611.65,515.0,41.0,27.0,11.0,594.0
162,65298679841897.234,506.0,38.0,35.0,7.0,586.0
163,66875325865580.445,491.0,39.0,18.0,4.0,552.0
164,68515039534883.72,430.0,34.0,25.0,11.0,500.0
165,70256145118733.51,379.0,35.0,25.0,8.0,447.0
166,71923420792079.2,404.0,32.0,19.0,10.0,465.0
167,73760663185378.6,383.0,35.0,21.0,15.0,454.0
168,75534057291666.67,384.0,27.0,20.0,11.0,442.0
169,77401449350649.34,385.0,31.0,27.0,8.0,451.0
170,79265219814241.48,323.0,29.0,17.0,3.0,372.0
171,81209668750000.0,320.0,33.0,16.0,9.0,378.0
172,83305228758169.94,306.0,43.0,26.0,2.0,377.0
173,85307977695167.28,269.0,24.0,22.0,7.0,322.0
174,87397472972972.97,296.0,36.0,12.0,6.0,350.0
175,89518395604395.61,273.0,35.0,9.0,4.0,321.0
176,91737231034482.77,290.0,21.0,17.0,7.0,335.0
177,94016578125000.0,256.0,30.0,21.0,3.0,310.0
178,96276898437500.0,256.0,24.0,14.0,6.0,300.0
179,98685949748743.72,199.0,28.0,5.0,4.0,236.0
180,101083101123595.5,178.0,31.0,12.0,3.0,224.0
181,103481349693251.53,163.0,32.0,13.0,1.0,209.0
182,106214827586206.89,174.0,28.0,12.0,6.0,220.0
183,108743828571428.58,175.0,27.0,8.0,5.0,215.0
184,111439266666666.67,150.0,20.0,14.0,2.0,186.0
185,114018592592592.6,135.0,23.0,10.0,4.0,172.0
186,117027500000000.0,140.0,23.0,11.0,3.0,177.0
187,119808188976377.95,127.0,34.0,10.0,0.0,171.0
188,122749802631578.95,152.0,25.0,6.0,2.0,185.0
189,125880748299319.73,147.0,18.0,8.0,2.0,175.0
190,128738476190476.19,105.0,17.0,8.0,3.0,133.0
191,132054774774774.78,111.0,21.0,10.0,2.0,144.0
192,135312018348623.86,109.0,20.0,5.0,3.0,137.0
193,138802976190476.19,84.0,19.0,6.0,2.0,111.0
194,141978000000000.0,100.0,23.0,5.0,3.0,131.0
195,145467319587628.88,97.0,17.0,5.0,1.0,120.0
196,149179743589743.6,78.0,10.0,5.0,1.0,94.0
197,152790000000000.0,65.0,17.0,3.0,3.0,88.0
198,156641250000000.0,80.0,16.0,9.0,1.0,106.0
