,mass bin,1st Xoff,2nd Xoff,3rd Xoff,4th Xoff,full sample
0,1277858391959.799,2985.0,7905.0,13132.0,17081.0,41103.0
1,1309901588330.632,3085.0,8114.0,12912.0,16872.0,40983.0
2,1341957087628.866,3104.0,8002.0,12480.0,16458.0,40044.0
3,1373893844601.4126,2973.0,8030.0,12331.0,16285.0,39619.0
4,1405847773411.9187,3054.0,8042.0,12470.0,15807.0,39373.0
5,1437830450275.3481,3087.0,7867.0,12156.0,15579.0,38689.0
6,1474588652130.8225,4036.0,10483.0,15953.0,19628.0,50100.0
7,1511931096947.333,2981.0,7600.0,11590.0,14075.0,36246.0
8,1549265101990.6611,4069.0,10294.0,14977.0,18183.0,47523.0
9,1586686777138.9922,2957.0,7477.0,10828.0,12926.0,34188.0
10,1624407042253.5212,4047.0,9735.0,13997.0,16519.0,44298.0
11,1666387259259.2593,4050.0,9640.0,13594.0,15639.0,42923.0
12,1709353693964.4377,3993.0,9486.0,13031.0,14858.0,41368.0
13,1752317376796.7146,3896.0,9350.0,12572.0,13934.0,39752.0
14,1794218543216.2092,3899.0,9134.0,12417.0,13299.0,38749.0
15,1837274825355.7568,3865.0,9009.0,11716.0,12468.0,37058.0
16,1879843541033.4346,3948.0,8728.0,11372.0,12026.0,36074.0
17,1927508885636.6296,4783.0,10717.0,13455.0,13914.0,42869.0
18,1975336012526.096,3832.0,8464.0,10573.0,10432.0,33301.0
19,2023340754560.5308,4824.0,10243.0,12491.0,12461.0,40019.0
20,2071405428194.9934,3795.0,7970.0,9711.0,9334.0,30810.0
21,2119005572552.4475,4576.0,9936.0,11836.0,11055.0,37403.0
22,2172602037456.2666,4859.0,9599.0,11019.0,10353.0,35830.0
23,2225419604471.1953,4652.0,9441.0,10556.0,9813.0,34462.0
24,2284051749773.345,5515.0,10895.0,12103.0,10820.0,39333.0
25,2342650295211.021,4573.0,8801.0,9585.0,8348.0,31307.0
26,2395845958180.6426,4639.0,8602.0,9168.0,7906.0,30315.0
27,2454550747384.1553,5352.0,10107.0,10723.0,9010.0,35192.0
28,2518030076190.476,5250.0,9759.0,10016.0,8541.0,33566.0
29,2582568093236.5303,5234.0,9587.0,9860.0,7769.0,32450.0
30,2646366660402.18,5321.0,9340.0,9339.0,7280.0,31280.0
31,2710312997145.5757,5255.0,9156.0,8911.0,6723.0,30045.0
32,2774454292211.484,5277.0,8934.0,8549.0,6253.0,29013.0
33,2843444744694.9604,6032.0,10214.0,9705.0,7124.0,33075.0
34,2913195880789.6733,5268.0,8632.0,7936.0,5642.0,27478.0
35,2981294143920.5957,6045.0,9781.0,8834.0,6250.0,30910.0
36,3056424894856.0337,6182.0,9840.0,8428.0,5958.0,30408.0
37,3130831033938.437,6335.0,9574.0,8173.0,5494.0,29576.0
38,3205798192289.234,6251.0,9283.0,7958.0,5217.0,28709.0
39,3285190520393.8115,7110.0,10556.0,8679.0,5667.0,32012.0
40,3370196023138.1055,6915.0,10342.0,8305.0,5387.0,30949.0
41,3455204758397.1714,6788.0,9816.0,7918.0,5027.0,29549.0
42,3540412242268.041,6984.0,9705.0,7656.0,4747.0,29092.0
43,3625801000149.276,6699.0,9378.0,7179.0,4432.0,27688.0
44,3711321340499.526,6326.0,8921.0,6787.0,4207.0,26241.0
45,3801045228503.959,7199.0,9553.0,7310.0,4441.0,28503.0
46,3897267788797.318,7159.0,9133.0,6784.0,4152.0,27228.0
47,3993169219462.002,6803.0,8750.0,6404.0,3878.0,25835.0
48,4088952401023.634,6643.0,8420.0,6145.0,3473.0,24681.0
49,4190341920087.277,7333.0,8799.0,6273.0,3726.0,26131.0
50,4296629882648.7847,7158.0,8571.0,5762.0,3430.0,24921.0
51,4403214077326.158,7061.0,8049.0,5461.0,3105.0,23676.0
52,4510096651917.404,6780.0,7887.0,5193.0,2862.0,22722.0
53,4621506204379.5625,7398.0,8102.0,5205.0,2994.0,23699.0
54,4733349360653.212,6491.0,7020.0,4456.0,2533.0,20500.0
55,4844389301279.348,7113.0,7274.0,4674.0,2513.0,21574.0
56,4967617497306.034,7424.0,7481.0,4658.0,2431.0,21994.0
57,5090401374729.6875,6474.0,6626.0,4055.0,2063.0,19218.0
58,5212419421783.312,6987.0,6965.0,4081.0,2050.0,20083.0
59,5340558717795.087,6676.0,6442.0,3839.0,1869.0,18826.0
60,5473422791544.169,7143.0,6750.0,3852.0,1872.0,19617.0
61,5610846659904.361,6901.0,6369.0,3508.0,1705.0,18483.0
62,5750099301208.327,6869.0,6067.0,3296.0,1527.0,17759.0
63,5888588426707.598,6515.0,5812.0,3065.0,1373.0,16765.0
64,6032982140787.949,6904.0,5854.0,3111.0,1370.0,17239.0
65,6181281915374.19,6641.0,5528.0,2895.0,1254.0,16318.0
66,6336630116110.305,6890.0,5675.0,2841.0,1146.0,16552.0
67,6490015216698.534,6276.0,5067.0,2517.0,1037.0,14897.0
68,6650126031928.664,6953.0,5392.0,2568.0,1060.0,15973.0
69,6814864065676.31,6395.0,4743.0,2344.0,871.0,14353.0
70,6979579172843.166,6746.0,4789.0,2269.0,789.0,14593.0
71,7150534298475.281,6493.0,4575.0,2078.0,823.0,13969.0
72,7326280227028.686,6519.0,4462.0,2144.0,774.0,13899.0
73,7506831221577.544,6377.0,4409.0,1847.0,713.0,13346.0
74,7693557073833.61,6623.0,4281.0,1902.0,605.0,13411.0
75,7885771176285.084,6342.0,4042.0,1681.0,577.0,12642.0
76,8075066504932.881,6183.0,3789.0,1617.0,519.0,12108.0
77,8273906456743.003,6288.0,3811.0,1566.0,528.0,12193.0
78,8481059152246.389,6299.0,3788.0,1527.0,476.0,12090.0
79,8689236371181.938,6024.0,3256.0,1317.0,364.0,10961.0
80,8902118875812.945,6458.0,3433.0,1311.0,425.0,11627.0
81,9120561632032.438,5919.0,3054.0,1239.0,354.0,10566.0
82,9344484759916.492,6227.0,3214.0,1215.0,337.0,10993.0
83,9578439843367.596,6129.0,2979.0,1086.0,283.0,10477.0
84,9812131833558.863,5912.0,2845.0,1006.0,273.0,10036.0
85,10049486842986.273,5974.0,2774.0,1018.0,238.0,10004.0
86,10295257970517.654,5834.0,2646.0,897.0,221.0,9598.0
87,10551913633355.395,6044.0,2763.0,863.0,228.0,9898.0
88,10813587250712.25,5616.0,2318.0,774.0,174.0,8882.0
89,11075103288888.889,5625.0,2279.0,791.0,157.0,8852.0
90,11346628649479.256,5857.0,2253.0,770.0,129.0,9009.0
91,11627910070671.379,5660.0,2170.0,659.0,119.0,8608.0
92,11917455771305.285,5562.0,2005.0,617.0,113.0,8297.0
93,12207524439738.84,5667.0,1913.0,495.0,102.0,8177.0
94,12512174583258.648,5579.0,1864.0,564.0,89.0,8096.0
95,12822782567947.516,5335.0,1802.0,484.0,77.0,7698.0
96,13136782527534.068,5357.0,1601.0,463.0,77.0,7498.0
97,13453914240755.31,5084.0,1553.0,370.0,64.0,7071.0
98,13785184586466.166,5320.0,1541.0,394.0,83.0,7338.0
99,14125291706939.88,5173.0,1447.0,340.0,63.0,7023.0
100,14470955837173.58,5208.0,1337.0,360.0,64.0,6969.0
101,14827312087057.908,5146.0,1266.0,246.0,57.0,6715.0
102,15197814048780.488,5125.0,1164.0,285.0,41.0,6615.0
103,15565915605749.486,4870.0,1053.0,277.0,34.0,6234.0
104,15950361893349.31,5007.0,1010.0,246.0,35.0,6298.0
105,16345192427709.59,4807.0,930.0,220.0,49.0,6006.0
106,16743574360059.234,4727.0,879.0,173.0,29.0,5808.0
107,17155535026455.027,4725.0,822.0,194.0,34.0,5775.0
108,17574434285714.285,4550.0,825.0,157.0,38.0,5570.0
109,18006172195547.797,4582.0,717.0,148.0,25.0,5472.0
110,18453206845863.082,4762.0,702.0,148.0,25.0,5637.0
111,18912437385321.1,4360.0,628.0,139.0,23.0,5150.0
112,19374384033035.1,4359.0,570.0,101.0,29.0,5059.0
113,19849032969584.4,4307.0,507.0,102.0,17.0,4933.0
114,20334352408202.195,4194.0,511.0,99.0,23.0,4827.0
115,20842242687938.12,4137.0,439.0,83.0,34.0,4693.0
116,21350537999038.0,4158.0,428.0,85.0,30.0,4701.0
117,21879944733581.164,4035.0,351.0,79.0,17.0,4482.0
118,22412919442292.797,3873.0,324.0,85.0,20.0,4302.0
119,22962425781250.0,3840.0,336.0,94.0,20.0,4290.0
120,23524374905326.938,3961.0,275.0,77.0,20.0,4333.0
121,24109877680698.97,3777.0,250.0,60.0,21.0,4108.0
122,24696706358059.117,3586.0,249.0,71.0,26.0,3932.0
123,25302528890160.184,3496.0,211.0,61.0,25.0,3793.0
124,25929648923792.902,3438.0,223.0,68.0,27.0,3756.0
125,26568513505578.39,3406.0,189.0,63.0,24.0,3682.0
126,27221427915518.824,3267.0,177.0,58.0,19.0,3521.0
127,27895010309278.35,3298.0,156.0,54.0,24.0,3532.0
128,28580354960629.92,3175.0,129.0,54.0,24.0,3382.0
129,29281801514154.047,3038.0,125.0,58.0,18.0,3239.0
130,29997103318508.383,2923.0,139.0,51.0,28.0,3141.0
131,30731334483948.914,2897.0,124.0,65.0,26.0,3112.0
132,31492509817922.17,2801.0,121.0,78.0,19.0,3019.0
133,32262465124683.773,2767.0,113.0,67.0,26.0,2973.0
134,33057694412770.81,2631.0,107.0,46.0,17.0,2801.0
135,33887663763725.863,2641.0,140.0,70.0,17.0,2868.0
136,34713306903353.06,2535.0,94.0,67.0,27.0,2723.0
137,35567223273026.31,2432.0,114.0,55.0,19.0,2620.0
138,36444044788614.484,2389.0,109.0,63.0,25.0,2586.0
139,37326240984302.08,2357.0,135.0,55.0,25.0,2572.0
140,38244548211860.57,2209.0,111.0,48.0,14.0,2382.0
141,39185377938517.18,2212.0,114.0,56.0,22.0,2404.0
142,40160418659165.49,2133.0,95.0,57.0,13.0,2298.0
143,41137575255723.33,2053.0,87.0,56.0,17.0,2213.0
144,42158481518987.34,1975.0,84.0,58.0,25.0,2142.0
145,43182936830835.12,1868.0,89.0,54.0,14.0,2025.0
146,44260497881355.93,1888.0,97.0,41.0,17.0,2043.0
147,45355058958214.08,1747.0,84.0,58.0,25.0,1914.0
148,46460596375617.79,1821.0,78.0,54.0,30.0,1983.0
149,47604116844602.61,1686.0,91.0,75.0,17.0,1869.0
150,48770392024539.875,1630.0,89.0,51.0,24.0,1794.0
151,49987128662420.38,1570.0,90.0,60.0,16.0,1736.0
152,51194168961201.5,1598.0,98.0,54.0,22.0,1772.0
153,52468655562958.03,1501.0,105.0,41.0,26.0,1673.0
154,53759760660247.59,1454.0,80.0,58.0,21.0,1613.0
155,55098775761973.875,1378.0,98.0,58.0,21.0,1555.0
156,56423392746913.58,1296.0,103.0,54.0,18.0,1471.0
157,57830038341158.06,1278.0,78.0,58.0,13.0,1427.0
158,59249846905537.46,1228.0,73.0,44.0,26.0,1371.0
159,60676084853291.04,1261.0,96.0,55.0,13.0,1425.0
160,62185302222222.22,1125.0,93.0,62.0,15.0,1295.0
161,63715986348122.87,1172.0,93.0,57.0,14.0,1336.0
162,65266670009115.77,1097.0,81.0,54.0,17.0,1249.0
163,66893189719626.17,1070.0,74.0,42.0,14.0,1200.0
164,68516401151631.48,1042.0,69.0,46.0,18.0,1175.0
165,70224069458631.26,979.0,77.0,46.0,18.0,1120.0
166,71962828349944.62,903.0,83.0,38.0,14.0,1038.0
167,73704575916230.36,955.0,68.0,53.0,16.0,1092.0
168,75537289562289.56,891.0,70.0,43.0,22.0,1026.0
169,77411105080831.4,866.0,75.0,48.0,21.0,1010.0
170,79322082920792.08,808.0,70.0,43.0,12.0,933.0
171,81245898640296.66,809.0,69.0,35.0,19.0,932.0
172,83253629274965.8,731.0,58.0,46.0,18.0,853.0
173,85335196948682.39,721.0,66.0,35.0,24.0,846.0
174,87392291545189.5,686.0,53.0,43.0,10.0,792.0
175,89547579915134.38,707.0,61.0,39.0,22.0,829.0
176,91706453352769.67,686.0,66.0,46.0,11.0,809.0
177,94017875605815.83,619.0,64.0,26.0,11.0,720.0
178,96327018575851.39,646.0,66.0,40.0,20.0,772.0
179,98658608547008.55,585.0,47.0,37.0,22.0,691.0
180,101140414839797.64,593.0,54.0,50.0,12.0,709.0
181,103584713261648.75,558.0,58.0,33.0,20.0,669.0
182,106150292598967.3,581.0,45.0,32.0,17.0,675.0
183,108807819253438.11,509.0,57.0,33.0,10.0,609.0
184,111463521739130.44,460.0,75.0,30.0,14.0,579.0
185,114083449883449.89,429.0,54.0,27.0,15.0,525.0
186,116986954436450.84,417.0,59.0,32.0,12.0,520.0
187,119841314031180.4,449.0,50.0,21.0,19.0,539.0
188,122735602094240.84,382.0,42.0,18.0,11.0,453.0
189,125836675531914.89,376.0,52.0,25.0,10.0,463.0
190,128956195372750.64,389.0,44.0,21.0,11.0,465.0
191,132075091383812.02,383.0,53.0,17.0,8.0,461.0
192,135216725146198.83,342.0,52.0,19.0,10.0,423.0
193,138692456140350.88,342.0,60.0,26.0,10.0,438.0
194,141994648829431.44,299.0,49.0,26.0,9.0,383.0
195,145470222222222.22,270.0,32.0,16.0,6.0,324.0
196,149213732876712.34,292.0,56.0,15.0,14.0,377.0
197,152769699248120.3,266.0,38.0,18.0,13.0,335.0
198,156630153256704.97,261.0,45.0,21.0,8.0,335.0
