,mass bin,1st Xoff,2nd Xoff,3rd Xoff,4th Xoff,all realizations
0,1277922436026.9597,149412.0,388351.0,610285.0,761274.0,1909322.0
1,1309845255726.2205,150003.0,388445.0,602110.0,750058.0,1890616.0
2,1341761567796.451,150669.0,385766.0,593267.0,733397.0,1863099.0
3,1373693322689.8489,150252.0,382228.0,582426.0,715936.0,1830842.0
4,1405610401423.7698,150205.0,380974.0,568895.0,693392.0,1793466.0
5,1437568840290.208,150286.0,376751.0,557740.0,672797.0,1757574.0
6,1474783412456.7993,201110.0,495022.0,724255.0,861117.0,2281504.0
7,1512113058247.4392,149088.0,365132.0,527103.0,617805.0,1659128.0
8,1549336100831.4736,199180.0,478547.0,681772.0,787133.0,2146632.0
9,1586664622928.7153,148055.0,354212.0,495204.0,564634.0,1562105.0
10,1623883760254.8433,197002.0,464719.0,639065.0,717423.0,2018209.0
11,1666472815798.7256,196277.0,454808.0,615690.0,679646.0,1946421.0
12,1709089286832.6084,194487.0,445802.0,595193.0,642506.0,1877988.0
13,1751685849756.456,192998.0,438105.0,572971.0,607810.0,1811884.0
14,1794275725858.6567,192328.0,429954.0,551030.0,574997.0,1748309.0
15,1836895900129.8584,190581.0,420965.0,531213.0,542270.0,1685029.0
16,1879502128128.8213,189442.0,411872.0,512587.0,514337.0,1628238.0
17,1927340794616.8755,235171.0,502049.0,615088.0,603477.0,1955785.0
18,1975336774517.7231,186153.0,393100.0,472192.0,453502.0,1504947.0
19,2023190849353.6394,231065.0,480702.0,566178.0,534692.0,1812637.0
20,2071148486805.7603,183257.0,375170.0,434817.0,403239.0,1396483.0
21,2119009273715.9673,227111.0,458836.0,521123.0,474390.0,1681460.0
22,2172249580415.8726,225747.0,447266.0,499655.0,442700.0,1615368.0
23,2225543324547.051,223024.0,435661.0,478648.0,416232.0,1553565.0
24,2284010078899.8594,264313.0,506429.0,545458.0,467971.0,1784171.0
25,2342659333756.852,218889.0,410297.0,435192.0,362948.0,1427326.0
26,2395939990724.164,216323.0,400643.0,416159.0,342489.0,1375614.0
27,2454439324076.452,257752.0,468732.0,474997.0,383456.0,1584937.0
28,2518306770503.0103,255668.0,455371.0,454009.0,358209.0,1523257.0
29,2582275108763.817,254810.0,443300.0,432882.0,335351.0,1466343.0
30,2646189111995.392,253198.0,433880.0,412559.0,313295.0,1412932.0
31,2710024236109.6494,253990.0,426967.0,397223.0,293596.0,1371776.0
32,2773949073755.6367,254274.0,417660.0,380817.0,275678.0,1328429.0
33,2843138580848.2715,297298.0,480369.0,427023.0,301640.0,1506330.0
34,2912440403373.62,255904.0,404358.0,352516.0,243308.0,1256086.0
35,2981601214861.527,299056.0,464423.0,396549.0,267295.0,1427323.0
36,3056156404103.858,299422.0,454678.0,381464.0,252688.0,1388252.0
37,3130685269408.473,299267.0,446439.0,367679.0,239338.0,1352723.0
38,3205245895207.6846,296220.0,434965.0,354073.0,226136.0,1311394.0
39,3285061987183.6562,334331.0,483831.0,387538.0,243335.0,1449035.0
40,3370187310525.9097,329837.0,465702.0,368996.0,228793.0,1393328.0
41,3455403639143.072,324254.0,450663.0,350567.0,216178.0,1341662.0
42,3540550468333.395,317912.0,433258.0,332533.0,202133.0,1285836.0
43,3625714291654.775,311182.0,417044.0,313521.0,189538.0,1231285.0
44,3710993159807.001,306241.0,399358.0,295443.0,178106.0,1179148.0
45,3801402343437.659,336855.0,429456.0,313082.0,186823.0,1266216.0
46,3897209069002.6914,328633.0,409731.0,293545.0,172788.0,1204697.0
47,3993092901601.1304,320107.0,390715.0,275021.0,160135.0,1145978.0
48,4088852430430.35,313753.0,373565.0,256845.0,148260.0,1092423.0
49,4189973653954.273,339551.0,396083.0,267529.0,151986.0,1155149.0
50,4296515385093.1353,330927.0,376471.0,249466.0,139411.0,1096275.0
51,4403001810539.6875,322291.0,357538.0,233352.0,127838.0,1041019.0
52,4509488725835.516,314122.0,341044.0,217161.0,117218.0,989545.0
53,4621254527575.834,336214.0,356199.0,222584.0,117585.0,1032582.0
54,4733147914143.802,296822.0,307922.0,188389.0,97698.0,890831.0
55,4844907563162.364,318577.0,322060.0,193399.0,98761.0,932797.0
56,4967291701516.219,338339.0,333007.0,197018.0,98186.0,966550.0
57,5089910469670.6455,301444.0,289418.0,167414.0,81483.0,839759.0
58,5212292676237.591,319610.0,299557.0,170287.0,81246.0,870700.0
59,5340065740912.991,311402.0,284803.0,157643.0,73982.0,827830.0
60,5473040151218.488,326774.0,292536.0,159479.0,72296.0,851085.0
61,5611485111767.381,318203.0,275629.0,147859.0,66014.0,807705.0
62,5750035402929.142,308214.0,261708.0,136194.0,58798.0,764914.0
63,5888425860705.011,299268.0,248243.0,126733.0,53710.0,727954.0
64,6032154449772.299,313601.0,253474.0,126741.0,52345.0,746161.0
65,6181206401175.456,304695.0,239072.0,117914.0,47283.0,708964.0
66,6335532156405.059,316733.0,241091.0,117120.0,45833.0,720777.0
67,6490077833533.967,286335.0,213810.0,101100.0,38248.0,639493.0
68,6649626786319.339,318956.0,230869.0,107341.0,39462.0,696628.0
69,6814983804927.819,290200.0,203985.0,93024.0,33628.0,620837.0
70,6979765475375.585,298271.0,204978.0,92648.0,32385.0,628282.0
71,7150256596489.518,290217.0,193960.0,84804.0,29125.0,598106.0
72,7325962784474.94,299398.0,194005.0,83470.0,27845.0,604718.0
73,7506936768771.708,289430.0,183185.0,77253.0,25041.0,574909.0
74,7693263095519.707,299087.0,183078.0,75651.0,23612.0,581428.0
75,7885021013789.372,288674.0,172195.0,69586.0,21121.0,551576.0
76,8076700998265.104,279346.0,161486.0,64621.0,18953.0,524406.0
77,8273693067313.349,286266.0,161536.0,62490.0,17858.0,528150.0
78,8481278317373.8125,291563.0,158269.0,60375.0,16745.0,526952.0
79,8689196286952.672,269010.0,141395.0,52653.0,14447.0,477505.0
80,8902009455711.934,287770.0,147510.0,53374.0,14058.0,502712.0
81,9120258901141.795,264964.0,131113.0,47207.0,11843.0,455127.0
82,9343478815326.457,283156.0,135422.0,47371.0,11651.0,477600.0
83,9578098038971.84,272779.0,126526.0,43374.0,10195.0,452874.0
84,9812016786573.203,264132.0,118727.0,39746.0,8990.0,431595.0
85,10051923391066.482,268240.0,116639.0,37345.0,8372.0,430596.0
86,10296598917469.219,259494.0,108867.0,34407.0,7382.0,410150.0
87,10552161485580.465,272196.0,110149.0,34087.0,7160.0,423592.0
88,10813074613820.459,254282.0,98963.0,29712.0,6046.0,389003.0
89,11073957644133.74,254998.0,95450.0,28474.0,5582.0,384504.0
90,11345767680581.26,255648.0,91437.0,26728.0,4950.0,378763.0
91,11627630347289.928,257430.0,89156.0,25132.0,4711.0,376429.0
92,11915177609749.96,248825.0,82340.0,22553.0,4027.0,357745.0
93,12207963426366.064,248682.0,79626.0,21464.0,3652.0,353424.0
94,12511724304806.08,249877.0,75732.0,19563.0,3220.0,348392.0
95,12820480274878.334,239865.0,70030.0,17744.0,2980.0,330619.0
96,13134507973217.852,240217.0,66488.0,16221.0,2664.0,325590.0
97,13453964481750.326,233021.0,61593.0,14915.0,2367.0,311896.0
98,13783856919878.418,239702.0,60312.0,14285.0,2195.0,316494.0
99,14124630835786.816,229810.0,55086.0,12693.0,1985.0,299574.0
100,14470952550382.873,228354.0,51823.0,11715.0,1809.0,293701.0
101,14827529087797.541,227917.0,48972.0,10703.0,1653.0,289245.0
102,15194923886556.629,225387.0,45952.0,9797.0,1613.0,282749.0
103,15567810675223.049,217650.0,42007.0,8776.0,1463.0,269896.0
104,15950936162289.516,221654.0,39926.0,8191.0,1448.0,271219.0
105,16344920599335.63,211558.0,36037.0,7531.0,1358.0,256484.0
106,16744148322289.385,209562.0,33317.0,6869.0,1219.0,250967.0
107,17154209013859.082,208791.0,31107.0,6377.0,1144.0,247419.0
108,17573900599170.379,204982.0,28760.0,5942.0,1149.0,240833.0
109,18006022727661.027,201341.0,26363.0,5348.0,1068.0,234120.0
110,18452792870271.133,201297.0,24766.0,5163.0,1097.0,232323.0
111,18910905139789.23,193301.0,21872.0,4689.0,1042.0,220904.0
112,19374556123464.68,190591.0,20062.0,4316.0,1028.0,215997.0
113,19848103258616.004,186611.0,18296.0,3912.0,994.0,209813.0
114,20337697086626.598,187365.0,16975.0,3766.0,1033.0,209139.0
115,20837666594334.91,178242.0,15323.0,3610.0,986.0,198161.0
116,21349578906366.12,176806.0,13845.0,3499.0,961.0,195111.0
117,21877223996367.227,172663.0,12431.0,3321.0,972.0,189387.0
118,22414414303782.418,169423.0,11449.0,3185.0,957.0,185014.0
119,22962851798208.477,164916.0,10582.0,3103.0,911.0,179512.0
120,23527041058657.652,162857.0,9733.0,3019.0,992.0,176601.0
121,24106782117441.914,157268.0,8713.0,2863.0,908.0,169752.0
122,24697834682979.875,152817.0,7989.0,2882.0,923.0,164611.0
123,25305170729317.83,152080.0,7497.0,2763.0,977.0,163317.0
124,25928514780397.39,147347.0,6944.0,2865.0,925.0,158081.0
125,26565987394495.293,144014.0,6650.0,2797.0,916.0,154377.0
126,27221043589570.84,138620.0,6080.0,2808.0,922.0,148430.0
127,27893887047860.61,135575.0,5838.0,2758.0,917.0,145088.0
128,28579681894756.297,131591.0,5494.0,2704.0,894.0,140683.0
129,29282656076493.746,128553.0,5330.0,2586.0,954.0,137423.0
130,29999656704513.816,124265.0,5039.0,2621.0,978.0,132903.0
131,30735784198249.383,121456.0,4914.0,2629.0,898.0,129897.0
132,31490719877938.3,117407.0,4890.0,2623.0,918.0,125838.0
133,32268681988285.062,114546.0,4808.0,2610.0,956.0,122920.0
134,33062767391304.348,110436.0,4797.0,2563.0,884.0,118680.0
135,33877837130495.04,110164.0,4694.0,2603.0,873.0,118334.0
136,34711757959017.266,104600.0,4644.0,2618.0,966.0,112828.0
137,35565233882975.79,100795.0,4540.0,2458.0,1005.0,108798.0
138,36437702256393.75,97752.0,4369.0,2589.0,901.0,105611.0
139,37332730209263.5,95051.0,4545.0,2498.0,934.0,103028.0
140,38247812362162.484,92782.0,4443.0,2513.0,924.0,100662.0
141,39190312355259.414,90676.0,4340.0,2564.0,872.0,98452.0
142,40157473748589.625,87159.0,4232.0,2523.0,919.0,94833.0
143,41142904688156.82,82722.0,4208.0,2549.0,919.0,90398.0
144,42155837800302.41,81636.0,4213.0,2514.0,922.0,89285.0
145,43193214798658.88,78855.0,4025.0,2393.0,924.0,86197.0
146,44253869500981.016,77021.0,4209.0,2514.0,862.0,84606.0
147,45345806008134.24,74755.0,4109.0,2332.0,926.0,82122.0
148,46463410783285.14,70759.0,4080.0,2413.0,906.0,78158.0
149,47601204055866.805,68900.0,3922.0,2340.0,876.0,76038.0
150,48777059828831.24,67457.0,3998.0,2380.0,945.0,74780.0
151,49977568977161.52,65281.0,3961.0,2404.0,907.0,72553.0
152,51203252747567.26,62759.0,3827.0,2387.0,907.0,69880.0
153,52456996432642.06,60505.0,3764.0,2359.0,929.0,67557.0
154,53751718538090.29,58543.0,3738.0,2283.0,912.0,65476.0
155,55070480122859.51,55979.0,3643.0,2308.0,906.0,62836.0
156,56423821320059.48,55113.0,3617.0,2296.0,850.0,61876.0
157,57812451029984.36,53416.0,3571.0,2269.0,842.0,60098.0
158,59234875677916.336,51149.0,3577.0,2288.0,884.0,57898.0
159,60691637921322.8,48538.0,3508.0,2194.0,795.0,55035.0
160,62186854720338.04,47598.0,3427.0,2082.0,851.0,53958.0
161,63718894500452.99,45495.0,3454.0,2093.0,835.0,51877.0
162,65283436467686.234,44303.0,3331.0,2177.0,864.0,50675.0
163,66891160943377.05,42998.0,3335.0,2053.0,799.0,49185.0
164,68529910044079.26,40656.0,3227.0,2065.0,786.0,46734.0
165,70217153962844.89,39370.0,3287.0,2025.0,803.0,45485.0
166,71949706971875.86,38099.0,3080.0,1972.0,797.0,43948.0
167,73718968074150.36,36986.0,3080.0,1930.0,728.0,42724.0
168,75533373729551.83,35673.0,3026.0,1866.0,759.0,41324.0
169,77386657703670.33,34313.0,2980.0,1899.0,750.0,39942.0
170,79292347533982.61,32872.0,3018.0,1823.0,689.0,38402.0
171,81245755826767.31,31018.0,2863.0,1691.0,726.0,36298.0
172,83241587642903.75,30060.0,2799.0,1712.0,680.0,35251.0
173,85291053916786.23,29799.0,2744.0,1671.0,636.0,34850.0
174,87386925743627.14,28040.0,2687.0,1572.0,614.0,32913.0
175,89528764611613.88,26960.0,2622.0,1607.0,635.0,31824.0
176,91736868432182.72,25983.0,2612.0,1508.0,634.0,30737.0
177,93991594501718.22,25343.0,2572.0,1473.0,585.0,29973.0
178,96307667996115.7,24483.0,2422.0,1387.0,542.0,28834.0
179,98673396439083.92,23459.0,2472.0,1353.0,574.0,27858.0
180,101100500693325.34,22382.0,2397.0,1361.0,543.0,26683.0
181,103595426983125.69,21182.0,2337.0,1308.0,537.0,25364.0
182,106137075924357.89,20649.0,2357.0,1253.0,542.0,24801.0
183,108752564038796.31,20021.0,2315.0,1258.0,532.0,24126.0
184,111418428179561.98,19091.0,2233.0,1144.0,499.0,22967.0
185,114154383716717.98,18123.0,2294.0,1154.0,513.0,22084.0
186,116957319980925.12,17178.0,2244.0,1087.0,461.0,20970.0
187,119850226586850.05,16559.0,2144.0,1095.0,415.0,20213.0
188,122792751945923.8,15887.0,2171.0,1067.0,403.0,19528.0
189,125815642282487.08,15253.0,2106.0,979.0,431.0,18769.0
190,128898622180346.95,14706.0,1991.0,967.0,379.0,18043.0
191,132064933755760.38,14030.0,2058.0,913.0,359.0,17360.0
192,135315152992807.52,13151.0,1993.0,892.0,370.0,16406.0
193,138652890872262.31,12703.0,1919.0,853.0,323.0,15798.0
194,142054628413865.53,12086.0,2025.0,805.0,316.0,15232.0
195,145562116286977.22,11508.0,2009.0,867.0,321.0,14705.0
196,149133917942176.88,11003.0,2021.0,770.0,318.0,14112.0
197,152814942502475.06,10239.0,1914.0,691.0,287.0,13131.0
198,156577053049778.0,9874.0,1944.0,725.0,294.0,12837.0
