,mass bin,1st Xoff,2nd Xoff,3rd Xoff,4th Xoff,full sample
0,1277920516499.2827,4879.0,11768.0,15505.0,15639.0,47791.0
1,1309897794261.175,5123.0,11410.0,15326.0,15595.0,47454.0
2,1341716486113.8467,5077.0,11279.0,15156.0,15241.0,46753.0
3,1373559595566.7898,5143.0,11431.0,14593.0,14566.0,45733.0
4,1405735206744.2793,4982.0,10986.0,14053.0,14123.0,44144.0
5,1437634788789.602,4924.0,10988.0,13561.0,13443.0,42916.0
6,1474893120578.052,6643.0,14287.0,17473.0,16829.0,55232.0
7,1512155684406.7095,4829.0,10332.0,12590.0,12072.0,39823.0
8,1549361824014.6655,6546.0,13731.0,16119.0,15402.0,51798.0
9,1586981240736.8198,4723.0,9890.0,11580.0,10840.0,37033.0
10,1623943257196.4956,6392.0,13010.0,14875.0,13634.0,47911.0
11,1666567953480.8594,6191.0,12512.0,14251.0,12795.0,45749.0
12,1709096532728.4512,6172.0,12249.0,13481.0,12117.0,44019.0
13,1751576704545.4546,6160.0,11848.0,12956.0,11199.0,42163.0
14,1794063033410.5193,6046.0,11601.0,12411.0,10560.0,40618.0
15,1837038665781.613,6026.0,11214.0,11700.0,9871.0,38811.0
16,1879534200867.5342,5994.0,11041.0,11285.0,9220.0,37540.0
17,1927286492890.9954,7174.0,13463.0,13422.0,10694.0,44753.0
18,1975258890030.8325,5838.0,10516.0,10263.0,7965.0,34582.0
19,2023233084442.031,7366.0,12709.0,12097.0,9073.0,41245.0
20,2071065264444.0566,5729.0,9927.0,9230.0,6935.0,31821.0
21,2119146990481.523,7144.0,11919.0,11048.0,8136.0,38247.0
22,2172519594885.7922,6961.0,11696.0,10425.0,7504.0,36586.0
23,2225536854290.2617,6911.0,11291.0,10063.0,6863.0,35128.0
24,2284222766990.2915,8240.0,13382.0,11364.0,7557.0,40543.0
25,2342831744202.794,6943.0,10704.0,8965.0,5928.0,32540.0
26,2396030310994.3057,6849.0,10440.0,8585.0,5667.0,31541.0
27,2454472308996.2466,8259.0,12401.0,9874.0,6402.0,36936.0
28,2518289913167.5986,8407.0,12316.0,9525.0,5732.0,35980.0
29,2582023795513.056,8157.0,11822.0,9001.0,5372.0,34352.0
30,2646201353512.9814,8127.0,11523.0,8455.0,5084.0,33189.0
31,2710369570038.1914,8117.0,11056.0,8229.0,4740.0,32142.0
32,2774183331278.5107,8111.0,10910.0,7932.0,4465.0,31418.0
33,2843612865808.237,9397.0,12291.0,8688.0,4839.0,35215.0
34,2912676183790.6826,7835.0,10220.0,7016.0,3962.0,29033.0
35,2981701456475.1045,8857.0,11164.0,7797.0,4200.0,32018.0
36,3056157637954.2397,8916.0,10847.0,7155.0,3822.0,30740.0
37,3130589785507.2466,8625.0,10307.0,6662.0,3644.0,29238.0
38,3204994718604.373,8369.0,9962.0,6323.0,3276.0,27930.0
39,3285046324301.617,9522.0,10698.0,6747.0,3500.0,30467.0
40,3370152818161.4854,8942.0,10299.0,6252.0,3180.0,28673.0
41,3456094096560.9946,8927.0,9333.0,5819.0,2904.0,26983.0
42,3540362656903.7656,8604.0,9177.0,5305.0,2554.0,25640.0
43,3625650186634.5576,8305.0,8474.0,4858.0,2378.0,24015.0
44,3711383036482.005,8141.0,8088.0,4512.0,2126.0,22867.0
45,3801557651044.6074,8855.0,8501.0,4783.0,2215.0,24354.0
46,3897504369047.619,8400.0,7924.0,4397.0,2023.0,22744.0
47,3993161661303.778,8391.0,7449.0,3935.0,1761.0,21536.0
48,4088400263355.9067,7974.0,7085.0,3616.0,1581.0,20256.0
49,4190149709437.4707,8604.0,7338.0,3796.0,1631.0,21369.0
50,4296192014345.4873,8365.0,6860.0,3511.0,1388.0,20124.0
51,4403367793215.672,7989.0,6513.0,3191.0,1238.0,18931.0
52,4509669529085.873,7942.0,6135.0,2914.0,1153.0,18144.0
53,4621007996248.095,8529.0,6456.0,2953.0,1133.0,19071.0
54,4732723523848.129,7401.0,5458.0,2448.0,939.0,16246.0
55,4845127623888.183,7870.0,5721.0,2504.0,812.0,16907.0
56,4967439896248.04,8289.0,5803.0,2430.0,828.0,17350.0
57,5089705354480.141,7377.0,4987.0,2076.0,617.0,15057.0
58,5211953290842.872,7688.0,5023.0,2130.0,626.0,15467.0
59,5339091873075.378,7469.0,4791.0,1897.0,616.0,14773.0
60,5473506362712.726,7874.0,4727.0,1782.0,553.0,14936.0
61,5611992186245.651,7474.0,4410.0,1765.0,450.0,14099.0
62,5749977708333.333,7200.0,4311.0,1533.0,434.0,13478.0
63,5888216089670.828,7048.0,3921.0,1462.0,366.0,12797.0
64,6032623050755.205,7349.0,3953.0,1352.0,358.0,13012.0
65,6180578048086.499,7029.0,3730.0,1279.0,320.0,12358.0
66,6335389191834.452,7152.0,3618.0,1202.0,275.0,12247.0
67,6489600031274.434,6395.0,3184.0,1020.0,249.0,10848.0
68,6650072844344.905,7144.0,3232.0,1114.0,227.0,11717.0
69,6815410256410.257,6396.0,2944.0,882.0,212.0,10434.0
70,6979686174415.071,6582.0,2995.0,898.0,184.0,10659.0
71,7150357932235.592,6316.0,2642.0,786.0,170.0,9914.0
72,7326045115207.373,6510.0,2586.0,779.0,114.0,9989.0
73,7507280901901.396,5943.0,2512.0,689.0,151.0,9295.0
74,7692607977386.935,6368.0,2338.0,630.0,119.0,9455.0
75,7885076387992.253,6196.0,2198.0,566.0,126.0,9086.0
76,8076905973414.101,5943.0,2003.0,536.0,104.0,8586.0
77,8273305125693.765,6126.0,1996.0,490.0,77.0,8689.0
78,8480392879668.05,6025.0,1941.0,515.0,87.0,8568.0
79,8688058256201.407,5402.0,1735.0,395.0,78.0,7610.0
80,8902004689915.822,5821.0,1747.0,422.0,68.0,8058.0
81,9120792430886.559,5245.0,1544.0,303.0,54.0,7146.0
82,9343922228221.742,5556.0,1533.0,295.0,67.0,7451.0
83,9578749209596.43,5377.0,1381.0,281.0,48.0,7087.0
84,9813721140874.928,5189.0,1320.0,256.0,50.0,6815.0
85,10051202995301.488,5108.0,1235.0,236.0,44.0,6623.0
86,10296494789579.158,4990.0,1051.0,224.0,32.0,6297.0
87,10550151158374.479,5266.0,1099.0,192.0,25.0,6582.0
88,10813714902807.775,4630.0,959.0,170.0,19.0,5778.0
89,11074129189647.857,4714.0,843.0,146.0,31.0,5734.0
90,11346260708849.75,4599.0,801.0,148.0,21.0,5569.0
91,11627148242811.502,4695.0,716.0,137.0,24.0,5572.0
92,11915834571235.652,4443.0,703.0,113.0,12.0,5271.0
93,12209162253903.598,4419.0,617.0,99.0,19.0,5154.0
94,12512510837326.033,4383.0,578.0,89.0,11.0,5061.0
95,12820280027771.35,4321.0,523.0,89.0,13.0,4946.0
96,13138284113060.43,4104.0,498.0,82.0,18.0,4702.0
97,13454325038481.271,3898.0,436.0,79.0,9.0,4422.0
98,13782721556886.229,4008.0,383.0,69.0,14.0,4474.0
99,14126422907488.986,3859.0,330.0,78.0,18.0,4285.0
100,14469925026968.717,3708.0,319.0,59.0,17.0,4103.0
101,14828935240151.105,3706.0,288.0,45.0,17.0,4056.0
102,15194029144899.643,3637.0,245.0,59.0,12.0,3953.0
103,15568057988165.68,3380.0,213.0,51.0,13.0,3657.0
104,15947954652532.39,3396.0,211.0,42.0,12.0,3661.0
105,16343138386007.979,3259.0,151.0,38.0,12.0,3460.0
106,16743408182989.691,3104.0,145.0,51.0,11.0,3311.0
107,17154392441860.465,3096.0,155.0,43.0,17.0,3311.0
108,17576256549846.887,2939.0,151.0,43.0,9.0,3142.0
109,18011390852390.85,2886.0,117.0,37.0,10.0,3050.0
110,18449203749557.836,2827.0,103.0,33.0,9.0,2972.0
111,18908886122299.523,2731.0,93.0,47.0,8.0,2879.0
112,19374490272373.54,2570.0,83.0,35.0,9.0,2697.0
113,19850539447336.805,2497.0,86.0,36.0,19.0,2638.0
114,20338055532870.56,2449.0,86.0,36.0,10.0,2581.0
115,20836746045694.2,2276.0,66.0,52.0,11.0,2405.0
116,21349199232081.91,2344.0,65.0,36.0,12.0,2457.0
117,21879733705772.812,2148.0,62.0,29.0,16.0,2255.0
118,22409907875185.734,2019.0,71.0,34.0,11.0,2135.0
119,22961274418604.652,1935.0,51.0,38.0,8.0,2032.0
120,23519243974422.035,2033.0,65.0,41.0,9.0,2148.0
121,24106592755214.05,1822.0,59.0,30.0,9.0,1920.0
122,24687597409909.91,1776.0,78.0,34.0,11.0,1899.0
123,25303148632580.26,1682.0,84.0,42.0,15.0,1823.0
124,25931556029232.645,1642.0,57.0,41.0,13.0,1753.0
125,26578069253731.344,1675.0,51.0,30.0,6.0,1762.0
126,27220707744107.742,1485.0,69.0,37.0,12.0,1603.0
127,27891797423049.39,1397.0,51.0,20.0,12.0,1480.0
128,28581441678520.625,1406.0,44.0,23.0,9.0,1482.0
129,29287631499623.21,1327.0,54.0,28.0,7.0,1416.0
130,30003793495934.96,1230.0,50.0,43.0,6.0,1329.0
131,30743717356687.9,1256.0,42.0,43.0,9.0,1350.0
132,31482592201462.227,1231.0,59.0,18.0,9.0,1317.0
133,32268145470383.273,1148.0,48.0,37.0,15.0,1248.0
134,33060028336380.258,1094.0,54.0,32.0,5.0,1185.0
135,33882041144901.61,1118.0,50.0,32.0,11.0,1211.0
136,34724390804597.7,1044.0,40.0,32.0,7.0,1123.0
137,35552490073145.24,957.0,49.0,22.0,8.0,1036.0
138,36438102868447.086,1011.0,46.0,30.0,10.0,1097.0
139,37323438325991.19,908.0,42.0,37.0,7.0,994.0
140,38263205882352.94,850.0,58.0,31.0,6.0,945.0
141,39189087591240.875,822.0,48.0,31.0,14.0,915.0
142,40148556701030.93,776.0,46.0,23.0,4.0,849.0
143,41162761780104.71,764.0,48.0,26.0,7.0,845.0
144,42144960170697.016,703.0,42.0,25.0,7.0,777.0
145,43198662202380.95,672.0,41.0,19.0,6.0,738.0
146,44257308955223.88,670.0,42.0,19.0,9.0,740.0
147,45355445440956.65,669.0,41.0,19.0,10.0,739.0
148,46454756097560.98,615.0,36.0,21.0,0.0,672.0
149,47596973070017.95,557.0,33.0,25.0,4.0,619.0
150,48774611418047.88,543.0,38.0,23.0,6.0,610.0
151,49966062737642.586,526.0,47.0,22.0,9.0,604.0
152,51217117773019.27,467.0,27.0,22.0,7.0,523.0
153,52443992015968.06,501.0,39.0,22.0,7.0,569.0
154,53726088167053.37,431.0,27.0,21.0,4.0,483.0
155,55069851203501.09,457.0,35.0,25.0,8.0,525.0
156,56412823798627.0,437.0,32.0,13.0,9.0,491.0
157,57784133995037.22,403.0,24.0,19.0,6.0,452.0
158,59233579387186.63,359.0,29.0,13.0,7.0,408.0
159,60707732970027.25,367.0,23.0,14.0,3.0,407.0
160,62166759322033.9,295.0,18.0,12.0,5.0,330.0
161,63712464163822.52,293.0,31.0,13.0,7.0,344.0
162,65282774074074.07,270.0,28.0,21.0,5.0,324.0
163,66843514563106.8,309.0,20.0,15.0,5.0,349.0
164,68559309352517.984,278.0,26.0,12.0,6.0,322.0
165,70271568376068.375,234.0,22.0,15.0,4.0,275.0
166,71914375968992.25,258.0,26.0,9.0,5.0,298.0
167,73708104347826.1,230.0,15.0,4.0,2.0,251.0
168,75528747572815.53,206.0,20.0,7.0,4.0,237.0
169,77444636363636.36,231.0,18.0,10.0,1.0,260.0
170,79309889952153.11,209.0,19.0,5.0,2.0,235.0
171,81203974358974.36,195.0,24.0,8.0,3.0,230.0
172,83195796511627.9,172.0,19.0,7.0,5.0,203.0
173,85231643312101.9,157.0,15.0,6.0,2.0,180.0
174,87432328571428.58,140.0,14.0,7.0,1.0,162.0
175,89461358108108.11,148.0,16.0,13.0,2.0,179.0
176,91782956204379.56,137.0,17.0,12.0,1.0,167.0
177,93945203539823.02,113.0,17.0,5.0,5.0,140.0
178,96335513274336.28,113.0,23.0,6.0,4.0,146.0
179,98696584905660.38,106.0,17.0,4.0,1.0,128.0
180,101127983739837.39,123.0,10.0,8.0,1.0,142.0
181,103644880000000.0,125.0,17.0,1.0,6.0,149.0
182,106133837209302.33,86.0,13.0,7.0,0.0,106.0
183,108793750000000.0,96.0,14.0,7.0,1.0,118.0
184,111375800000000.0,100.0,12.0,3.0,1.0,116.0
185,114216024096385.55,83.0,11.0,5.0,0.0,99.0
186,116975428571428.58,70.0,10.0,3.0,0.0,83.0
187,119865070422535.22,71.0,12.0,5.0,2.0,90.0
188,122689629629629.62,54.0,11.0,5.0,3.0,73.0
189,125870819672131.14,61.0,7.0,2.0,3.0,73.0
190,129048750000000.0,56.0,11.0,5.0,1.0,73.0
191,132210238095238.1,42.0,8.0,4.0,1.0,55.0
192,135293400000000.0,50.0,10.0,3.0,2.0,65.0
193,138655384615384.61,52.0,11.0,4.0,1.0,68.0
194,141966585365853.66,41.0,15.0,4.0,1.0,61.0
195,145692121212121.22,33.0,10.0,2.0,0.0,45.0
196,149013658536585.38,41.0,8.0,1.0,1.0,51.0
197,153062424242424.25,33.0,9.0,4.0,2.0,48.0
198,156684047619047.62,42.0,6.0,2.0,0.0,50.0
