,mass bin,bias
0,1278000000000.0,0.6365123716577359
1,1310000000000.0,0.3755684734787269
2,1342000000000.0,0.44378904278858033
3,1374000000000.0,0.31645226100185225
4,1406000000000.0,0.25793880312390105
5,1438000000000.0,0.6049466205105194
6,1475000000000.0,0.25433989909716925
7,1512000000000.0,0.3849411390442338
8,1549000000000.0,0.42197975741009086
9,1587000000000.0,0.0968246124013168
10,1624000000000.0,0.5003781051407251
11,1666000000000.0,0.6677294530206844
12,1709000000000.0,0.555731651818124
13,1752000000000.0,0.12239952789912117
14,1794000000000.0,0.5549031414316922
15,1837000000000.0,0.7863816959350401
16,1879000000000.0,0.87008548655005
17,1927000000000.0,0.4261870382310488
18,1975000000000.0,0.9862452758502298
19,2023000000000.0,0.5179282653355596
20,2071000000000.0,0.31993942194914515
21,2119000000000.0,0.6337065151875245
22,2172000000000.0,0.5410342490271729
23,2226000000000.0,0.7234075204715769
24,2284000000000.0,0.44213152853253374
25,2343000000000.0,0.4316696908717596
26,2396000000000.0,0.8531253283289435
27,2454000000000.0,0.5096729619460211
28,2518000000000.0,0.6873628595494768
29,2582000000000.0,0.43408454946762304
30,2646000000000.0,0.64072612583175
31,2710000000000.0,0.8707304681636028
32,2774000000000.0,0.8774158231480155
33,2843000000000.0,0.5964166403552286
34,2912000000000.0,0.8261626750695577
35,2981000000000.0,0.32195682546779525
36,3056000000000.0,1.0568801818253366
37,3131000000000.0,0.5997542285182574
38,3205000000000.0,0.9454406484794401
39,3285000000000.0,0.7622935863422466
40,3370000000000.0,0.7669300809824309
41,3455000000000.0,0.586448877038309
42,3541000000000.0,1.1437532359254958
43,3626000000000.0,1.1736782437870086
44,3711000000000.0,0.8200431263968321
45,3802000000000.0,0.7446884587597129
46,3897000000000.0,0.7662314623880702
47,3993000000000.0,0.9022737419177042
48,4089000000000.0,0.8199015201587413
49,4190000000000.0,1.0111963077214214
50,4297000000000.0,0.851364187732264
51,4403000000000.0,0.7326217890577387
52,4510000000000.0,0.6698947105730806
53,4621000000000.0,1.1667257627337673
54,4733000000000.0,0.8341674427764714
55,4845000000000.0,1.0394700262124112
56,4967000000000.0,0.8906233583182319
57,5090000000000.0,0.72157573972821
58,5212000000000.0,1.1441249051372444
59,5340000000000.0,0.9807291171592112
60,5473000000000.0,0.9024281588205387
61,5612000000000.0,0.8908520486360555
62,5750000000000.0,0.2961376605870433
63,5889000000000.0,0.7738543510196106
64,6032000000000.0,1.0654606986712551
65,6181000000000.0,1.5394093950884062
66,6336000000000.0,1.2328036689842736
67,6490000000000.0,1.0719784962333412
68,6650000000000.0,1.2440361480112208
69,6815000000000.0,1.0345769816853152
70,6980000000000.0,0.6936115691203635
71,7150000000000.0,0.7565957304883517
72,7326000000000.0,0.9522161606531131
73,7507000000000.0,1.6456917559856725
74,7693000000000.0,0.7573652540325911
75,7885000000000.0,1.4296322863139401
76,8077000000000.0,1.406718556761919
77,8274000000000.0,1.4494567823471867
78,8481000000000.0,0.7782179013191824
79,8689000000000.0,0.8765605864970374
80,8902000000000.0,1.29256452225774
81,9120000000000.0,1.8058500028275992
82,9344000000000.0,1.7821849290164784
83,9578000000000.0,1.6342709289463941
84,9812000000000.0,1.2037527427257946
85,10050000000000.0,1.953081847403244
86,10300000000000.0,1.2221477182488885
87,10550000000000.0,1.4778231920820526
88,10810000000000.0,1.7755773151146534
89,11070000000000.0,1.8583754892410065
90,11350000000000.0,1.4867498039418696
91,11630000000000.0,1.6235399229886642
92,11920000000000.0,1.761928280960042
93,12210000000000.0,1.3373847227389217
94,12510000000000.0,1.643024932144035
95,12820000000000.0,1.4519031967990368
96,13130000000000.0,1.5010340669317197
97,13450000000000.0,1.6236695903419975
98,13780000000000.0,1.1753362921529193
99,14130000000000.0,1.6068882031092395
100,14470000000000.0,2.2778100313311396
101,14830000000000.0,1.3283871668765923
102,15200000000000.0,2.2439870253805374
103,15570000000000.0,2.316424980773893
104,15950000000000.0,2.166730221767808
105,16340000000000.0,0.981840433429472
106,16740000000000.0,1.706623565812024
107,17150000000000.0,1.0494257977494652
108,17570000000000.0,0.8813653601648052
109,18010000000000.0,1.2236963066141486
110,18450000000000.0,2.587992677179449
111,18910000000000.0,2.0916518596841565
112,19370000000000.0,1.8067382159792595
113,19850000000000.0,1.7973618670957798
114,20340000000000.0,1.5033201861328913
115,20840000000000.0,1.8215056211008789
116,21350000000000.0,1.3688204705598248
117,21880000000000.0,2.3890974596658836
118,22410000000000.0,3.1421224652412
119,22960000000000.0,1.4192442305410573
120,23530000000000.0,2.4543900783352024
121,24110000000000.0,2.5342824746163464
122,24700000000000.0,0.21222007227333664
123,25310000000000.0,2.5796842135922753
124,25930000000000.0,1.3019676190155136
125,26570000000000.0,0.9307813030113797
126,27220000000000.0,4.007996336525666
127,27890000000000.0,3.9941548009491346
128,28580000000000.0,2.110457033266246
129,29280000000000.0,4.176755108424709
130,30000000000000.0,1.7016072295978109
131,30740000000000.0,3.2203864663468726
132,31490000000000.0,1.2664993304315975
133,32270000000000.0,2.522704510553504
134,33060000000000.0,3.377054833341185
135,33880000000000.0,2.0447109543231754
136,34710000000000.0,-0.3997814557160641
137,35570000000000.0,1.9931185007745478
138,36440000000000.0,4.030341770205981
139,37330000000000.0,0.830745421845682
140,38250000000000.0,3.3802477033711
141,39190000000000.0,3.40565335750937
142,40160000000000.0,4.27673020616653
143,41140000000000.0,1.4889001468261605
144,42160000000000.0,2.7033670376566716
145,43190000000000.0,0.5457350635208923
146,44250000000000.0,5.8958679168053445
147,45340000000000.0,3.0281699228295897
148,46460000000000.0,3.1828003690889664
149,47610000000000.0,1.0233318683030894
150,48780000000000.0,3.7541365221353566
151,49980000000000.0,2.5868439013619944
152,51200000000000.0,4.934600834944792
153,52460000000000.0,2.113974522922204
154,53750000000000.0,3.965178044525369
155,55070000000000.0,2.8156452056023786
156,56430000000000.0,7.896895091765945
157,57810000000000.0,6.038385388171089
158,59240000000000.0,3.173266628313614
159,60700000000000.0,1.4132271284710782
160,62190000000000.0,7.751501432874977
161,63720000000000.0,1.0352286192149982
162,65280000000000.0,3.577592553489978
163,66890000000000.0,3.3386175999217205
164,68540000000000.0,6.991355845801334
165,70220000000000.0,4.263446716140521
166,71950000000000.0,5.667572744817118
167,73720000000000.0,3.7557082787846023
168,75530000000000.0,3.7413734326160935
169,77390000000000.0,4.0129476404496325
170,79290000000000.0,2.6690458440813223
171,81250000000000.0,3.9650910474146692
172,83240000000000.0,10.615308016061045
173,85290000000000.0,5.193393040536164
174,87380000000000.0,6.037662205667279
175,89540000000000.0,1.1806708969803217
176,91740000000000.0,7.250367757159783
177,95148000000000.0,4.776742145715986
178,99883000000000.0,5.376309018403851
179,104840000000000.0,7.281458875798301
180,110090000000000.0,0.7923572701246115
181,115590000000000.0,8.352970408709176
182,121290000000000.0,7.874786093908434
183,127340000000000.0,6.9377028044610825
184,133690000000000.0,10.48277791115653
185,140390000000000.0,4.275168654086274
186,147340000000000.0,0.8008135247417927
187,154690000000000.0,7.390043307604998
