  z   OmegaM  h
0.4967 0.3071 0.678
Mass_Bins    dn/dlnM ... 
Here follow 4 mass functions, one for each quartile of the parameter Xoff
1st quartile
bin0,bin1,bin2,bin3,bin4,bin5,bin6,bin7,bin8,bin9,bin10,bin11,bin12,bin13,bin14,bin15,bin16,bin17,bin18,bin19,bin20,bin21,bin22,bin23,bin24,bin25,bin26,bin27,bin28,bin29,bin30,bin31,bin32,bin33,bin34,bin35,bin36,bin37,bin38,bin39,bin40,bin41,bin42,bin43,bin44,bin45,bin46,bin47,bin48
1.326e+12,1.464e+12,1.613e+12,1.778e+12,1.964e+12,2.166e+12,2.39e+12,2.641e+12,2.918e+12,3.22e+12,3.554e+12,3.921e+12,4.324e+12,4.771e+12,5.267e+12,5.814e+12,6.414e+12,7.078e+12,7.817e+12,8.624e+12,9.522e+12,1.051e+13,1.159e+13,1.279e+13,1.412e+13,1.559e+13,1.721e+13,1.899e+13,2.096e+13,2.313e+13,2.552e+13,2.817e+13,3.11e+13,3.433e+13,3.787e+13,4.182e+13,4.614e+13,5.089e+13,5.623e+13,6.202e+13,6.847e+13,7.551e+13,8.347e+13,9.195e+13,1.015e+14,1.121e+14,1.238e+14,1.365e+14,1.507e+14
0.0001295,0.0001519,0.0001533,0.0001796,0.0001828,0.0001949,0.0002102,0.0002347,0.0002571,0.0002783,0.0002847,0.000284,0.000288,0.0002852,0.0002851,0.0002809,0.0002681,0.0002673,0.0002578,0.0002544,0.0002471,0.0002363,0.0002288,0.0002191,0.0002064,0.0002009,0.0001871,0.0001742,0.0001593,0.0001466,0.0001332,0.0001173,0.0001031,9.001e-05,7.924e-05,7.174e-05,6.131e-05,5.322e-05,4.666e-05,4.04e-05,3.395e-05,2.885e-05,2.462e-05,2.058e-05,1.817e-05,1.462e-05,1.21e-05,9.779e-06,8.33e-06
0.0001368,0.0001595,0.0001555,0.0001836,0.0001903,0.000201,0.0002153,0.0002402,0.0002638,0.0002827,0.0002917,0.0002881,0.0002883,0.0002847,0.0002861,0.0002796,0.0002706,0.0002683,0.0002591,0.000252,0.0002479,0.0002363,0.0002254,0.0002188,0.0002103,0.0001982,0.0001859,0.0001718,0.0001599,0.0001441,0.0001325,0.0001178,0.0001037,9.137e-05,7.973e-05,7.028e-05,6.011e-05,5.331e-05,4.59e-05,3.861e-05,3.481e-05,2.974e-05,2.495e-05,2.12e-05,1.731e-05,1.462e-05,1.232e-05,9.738e-06,8.563e-06
0.0001354,0.0001582,0.0001555,0.0001841,0.0001893,0.0002016,0.0002163,0.0002407,0.0002641,0.0002867,0.0002884,0.0002925,0.0002899,0.0002917,0.0002885,0.0002801,0.0002701,0.00027,0.0002583,0.0002525,0.0002491,0.0002353,0.0002291,0.0002223,0.0002089,0.0002018,0.0001874,0.0001761,0.0001588,0.0001457,0.0001326,0.0001174,0.000104,9.029e-05,8.156e-05,6.962e-05,6.056e-05,5.411e-05,4.613e-05,3.942e-05,3.463e-05,2.876e-05,2.353e-05,2.122e-05,1.72e-05,1.494e-05,1.188e-05,9.911e-06,7.519e-06
0.0001343,0.0001563,0.0001545,0.0001791,0.0001854,0.0001986,0.000212,0.000238,0.0002608,0.0002816,0.0002882,0.0002887,0.0002877,0.0002836,0.0002833,0.0002752,0.0002665,0.0002685,0.0002587,0.0002533,0.0002516,0.0002357,0.0002328,0.000221,0.0002123,0.000198,0.0001862,0.0001761,0.0001608,0.0001473,0.0001309,0.0001192,0.0001043,9.279e-05,8.024e-05,7.072e-05,6.114e-05,5.3e-05,4.627e-05,3.962e-05,3.38e-05,2.955e-05,2.397e-05,2.118e-05,1.741e-05,1.445e-05,1.246e-05,9.465e-06,8.066e-06
0.0001319,0.0001556,0.0001526,0.0001779,0.0001858,0.0001992,0.0002103,0.0002359,0.0002601,0.0002821,0.0002866,0.0002854,0.0002876,0.0002853,0.0002859,0.0002785,0.0002709,0.0002705,0.0002614,0.0002525,0.0002472,0.0002368,0.0002281,0.0002205,0.0002092,0.0001998,0.0001845,0.0001757,0.0001606,0.0001474,0.0001318,0.0001192,0.0001054,9.08e-05,8.197e-05,7.106e-05,6.149e-05,5.298e-05,4.508e-05,4.017e-05,3.395e-05,2.96e-05,2.389e-05,2.13e-05,1.751e-05,1.452e-05,1.159e-05,9.718e-06,8.188e-06
0.0001257,0.0001503,0.0001458,0.000173,0.0001784,0.0001925,0.000201,0.0002338,0.0002543,0.0002752,0.0002837,0.0002827,0.0002893,0.0002831,0.0002808,0.0002792,0.0002737,0.0002699,0.000258,0.0002561,0.0002468,0.0002373,0.0002294,0.00022,0.0002091,0.0001996,0.0001876,0.0001745,0.00016,0.0001486,0.0001324,0.0001201,0.000103,9.035e-05,8.102e-05,6.988e-05,6.074e-05,5.263e-05,4.525e-05,4.039e-05,3.339e-05,2.88e-05,2.516e-05,2.043e-05,1.752e-05,1.385e-05,1.189e-05,9.657e-06,7.924e-06
0.0001343,0.0001563,0.0001544,0.0001818,0.0001882,0.0002008,0.0002145,0.0002406,0.0002605,0.0002819,0.0002877,0.0002866,0.0002902,0.0002849,0.0002853,0.0002789,0.0002728,0.0002691,0.00026,0.0002546,0.0002474,0.0002371,0.0002308,0.0002177,0.0002105,0.0001974,0.0001869,0.0001729,0.0001584,0.000149,0.0001325,0.0001158,0.0001054,9.172e-05,7.961e-05,7.143e-05,6.078e-05,5.334e-05,4.568e-05,4.044e-05,3.463e-05,2.935e-05,2.485e-05,2.123e-05,1.742e-05,1.457e-05,1.256e-05,9.708e-06,8.654e-06
0.0001281,0.000153,0.0001515,0.0001759,0.0001827,0.0001952,0.000207,0.0002359,0.0002557,0.0002804,0.0002864,0.0002849,0.000288,0.000286,0.0002832,0.0002798,0.0002693,0.0002666,0.0002591,0.0002558,0.0002458,0.0002385,0.0002269,0.000221,0.0002092,0.0001989,0.000187,0.0001729,0.0001594,0.0001475,0.0001318,0.0001165,0.0001041,9.227e-05,8.079e-05,6.997e-05,6.137e-05,5.261e-05,4.614e-05,4.055e-05,3.344e-05,2.771e-05,2.494e-05,2.027e-05,1.774e-05,1.354e-05,1.198e-05,1.008e-05,7.894e-06
0.0001269,0.0001483,0.0001459,0.000173,0.0001788,0.0001921,0.0002004,0.000231,0.0002511,0.0002762,0.0002791,0.0002817,0.000288,0.0002842,0.0002833,0.0002761,0.0002688,0.0002636,0.000259,0.0002555,0.0002484,0.0002372,0.00023,0.0002196,0.0002091,0.0001984,0.0001857,0.0001748,0.0001589,0.0001462,0.0001299,0.0001188,0.0001043,9.186e-05,8.003e-05,7.066e-05,6.046e-05,5.483e-05,4.675e-05,4.01e-05,3.362e-05,2.862e-05,2.485e-05,2.134e-05,1.705e-05,1.522e-05,1.175e-05,1.026e-05,7.793e-06
0.0001326,0.0001538,0.0001547,0.0001835,0.0001851,0.000198,0.0002096,0.0002373,0.000262,0.0002815,0.000285,0.0002855,0.0002873,0.0002852,0.0002844,0.0002763,0.0002716,0.0002693,0.0002574,0.0002531,0.0002461,0.0002357,0.0002298,0.0002197,0.0002105,0.0002009,0.0001859,0.0001751,0.0001613,0.0001481,0.0001324,0.0001194,0.0001026,9.234e-05,7.866e-05,7.04e-05,5.927e-05,5.562e-05,4.608e-05,3.997e-05,3.264e-05,2.963e-05,2.458e-05,2.091e-05,1.753e-05,1.452e-05,1.221e-05,1e-05,8.198e-06
0.0001263,0.0001476,0.0001448,0.0001729,0.0001769,0.0001905,0.0002017,0.0002294,0.0002553,0.0002746,0.0002836,0.0002827,0.000284,0.0002852,0.0002798,0.0002776,0.0002673,0.0002671,0.0002563,0.0002521,0.0002458,0.0002417,0.0002293,0.0002208,0.0002103,0.0001979,0.0001866,0.0001753,0.0001593,0.0001456,0.000134,0.0001165,0.0001054,8.931e-05,8.228e-05,7.163e-05,6.012e-05,5.2e-05,4.64e-05,4.038e-05,3.484e-05,2.835e-05,2.457e-05,2.096e-05,1.756e-05,1.474e-05,1.205e-05,1.036e-05,8.117e-06
0.0001337,0.0001558,0.0001523,0.0001793,0.0001836,0.0001967,0.0002099,0.0002369,0.0002592,0.0002806,0.0002877,0.0002881,0.0002892,0.0002877,0.0002855,0.0002787,0.0002707,0.0002687,0.000261,0.0002534,0.0002473,0.0002374,0.0002296,0.0002217,0.000213,0.0002001,0.0001873,0.0001739,0.0001611,0.0001467,0.00013,0.0001166,0.000103,9.254e-05,8.093e-05,7.046e-05,6.023e-05,5.409e-05,4.571e-05,4.031e-05,3.3e-05,2.839e-05,2.518e-05,2.029e-05,1.712e-05,1.376e-05,1.149e-05,1.062e-05,7.864e-06
0.0001386,0.000158,0.0001565,0.0001828,0.0001891,0.0002008,0.0002135,0.0002432,0.0002634,0.0002814,0.0002922,0.0002887,0.000289,0.000285,0.0002845,0.0002809,0.0002738,0.0002655,0.0002606,0.0002561,0.0002494,0.0002359,0.0002289,0.0002206,0.0002088,0.0002009,0.0001881,0.0001749,0.0001618,0.000145,0.0001326,0.0001184,0.000104,9.218e-05,8.058e-05,7.201e-05,5.96e-05,5.285e-05,4.728e-05,3.993e-05,3.403e-05,2.84e-05,2.492e-05,2.113e-05,1.721e-05,1.499e-05,1.22e-05,1.012e-05,8.157e-06
0.0001227,0.0001418,0.0001425,0.0001694,0.0001728,0.0001853,0.0002021,0.000228,0.0002493,0.000273,0.0002778,0.0002794,0.0002841,0.0002794,0.0002808,0.0002772,0.0002704,0.0002683,0.0002584,0.0002515,0.0002467,0.0002379,0.0002266,0.0002208,0.0002108,0.0001997,0.0001847,0.0001728,0.00016,0.0001466,0.0001322,0.0001167,0.0001035,9.265e-05,8.058e-05,7.093e-05,6.084e-05,5.281e-05,4.604e-05,4.044e-05,3.34e-05,2.94e-05,2.402e-05,2.07e-05,1.754e-05,1.494e-05,1.232e-05,9.566e-06,8.441e-06
0.0001357,0.0001552,0.0001544,0.0001796,0.0001847,0.0001978,0.0002098,0.0002357,0.0002614,0.0002827,0.0002893,0.0002834,0.0002905,0.0002882,0.0002825,0.0002798,0.0002693,0.0002659,0.0002575,0.0002533,0.0002474,0.0002365,0.0002274,0.0002208,0.0002087,0.0002024,0.0001862,0.0001758,0.0001591,0.0001451,0.0001326,0.0001184,0.0001043,9.19e-05,8.224e-05,7.061e-05,6.182e-05,5.159e-05,4.496e-05,4.041e-05,3.422e-05,2.871e-05,2.42e-05,2.178e-05,1.698e-05,1.474e-05,1.249e-05,9.961e-06,7.894e-06
0.0001357,0.0001561,0.0001545,0.0001816,0.0001875,0.0001982,0.0002122,0.0002378,0.0002616,0.0002829,0.0002866,0.0002889,0.0002878,0.0002857,0.0002852,0.0002794,0.0002731,0.0002678,0.0002593,0.000255,0.0002462,0.000237,0.0002291,0.0002226,0.000211,0.0002018,0.0001885,0.000173,0.0001606,0.0001458,0.000132,0.0001172,0.0001035,9.121e-05,8.028e-05,7.062e-05,6.24e-05,5.328e-05,4.605e-05,3.868e-05,3.417e-05,2.906e-05,2.522e-05,2.202e-05,1.7e-05,1.51e-05,1.231e-05,9.394e-06,8.218e-06
0.0001309,0.0001531,0.0001488,0.0001791,0.0001829,0.0001948,0.0002076,0.0002338,0.0002566,0.0002761,0.0002881,0.0002847,0.0002854,0.0002862,0.0002848,0.0002786,0.0002728,0.0002667,0.000259,0.0002554,0.0002475,0.0002349,0.0002287,0.0002183,0.0002086,0.0001993,0.0001866,0.0001753,0.0001602,0.0001466,0.0001327,0.0001178,0.0001028,9.151e-05,7.985e-05,7.289e-05,6.032e-05,5.306e-05,4.651e-05,3.915e-05,3.328e-05,2.851e-05,2.457e-05,2.07e-05,1.788e-05,1.49e-05,1.175e-05,9.789e-06,7.56e-06
0.0001276,0.000149,0.0001458,0.0001762,0.0001796,0.0001925,0.000204,0.0002293,0.0002569,0.0002772,0.0002836,0.0002863,0.0002847,0.000284,0.0002825,0.0002792,0.000268,0.0002698,0.000259,0.0002522,0.0002444,0.0002397,0.0002282,0.0002207,0.0002099,0.0001984,0.0001882,0.0001733,0.0001581,0.0001469,0.0001324,0.0001178,0.0001056,9.125e-05,8.043e-05,7.142e-05,6.265e-05,5.444e-05,4.652e-05,4.044e-05,3.403e-05,2.94e-05,2.463e-05,2.135e-05,1.735e-05,1.382e-05,1.292e-05,9.384e-06,8.289e-06
0.0001301,0.0001528,0.000149,0.0001778,0.0001793,0.0001962,0.0002067,0.0002349,0.0002564,0.0002738,0.0002817,0.0002833,0.0002876,0.0002861,0.0002789,0.0002765,0.0002699,0.0002691,0.000262,0.0002545,0.0002477,0.0002379,0.0002329,0.000222,0.0002108,0.0001969,0.0001867,0.0001733,0.0001617,0.000146,0.0001299,0.0001178,0.0001037,9.195e-05,7.954e-05,7.014e-05,5.999e-05,5.26e-05,4.719e-05,3.955e-05,3.27e-05,2.92e-05,2.423e-05,2.134e-05,1.852e-05,1.501e-05,1.204e-05,9.819e-06,7.448e-06
0.0001325,0.0001521,0.0001518,0.0001781,0.0001827,0.000196,0.0002095,0.0002364,0.0002562,0.0002796,0.0002867,0.0002838,0.0002872,0.0002864,0.0002836,0.000281,0.0002735,0.0002679,0.00026,0.0002532,0.0002469,0.0002349,0.0002286,0.0002218,0.000209,0.0001984,0.000185,0.000174,0.0001592,0.0001449,0.0001316,0.0001173,0.0001052,9.046e-05,8.088e-05,7.03e-05,6.114e-05,5.312e-05,4.604e-05,3.974e-05,3.346e-05,2.947e-05,2.539e-05,2.084e-05,1.735e-05,1.454e-05,1.215e-05,1.034e-05,8.005e-06
0.0001256,0.0001494,0.0001444,0.000172,0.0001783,0.0001924,0.0002044,0.0002308,0.0002538,0.0002772,0.0002856,0.0002816,0.0002837,0.0002848,0.0002807,0.0002802,0.0002658,0.00027,0.0002601,0.0002525,0.0002499,0.0002366,0.0002308,0.0002214,0.0002098,0.000201,0.0001871,0.0001723,0.0001602,0.0001462,0.0001329,0.0001188,0.0001046,9.058e-05,7.913e-05,7.166e-05,6.156e-05,5.324e-05,4.521e-05,3.904e-05,3.407e-05,2.893e-05,2.476e-05,2.145e-05,1.767e-05,1.494e-05,1.203e-05,1.027e-05,8.36e-06
0.0001322,0.0001535,0.0001516,0.0001807,0.0001828,0.0002003,0.0002125,0.0002376,0.0002587,0.0002812,0.0002871,0.0002859,0.000287,0.0002855,0.0002875,0.0002814,0.000269,0.0002667,0.0002585,0.000252,0.0002472,0.0002363,0.0002272,0.0002211,0.0002085,0.0002003,0.0001873,0.0001757,0.0001596,0.0001449,0.0001333,0.0001176,0.0001017,9.207e-05,8.018e-05,7.016e-05,6.035e-05,5.328e-05,4.536e-05,3.932e-05,3.39e-05,2.818e-05,2.477e-05,2.126e-05,1.784e-05,1.462e-05,1.239e-05,1.014e-05,7.762e-06
0.0001339,0.0001571,0.0001543,0.0001807,0.0001868,0.0002013,0.0002145,0.0002387,0.0002642,0.0002862,0.0002888,0.000286,0.0002898,0.0002819,0.0002836,0.0002787,0.0002695,0.0002657,0.0002606,0.000253,0.0002463,0.0002355,0.0002291,0.0002193,0.0002098,0.0002019,0.0001903,0.0001766,0.0001611,0.0001475,0.0001299,0.0001165,0.0001039,9.177e-05,8.078e-05,7.031e-05,6.045e-05,5.407e-05,4.603e-05,3.86e-05,3.409e-05,2.898e-05,2.493e-05,2.14e-05,1.735e-05,1.407e-05,1.206e-05,9.799e-06,8.198e-06
0.0001317,0.0001563,0.0001531,0.0001801,0.0001835,0.0001972,0.0002081,0.000239,0.0002627,0.0002814,0.0002873,0.0002867,0.0002877,0.0002876,0.0002864,0.0002832,0.0002699,0.0002675,0.0002594,0.0002539,0.0002463,0.0002373,0.0002295,0.0002215,0.0002115,0.0002013,0.0001888,0.0001735,0.0001606,0.0001459,0.0001303,0.0001161,0.0001037,9.128e-05,8.124e-05,7.228e-05,6.139e-05,5.416e-05,4.459e-05,3.967e-05,3.428e-05,2.913e-05,2.531e-05,2.084e-05,1.697e-05,1.493e-05,1.156e-05,9.921e-06,8.127e-06
0.0001285,0.0001518,0.0001498,0.0001786,0.0001809,0.0001957,0.0002087,0.0002346,0.0002571,0.0002775,0.0002865,0.0002851,0.0002847,0.0002856,0.0002822,0.000276,0.0002716,0.0002694,0.0002593,0.0002538,0.0002476,0.0002384,0.0002285,0.0002188,0.0002112,0.0002002,0.0001854,0.0001747,0.0001591,0.0001459,0.0001332,0.0001198,0.000105,9.088e-05,7.866e-05,7.04e-05,6.271e-05,5.387e-05,4.652e-05,3.957e-05,3.393e-05,2.875e-05,2.442e-05,2.026e-05,1.664e-05,1.53e-05,1.258e-05,9.85e-06,7.924e-06
0.0001285,0.0001505,0.0001501,0.0001752,0.0001788,0.0001905,0.0002046,0.0002299,0.0002517,0.0002766,0.0002829,0.0002835,0.000286,0.0002822,0.0002843,0.0002814,0.0002721,0.0002653,0.0002588,0.0002529,0.0002446,0.0002354,0.0002259,0.0002195,0.0002093,0.0002007,0.0001852,0.0001745,0.0001598,0.000145,0.0001318,0.0001193,0.0001036,9.202e-05,7.959e-05,7.049e-05,6.073e-05,5.392e-05,4.526e-05,3.915e-05,3.394e-05,2.821e-05,2.512e-05,2.133e-05,1.724e-05,1.51e-05,1.198e-05,9.961e-06,7.975e-06
0.0001274,0.0001458,0.0001424,0.0001699,0.0001772,0.0001897,0.0002025,0.00023,0.0002522,0.0002723,0.0002806,0.000282,0.0002859,0.0002806,0.0002819,0.0002749,0.0002686,0.0002654,0.0002586,0.0002551,0.000246,0.0002357,0.0002276,0.000222,0.0002106,0.0002014,0.0001881,0.0001752,0.0001622,0.0001467,0.0001328,0.0001181,0.0001041,9.252e-05,8.143e-05,7.073e-05,6.069e-05,5.24e-05,4.59e-05,3.933e-05,3.329e-05,2.874e-05,2.357e-05,2.186e-05,1.823e-05,1.457e-05,1.23e-05,9.222e-06,7.884e-06
0.0001328,0.000155,0.0001517,0.0001802,0.0001831,0.0001994,0.0002126,0.0002386,0.0002619,0.0002824,0.0002856,0.0002848,0.0002878,0.0002825,0.0002846,0.0002807,0.0002684,0.0002671,0.0002578,0.0002582,0.0002469,0.0002351,0.0002279,0.0002196,0.0002097,0.0001981,0.0001845,0.0001748,0.00016,0.0001449,0.0001305,0.0001181,0.0001043,9.065e-05,7.979e-05,6.947e-05,6.273e-05,5.436e-05,4.565e-05,3.888e-05,3.334e-05,2.902e-05,2.468e-05,2.089e-05,1.806e-05,1.516e-05,1.257e-05,1.005e-05,7.813e-06
0.0001281,0.0001487,0.0001496,0.0001776,0.0001834,0.0001948,0.000205,0.0002355,0.0002574,0.0002787,0.0002842,0.0002846,0.0002872,0.0002819,0.0002832,0.0002784,0.000272,0.0002703,0.0002587,0.0002534,0.000247,0.0002358,0.0002292,0.0002184,0.0002104,0.000199,0.0001876,0.0001743,0.0001613,0.0001456,0.0001313,0.0001172,0.0001044,9.219e-05,8.046e-05,7.16e-05,6.126e-05,5.432e-05,4.626e-05,3.976e-05,3.427e-05,2.857e-05,2.47e-05,2.122e-05,1.755e-05,1.428e-05,1.269e-05,9.911e-06,8.522e-06
0.0001331,0.0001552,0.0001533,0.0001791,0.000184,0.0001973,0.0002107,0.0002396,0.0002621,0.000279,0.0002878,0.0002894,0.0002887,0.0002874,0.0002863,0.0002766,0.0002735,0.0002693,0.00026,0.0002539,0.0002508,0.0002392,0.0002272,0.0002166,0.0002127,0.0001996,0.0001883,0.0001739,0.0001604,0.0001478,0.0001314,0.0001179,0.0001038,9.103e-05,8.274e-05,6.96e-05,6.225e-05,5.347e-05,4.721e-05,3.928e-05,3.398e-05,2.928e-05,2.455e-05,2.132e-05,1.723e-05,1.493e-05,1.212e-05,1.016e-05,7.691e-06
0.0001303,0.0001517,0.000147,0.0001752,0.0001789,0.0001953,0.0002045,0.0002347,0.0002561,0.0002779,0.000288,0.000285,0.0002873,0.0002852,0.0002842,0.0002797,0.0002706,0.0002688,0.0002593,0.0002572,0.0002461,0.0002366,0.0002292,0.000224,0.0002093,0.0001993,0.0001866,0.0001735,0.0001583,0.0001456,0.0001326,0.0001166,0.0001038,9.199e-05,7.995e-05,7.054e-05,6.142e-05,5.39e-05,4.695e-05,3.897e-05,3.374e-05,2.856e-05,2.474e-05,2.122e-05,1.757e-05,1.411e-05,1.235e-05,1.005e-05,7.975e-06
0.0001317,0.0001516,0.0001526,0.0001796,0.0001829,0.0001968,0.000211,0.0002341,0.0002591,0.0002822,0.000288,0.0002873,0.0002869,0.0002865,0.0002852,0.0002786,0.0002745,0.000268,0.0002552,0.0002543,0.0002492,0.0002381,0.0002258,0.0002218,0.0002091,0.0001992,0.0001846,0.0001749,0.0001601,0.0001455,0.0001326,0.0001156,0.0001029,9.145e-05,7.979e-05,7.05e-05,6.001e-05,5.371e-05,4.713e-05,4.125e-05,3.376e-05,2.827e-05,2.416e-05,2.082e-05,1.779e-05,1.403e-05,1.287e-05,1.041e-05,7.6e-06
0.0001241,0.0001474,0.0001438,0.0001702,0.0001767,0.0001892,0.0002043,0.0002314,0.0002537,0.0002748,0.0002836,0.0002814,0.0002884,0.0002827,0.00028,0.0002764,0.0002694,0.0002698,0.0002605,0.0002528,0.0002486,0.0002375,0.0002275,0.0002213,0.0002115,0.0002001,0.0001874,0.0001738,0.0001597,0.0001452,0.0001315,0.0001177,0.0001023,9.204e-05,7.89e-05,7.042e-05,6.161e-05,5.36e-05,4.605e-05,3.917e-05,3.414e-05,2.957e-05,2.445e-05,2.173e-05,1.772e-05,1.493e-05,1.223e-05,9.789e-06,7.772e-06
0.0001364,0.0001611,0.0001563,0.0001844,0.0001885,0.000203,0.0002176,0.0002427,0.0002631,0.0002848,0.0002916,0.000288,0.0002874,0.000288,0.0002859,0.0002804,0.0002694,0.0002697,0.0002579,0.0002538,0.0002479,0.0002367,0.0002282,0.0002225,0.0002119,0.0001989,0.0001883,0.000175,0.000158,0.0001467,0.0001322,0.0001159,0.0001048,9.246e-05,8.203e-05,7.248e-05,6.176e-05,5.18e-05,4.673e-05,4.019e-05,3.413e-05,2.858e-05,2.401e-05,2.118e-05,1.741e-05,1.411e-05,1.211e-05,9.799e-06,8.178e-06
0.000134,0.0001558,0.0001522,0.0001797,0.0001866,0.0002006,0.0002105,0.0002403,0.0002615,0.0002793,0.0002906,0.0002882,0.000289,0.0002849,0.0002851,0.0002777,0.0002707,0.0002716,0.0002565,0.0002549,0.0002465,0.0002387,0.0002295,0.0002169,0.0002097,0.0001981,0.0001901,0.0001753,0.0001606,0.0001467,0.0001306,0.0001165,0.000103,9.085e-05,7.992e-05,7.11e-05,6.159e-05,5.301e-05,4.555e-05,3.932e-05,3.343e-05,2.898e-05,2.386e-05,2.127e-05,1.746e-05,1.472e-05,1.2e-05,1.001e-05,8.147e-06
0.0001367,0.000161,0.0001587,0.0001827,0.0001894,0.0002029,0.0002145,0.0002427,0.0002654,0.0002831,0.0002875,0.0002925,0.0002919,0.0002866,0.0002835,0.000278,0.0002702,0.0002676,0.0002583,0.000251,0.0002467,0.0002342,0.0002283,0.0002221,0.0002093,0.0001992,0.000187,0.000176,0.0001601,0.0001468,0.0001326,0.0001173,0.0001031,9.083e-05,7.962e-05,7.037e-05,6.111e-05,5.252e-05,4.529e-05,4.036e-05,3.522e-05,2.876e-05,2.401e-05,2.128e-05,1.771e-05,1.382e-05,1.263e-05,1.029e-05,8.563e-06
0.0001354,0.0001568,0.0001556,0.0001802,0.0001869,0.0002007,0.0002147,0.0002426,0.0002598,0.0002796,0.0002866,0.0002849,0.0002897,0.0002852,0.0002836,0.000278,0.0002729,0.0002687,0.0002584,0.0002511,0.0002479,0.0002366,0.0002304,0.0002232,0.0002114,0.0001993,0.0001847,0.0001736,0.0001603,0.0001466,0.0001322,0.0001172,0.0001041,9.08e-05,8.104e-05,6.959e-05,6.102e-05,5.344e-05,4.53e-05,4.004e-05,3.53e-05,2.958e-05,2.455e-05,2.116e-05,1.652e-05,1.484e-05,1.22e-05,1.004e-05,8.026e-06
0.0001311,0.0001544,0.0001512,0.0001784,0.0001826,0.0001962,0.0002101,0.0002347,0.0002617,0.0002787,0.000286,0.0002882,0.0002891,0.0002859,0.0002825,0.0002797,0.0002701,0.0002706,0.0002605,0.0002537,0.0002488,0.0002374,0.0002279,0.0002205,0.0002108,0.0001996,0.0001845,0.0001729,0.0001609,0.000147,0.0001313,0.0001175,0.0001036,9.262e-05,8.025e-05,6.947e-05,6.249e-05,5.28e-05,4.539e-05,3.958e-05,3.437e-05,2.862e-05,2.426e-05,2.068e-05,1.81e-05,1.431e-05,1.217e-05,1.017e-05,7.914e-06
0.0001347,0.0001593,0.0001563,0.000183,0.0001883,0.0002013,0.0002137,0.0002399,0.0002642,0.0002825,0.0002911,0.0002904,0.0002908,0.0002875,0.0002827,0.0002812,0.0002717,0.0002698,0.0002631,0.0002535,0.0002477,0.0002391,0.0002281,0.0002222,0.0002113,0.0002011,0.0001879,0.0001754,0.0001626,0.0001461,0.000133,0.0001163,0.0001036,9.119e-05,7.982e-05,7.015e-05,6.188e-05,5.32e-05,4.563e-05,3.936e-05,3.264e-05,2.851e-05,2.452e-05,2.108e-05,1.82e-05,1.418e-05,1.214e-05,9.515e-06,8.046e-06
0.0001348,0.0001581,0.000156,0.0001808,0.0001845,0.0002,0.0002123,0.0002388,0.0002613,0.0002787,0.000291,0.0002873,0.000292,0.0002859,0.0002858,0.0002795,0.0002718,0.0002651,0.0002622,0.0002539,0.0002474,0.000236,0.0002288,0.0002202,0.0002092,0.0002,0.0001882,0.0001749,0.0001594,0.0001459,0.0001326,0.000116,0.0001046,9.383e-05,8.127e-05,7.192e-05,6.121e-05,5.29e-05,4.58e-05,3.976e-05,3.312e-05,2.898e-05,2.489e-05,2.088e-05,1.807e-05,1.511e-05,1.2e-05,9.708e-06,8.036e-06
0.0001254,0.0001474,0.0001461,0.0001734,0.0001779,0.0001915,0.0002043,0.0002316,0.0002493,0.0002747,0.0002847,0.0002853,0.0002837,0.000282,0.0002823,0.0002799,0.0002691,0.0002653,0.0002591,0.0002559,0.0002461,0.0002366,0.0002291,0.0002203,0.0002113,0.0001995,0.0001892,0.0001711,0.0001609,0.0001455,0.0001333,0.0001162,0.0001056,9.113e-05,8.031e-05,7.025e-05,6.009e-05,5.364e-05,4.603e-05,3.951e-05,3.384e-05,3.007e-05,2.464e-05,2.029e-05,1.798e-05,1.403e-05,1.179e-05,1.017e-05,8.137e-06
0.000134,0.0001562,0.0001535,0.0001816,0.0001839,0.0002005,0.0002119,0.0002393,0.0002599,0.0002825,0.0002866,0.0002851,0.0002875,0.0002866,0.000285,0.0002782,0.0002701,0.0002662,0.0002604,0.0002514,0.0002472,0.0002376,0.0002295,0.000221,0.0002119,0.0001992,0.0001865,0.0001727,0.0001609,0.000147,0.0001317,0.000117,0.0001044,9.246e-05,8.042e-05,6.906e-05,6.117e-05,5.339e-05,4.402e-05,3.945e-05,3.359e-05,2.952e-05,2.431e-05,2.049e-05,1.717e-05,1.434e-05,1.192e-05,1.039e-05,8.046e-06
0.0001333,0.0001536,0.0001507,0.0001774,0.0001827,0.0001963,0.0002086,0.0002387,0.0002575,0.0002786,0.0002871,0.0002842,0.0002873,0.0002821,0.0002849,0.000281,0.0002687,0.0002672,0.0002575,0.0002504,0.0002471,0.0002386,0.000229,0.0002189,0.0002116,0.0001974,0.0001854,0.0001749,0.0001606,0.0001463,0.0001309,0.00012,0.0001031,9.041e-05,8.036e-05,7.056e-05,6.207e-05,5.31e-05,4.539e-05,3.924e-05,3.461e-05,2.878e-05,2.497e-05,2.181e-05,1.802e-05,1.471e-05,1.192e-05,9.87e-06,7.853e-06
0.0001354,0.0001569,0.0001525,0.0001801,0.0001863,0.0001998,0.0002105,0.0002401,0.000261,0.0002831,0.0002858,0.0002877,0.0002889,0.0002871,0.0002849,0.0002802,0.0002733,0.0002698,0.0002587,0.0002547,0.0002507,0.000237,0.0002284,0.0002233,0.0002108,0.0001997,0.0001868,0.0001729,0.000162,0.0001453,0.0001336,0.0001153,0.0001037,9.354e-05,7.967e-05,6.984e-05,6.154e-05,5.315e-05,4.619e-05,3.965e-05,3.414e-05,2.854e-05,2.492e-05,2.12e-05,1.754e-05,1.441e-05,1.265e-05,1.003e-05,7.803e-06
0,0,0,0,0,0,0,0,0,0,0,0,0,0,0,0,0,0,0,0,0,0,0,0,0,0,0,0,0,0,0,0,0,0,0,0,0,0,0,0,0,0,0,0,0,0,0,0,0
2nd quartile
1.326e+12,1.463e+12,1.613e+12,1.777e+12,1.963e+12,2.166e+12,2.389e+12,2.639e+12,2.916e+12,3.218e+12,3.551e+12,3.918e+12,4.322e+12,4.768e+12,5.262e+12,5.81e+12,6.41e+12,7.075e+12,7.807e+12,8.615e+12,9.511e+12,1.05e+13,1.158e+13,1.278e+13,1.409e+13,1.556e+13,1.717e+13,1.893e+13,2.091e+13,2.307e+13,2.547e+13,2.817e+13,3.114e+13,3.429e+13,3.793e+13,4.179e+13,4.615e+13,5.098e+13,5.633e+13,6.185e+13,6.847e+13,7.563e+13,8.363e+13,9.196e+13,1.016e+14,1.121e+14,1.237e+14,1.365e+14,1.509e+14
0.0003447,0.000383,0.0003627,0.0004063,0.0003975,0.0004001,0.0003979,0.0004114,0.0004172,0.000422,0.0003985,0.0003698,0.0003352,0.0003006,0.0002747,0.0002427,0.00021,0.000185,0.0001614,0.0001381,0.000116,9.66e-05,7.906e-05,6.555e-05,4.919e-05,3.637e-05,2.721e-05,1.775e-05,1.224e-05,7.813e-06,6.009e-06,4.753e-06,4.094e-06,4.185e-06,4.033e-06,3.385e-06,3.577e-06,3.05e-06,3.243e-06,3.081e-06,2.929e-06,2.685e-06,2.554e-06,2.209e-06,2.26e-06,2.017e-06,1.773e-06,1.895e-06,1.429e-06
0.000355,0.0003924,0.00037,0.0004126,0.0003998,0.0004065,0.0003999,0.0004178,0.0004171,0.000425,0.0004009,0.0003663,0.0003325,0.0002986,0.000272,0.0002382,0.0002111,0.0001859,0.000161,0.0001384,0.0001173,9.716e-05,7.95e-05,6.388e-05,4.924e-05,3.628e-05,2.652e-05,1.87e-05,1.189e-05,8.532e-06,6.151e-06,4.955e-06,4.378e-06,4.104e-06,3.912e-06,3.577e-06,3.76e-06,3.709e-06,3.081e-06,2.878e-06,3e-06,2.462e-06,2.584e-06,2.554e-06,2.219e-06,2.169e-06,1.915e-06,1.621e-06,1.875e-06
0.0003509,0.0003936,0.0003719,0.0004175,0.000403,0.0004048,0.0004012,0.0004184,0.0004236,0.000428,0.0004046,0.0003609,0.0003341,0.0002986,0.0002698,0.0002417,0.0002099,0.0001894,0.0001601,0.0001393,0.0001195,9.725e-05,7.976e-05,6.417e-05,4.804e-05,3.749e-05,2.709e-05,1.838e-05,1.232e-05,8.157e-06,5.847e-06,5.138e-06,4.601e-06,4.043e-06,3.709e-06,4.124e-06,3.76e-06,3.425e-06,3.577e-06,3.02e-06,2.848e-06,2.341e-06,2.554e-06,2.412e-06,2.25e-06,2.017e-06,1.956e-06,2.017e-06,1.723e-06
0.0003519,0.0003898,0.0003661,0.0004084,0.0003989,0.0004034,0.0003983,0.0004201,0.0004239,0.000423,0.0004026,0.0003635,0.0003357,0.0002986,0.0002701,0.0002387,0.0002102,0.0001874,0.0001574,0.0001378,0.0001191,9.693e-05,7.845e-05,6.468e-05,5.015e-05,3.716e-05,2.547e-05,1.736e-05,1.213e-05,8.289e-06,6.131e-06,5.036e-06,4.388e-06,4.479e-06,4.307e-06,3.932e-06,3.932e-06,3.222e-06,3.243e-06,3.06e-06,3.212e-06,2.756e-06,2.848e-06,2.381e-06,1.915e-06,2.229e-06,1.854e-06,1.692e-06,1.571e-06
0.0003478,0.0003895,0.0003625,0.0004105,0.0003997,0.0004006,0.0003994,0.0004178,0.0004178,0.0004244,0.0004,0.0003674,0.0003346,0.0002986,0.0002697,0.0002433,0.0002092,0.0001882,0.000159,0.0001393,0.0001163,9.551e-05,8.047e-05,6.492e-05,4.876e-05,3.677e-05,2.661e-05,1.817e-05,1.163e-05,7.6e-06,6.293e-06,4.793e-06,4.317e-06,3.739e-06,4.175e-06,3.456e-06,3.486e-06,3.314e-06,3.152e-06,2.979e-06,2.716e-06,2.321e-06,2.483e-06,1.885e-06,1.885e-06,1.824e-06,1.824e-06,2.017e-06,1.692e-06
0.0003359,0.000376,0.0003603,0.0004003,0.0003943,0.0003952,0.0003914,0.0004141,0.0004186,0.0004215,0.0004023,0.0003684,0.0003354,0.0003015,0.000271,0.0002446,0.0002103,0.000189,0.000159,0.0001378,0.0001168,9.803e-05,7.919e-05,6.514e-05,4.811e-05,3.579e-05,2.565e-05,1.813e-05,1.133e-05,7.965e-06,6.009e-06,4.935e-06,4.824e-06,4.368e-06,3.942e-06,4.043e-06,3.77e-06,3.82e-06,3.121e-06,2.716e-06,3.05e-06,2.645e-06,2.442e-06,2.229e-06,2.381e-06,1.986e-06,2.321e-06,1.713e-06,1.794e-06
0.0003505,0.0003949,0.0003686,0.0004124,0.0004022,0.0004029,0.0004006,0.000417,0.0004206,0.0004259,0.0004001,0.0003664,0.000334,0.0003001,0.0002704,0.0002393,0.0002097,0.0001877,0.0001598,0.0001383,0.0001171,9.681e-05,8.03e-05,6.26e-05,4.969e-05,3.635e-05,2.615e-05,1.738e-05,1.203e-05,7.691e-06,5.918e-06,4.803e-06,4.54e-06,4.317e-06,3.668e-06,3.547e-06,3.526e-06,3.496e-06,2.807e-06,2.807e-06,2.827e-06,2.645e-06,2.503e-06,2.412e-06,2.199e-06,2.209e-06,1.763e-06,2.037e-06,1.713e-06
0.0003408,0.000381,0.0003623,0.0004095,0.0003936,0.0004012,0.000392,0.000415,0.000424,0.0004295,0.0004031,0.000365,0.0003383,0.0003031,0.0002688,0.0002403,0.0002091,0.0001848,0.0001583,0.0001391,0.0001174,9.863e-05,7.684e-05,6.395e-05,4.837e-05,3.639e-05,2.687e-05,1.885e-05,1.163e-05,8.38e-06,6.313e-06,5.28e-06,4.134e-06,4.195e-06,4.084e-06,3.668e-06,3.871e-06,3.101e-06,3.364e-06,3.111e-06,2.797e-06,2.706e-06,2.473e-06,2.047e-06,2.3e-06,2.169e-06,1.662e-06,1.773e-06,1.702e-06
0.0003329,0.0003787,0.0003528,0.0004005,0.0003885,0.0003943,0.0003916,0.0004118,0.0004172,0.0004224,0.0003989,0.0003677,0.0003376,0.0003007,0.0002772,0.0002387,0.0002123,0.0001877,0.0001612,0.0001424,0.0001181,9.702e-05,7.945e-05,6.356e-05,4.969e-05,3.691e-05,2.531e-05,1.705e-05,1.189e-05,8.087e-06,6.171e-06,5.199e-06,4.459e-06,3.77e-06,3.972e-06,3.972e-06,3.8e-06,2.939e-06,3.354e-06,2.918e-06,2.837e-06,2.665e-06,2.29e-06,2.422e-06,2.006e-06,1.915e-06,1.834e-06,1.642e-06,1.723e-06
0.0003467,0.0003897,0.0003678,0.0004087,0.000398,0.0004024,0.0003985,0.0004167,0.0004197,0.0004219,0.0004039,0.0003643,0.0003368,0.0003006,0.0002717,0.0002417,0.0002096,0.000185,0.0001596,0.0001395,0.000117,9.502e-05,7.872e-05,6.479e-05,4.995e-05,3.697e-05,2.619e-05,1.817e-05,1.226e-05,8.877e-06,6.354e-06,4.803e-06,4.064e-06,4.621e-06,3.77e-06,3.77e-06,3.374e-06,3.608e-06,3.03e-06,3.121e-06,2.817e-06,2.848e-06,2.483e-06,2.655e-06,1.966e-06,2.118e-06,1.784e-06,2.017e-06,1.702e-06
0.0003332,0.0003758,0.0003527,0.0004027,0.0003915,0.0003951,0.0003911,0.0004097,0.0004175,0.0004225,0.0004026,0.0003653,0.0003355,0.0003019,0.0002763,0.0002407,0.0002102,0.0001873,0.000162,0.0001365,0.0001191,9.74e-05,7.784e-05,6.366e-05,4.894e-05,3.634e-05,2.559e-05,1.776e-05,1.214e-05,8.168e-06,5.776e-06,4.58e-06,4.479e-06,4.226e-06,3.739e-06,3.739e-06,3.678e-06,3.385e-06,3.111e-06,3.222e-06,2.918e-06,2.716e-06,2.736e-06,2.158e-06,1.794e-06,1.936e-06,1.794e-06,1.672e-06,1.753e-06
0.0003475,0.0003873,0.0003631,0.0004094,0.0003963,0.0004049,0.0004,0.000416,0.0004208,0.0004235,0.0004004,0.0003662,0.0003355,0.0003005,0.0002702,0.0002434,0.0002104,0.0001861,0.0001592,0.0001399,0.0001179,9.61e-05,8.103e-05,6.463e-05,5.043e-05,3.715e-05,2.619e-05,1.863e-05,1.206e-05,7.995e-06,6.009e-06,4.398e-06,4.094e-06,4.064e-06,4.124e-06,3.618e-06,3.374e-06,3.354e-06,3.172e-06,2.949e-06,2.878e-06,2.756e-06,2.493e-06,2.422e-06,2.209e-06,1.956e-06,1.824e-06,1.773e-06,1.702e-06
0.0003553,0.0003964,0.0003691,0.0004108,0.0004028,0.000406,0.0004023,0.0004209,0.0004204,0.0004223,0.0004015,0.0003663,0.0003377,0.0002995,0.0002731,0.0002405,0.0002081,0.0001847,0.0001592,0.0001387,0.0001183,9.79e-05,8.087e-05,6.429e-05,4.986e-05,3.727e-05,2.635e-05,1.793e-05,1.237e-05,8.208e-06,6.293e-06,4.986e-06,4.297e-06,4.165e-06,3.891e-06,3.537e-06,3.557e-06,3.121e-06,3.314e-06,3.141e-06,2.868e-06,2.462e-06,2.351e-06,2.331e-06,2.331e-06,2.067e-06,1.986e-06,1.794e-06,1.621e-06
0.0003285,0.0003685,0.0003502,0.0003955,0.0003852,0.0003943,0.0003906,0.0004088,0.0004142,0.0004178,0.0004,0.0003664,0.0003347,0.0003055,0.0002737,0.0002411,0.000212,0.0001871,0.000161,0.0001373,0.0001168,9.783e-05,7.908e-05,6.457e-05,5.003e-05,3.639e-05,2.608e-05,1.708e-05,1.149e-05,8.188e-06,6.141e-06,5.229e-06,4.378e-06,3.972e-06,3.719e-06,3.608e-06,3.557e-06,3.435e-06,3.03e-06,3.324e-06,2.746e-06,2.736e-06,2.209e-06,2.189e-06,2.098e-06,2.067e-06,2.088e-06,1.702e-06,1.743e-06
0.0003468,0.0003898,0.0003632,0.0004061,0.0003978,0.0004023,0.0003991,0.0004181,0.0004196,0.0004235,0.0004025,0.0003654,0.0003332,0.0003011,0.0002711,0.0002405,0.000209,0.0001868,0.0001583,0.0001392,0.0001184,9.623e-05,7.908e-05,6.363e-05,5.058e-05,3.578e-05,2.626e-05,1.8e-05,1.256e-05,8.411e-06,6.181e-06,4.986e-06,4.256e-06,4.155e-06,4.114e-06,3.932e-06,3.425e-06,3.243e-06,3.121e-06,3.212e-06,2.868e-06,2.604e-06,2.098e-06,1.966e-06,2.3e-06,1.925e-06,1.905e-06,1.844e-06,1.936e-06
0.0003497,0.0003905,0.0003653,0.0004155,0.0003968,0.0004035,0.0003979,0.0004166,0.0004219,0.0004277,0.000404,0.0003671,0.000335,0.0003012,0.0002696,0.0002409,0.0002083,0.0001862,0.0001601,0.0001371,0.0001186,9.753e-05,7.954e-05,6.3e-05,4.986e-05,3.684e-05,2.637e-05,1.842e-05,1.187e-05,8.36e-06,5.503e-06,4.824e-06,4.702e-06,4.033e-06,4.043e-06,3.445e-06,3.476e-06,3.608e-06,3.253e-06,3.202e-06,2.989e-06,2.321e-06,2.493e-06,2.24e-06,2.331e-06,1.834e-06,1.946e-06,1.814e-06,1.682e-06
0.0003418,0.0003823,0.0003577,0.0004036,0.0003961,0.000403,0.0003942,0.0004156,0.0004244,0.0004226,0.0003998,0.0003617,0.0003363,0.0002988,0.0002726,0.000241,0.0002074,0.0001889,0.0001596,0.0001403,0.0001174,9.866e-05,7.945e-05,6.421e-05,4.989e-05,3.676e-05,2.664e-05,1.739e-05,1.219e-05,8.147e-06,5.979e-06,5.138e-06,4.195e-06,3.851e-06,4.033e-06,3.881e-06,3.922e-06,3.435e-06,3.192e-06,2.908e-06,2.756e-06,2.807e-06,2.756e-06,2.381e-06,2.229e-06,2.047e-06,1.946e-06,1.773e-06,1.682e-06
0.0003371,0.0003798,0.0003538,0.0004036,0.0003921,0.0003968,0.0003962,0.0004139,0.0004182,0.0004235,0.0003999,0.0003681,0.0003401,0.0003001,0.0002734,0.000241,0.0002098,0.0001871,0.0001612,0.0001394,0.0001178,9.764e-05,7.899e-05,6.39e-05,4.742e-05,3.736e-05,2.577e-05,1.809e-05,1.257e-05,7.681e-06,6.161e-06,4.783e-06,3.993e-06,4.469e-06,4.043e-06,3.982e-06,3.76e-06,3.618e-06,3.111e-06,2.959e-06,3e-06,2.665e-06,2.118e-06,2.25e-06,2.209e-06,2.067e-06,2.067e-06,1.743e-06,1.591e-06
0.0003361,0.0003781,0.0003593,0.0004067,0.000394,0.0003986,0.0003962,0.000417,0.0004199,0.0004237,0.0004026,0.0003626,0.0003395,0.0003051,0.0002685,0.0002422,0.0002095,0.0001889,0.0001614,0.0001376,0.0001168,9.726e-05,7.916e-05,6.335e-05,5.061e-05,3.755e-05,2.524e-05,1.736e-05,1.152e-05,8.573e-06,5.989e-06,4.53e-06,4.651e-06,4.094e-06,4.124e-06,3.952e-06,3.851e-06,3.182e-06,3.374e-06,2.473e-06,2.635e-06,2.766e-06,2.645e-06,2.412e-06,2.331e-06,1.702e-06,1.763e-06,2.037e-06,1.824e-06
0.0003424,0.0003857,0.0003624,0.0004084,0.0003968,0.0004004,0.0003971,0.000414,0.0004199,0.0004288,0.0004009,0.0003669,0.0003306,0.000301,0.0002723,0.0002408,0.0002119,0.0001849,0.0001614,0.0001384,0.0001181,9.721e-05,7.925e-05,6.294e-05,4.862e-05,3.714e-05,2.61e-05,1.797e-05,1.202e-05,7.783e-06,6.263e-06,5.077e-06,4.449e-06,4.134e-06,3.962e-06,3.993e-06,3.577e-06,3.537e-06,3.425e-06,3.01e-06,2.908e-06,2.675e-06,2.635e-06,2.138e-06,2.057e-06,2.037e-06,1.49e-06,1.834e-06,1.814e-06
0.0003359,0.000377,0.0003553,0.0004021,0.000388,0.00039,0.000393,0.0004149,0.0004223,0.0004255,0.0003995,0.0003666,0.0003321,0.0003025,0.0002759,0.000243,0.0002089,0.0001872,0.0001625,0.0001381,0.0001177,9.7e-05,7.905e-05,6.459e-05,4.836e-05,3.583e-05,2.614e-05,1.801e-05,1.185e-05,7.965e-06,5.513e-06,5.32e-06,4.226e-06,4.064e-06,3.851e-06,3.972e-06,3.344e-06,3.334e-06,3.212e-06,3e-06,2.817e-06,2.868e-06,2.564e-06,2.432e-06,1.956e-06,2.199e-06,1.925e-06,1.976e-06,1.631e-06
0.0003473,0.0003865,0.0003653,0.000408,0.0003942,0.0004015,0.0003969,0.0004131,0.0004249,0.0004247,0.0004026,0.0003669,0.0003309,0.0003012,0.0002696,0.00024,0.0002096,0.000187,0.0001624,0.0001388,0.0001186,9.739e-05,7.787e-05,6.355e-05,4.89e-05,3.734e-05,2.704e-05,1.796e-05,1.186e-05,8.634e-06,5.979e-06,5.067e-06,4.56e-06,4.124e-06,4.003e-06,3.668e-06,3.526e-06,3.162e-06,3.283e-06,3.111e-06,2.635e-06,2.716e-06,2.28e-06,2.199e-06,2.361e-06,1.946e-06,1.946e-06,1.905e-06,1.54e-06
0.0003503,0.0003895,0.0003628,0.0004166,0.0004001,0.0004016,0.0003964,0.0004133,0.0004225,0.0004264,0.000399,0.000364,0.0003347,0.0003013,0.0002696,0.0002405,0.0002102,0.000188,0.0001588,0.0001395,0.0001193,9.802e-05,8.083e-05,6.509e-05,4.986e-05,3.678e-05,2.561e-05,1.792e-05,1.284e-05,8.36e-06,6.364e-06,4.955e-06,4.489e-06,4.064e-06,3.678e-06,3.567e-06,3.851e-06,3.324e-06,3.192e-06,3.111e-06,2.797e-06,2.513e-06,2.554e-06,2.067e-06,2.118e-06,2.047e-06,2.108e-06,1.713e-06,1.702e-06
0.0003485,0.0003925,0.0003655,0.000412,0.0003967,0.0004036,0.0004007,0.0004131,0.0004232,0.0004214,0.0004021,0.0003652,0.0003318,0.0003003,0.0002731,0.000238,0.0002088,0.0001856,0.0001631,0.0001382,0.0001196,9.969e-05,7.892e-05,6.449e-05,4.899e-05,3.738e-05,2.658e-05,1.794e-05,1.189e-05,8.005e-06,6.496e-06,4.905e-06,4.449e-06,4.286e-06,3.8e-06,3.78e-06,3.597e-06,3.304e-06,3.222e-06,2.584e-06,2.726e-06,2.645e-06,2.594e-06,2.31e-06,2.392e-06,1.763e-06,1.875e-06,1.885e-06,1.905e-06
0.0003403,0.0003832,0.0003596,0.0004072,0.0003931,0.000397,0.0003964,0.0004116,0.0004192,0.0004209,0.0004013,0.0003711,0.0003348,0.0002996,0.0002739,0.0002451,0.0002106,0.0001863,0.0001631,0.000139,0.0001176,9.798e-05,8.028e-05,6.513e-05,4.894e-05,3.632e-05,2.708e-05,1.873e-05,1.152e-05,8.005e-06,5.736e-06,5.026e-06,4.023e-06,4.438e-06,3.739e-06,3.77e-06,3.496e-06,3.486e-06,2.979e-06,2.848e-06,2.888e-06,2.736e-06,2.584e-06,1.976e-06,1.946e-06,2.047e-06,1.976e-06,1.713e-06,1.702e-06
0.0003384,0.0003779,0.0003546,0.0004027,0.0003899,0.0003962,0.0003954,0.0004126,0.0004221,0.000418,0.0003978,0.0003642,0.0003334,0.0003015,0.0002714,0.0002395,0.0002118,0.0001883,0.0001606,0.0001367,0.0001187,9.937e-05,7.973e-05,6.326e-05,4.885e-05,3.663e-05,2.568e-05,1.812e-05,1.2e-05,7.924e-06,6.222e-06,4.854e-06,4.368e-06,4.378e-06,4.195e-06,3.8e-06,3.78e-06,3.577e-06,3.324e-06,3.101e-06,2.736e-06,2.361e-06,2.574e-06,2.098e-06,2.533e-06,2.219e-06,1.733e-06,1.672e-06,1.814e-06
0.0003305,0.000374,0.0003529,0.0004009,0.00039,0.0003908,0.0003928,0.0004135,0.0004192,0.0004196,0.0004022,0.0003666,0.0003374,0.0003017,0.000272,0.000238,0.000211,0.0001867,0.0001604,0.0001384,0.0001184,9.819e-05,7.937e-05,6.344e-05,4.929e-05,3.729e-05,2.615e-05,1.787e-05,1.187e-05,8.076e-06,6.019e-06,5.3e-06,4.803e-06,4.013e-06,3.648e-06,4.013e-06,3.699e-06,3.547e-06,2.979e-06,2.979e-06,2.766e-06,2.473e-06,2.28e-06,2.219e-06,2.199e-06,1.925e-06,2.108e-06,2.158e-06,1.611e-06
0.0003454,0.0003862,0.0003642,0.0004082,0.0003963,0.0004006,0.0003987,0.0004166,0.0004193,0.0004219,0.000402,0.0003627,0.0003318,0.0002997,0.000271,0.0002394,0.0002096,0.0001872,0.0001584,0.0001397,0.0001169,9.799e-05,8.061e-05,6.445e-05,4.944e-05,3.777e-05,2.641e-05,1.832e-05,1.283e-05,8.441e-06,6.273e-06,5.138e-06,4.509e-06,4.216e-06,3.871e-06,3.841e-06,3.415e-06,3.141e-06,3.081e-06,3.314e-06,2.726e-06,2.959e-06,2.209e-06,2.199e-06,2.361e-06,1.865e-06,2.006e-06,1.946e-06,1.865e-06
0.0003456,0.0003826,0.0003616,0.0004109,0.0003915,0.0003975,0.000395,0.0004156,0.0004177,0.0004227,0.0004019,0.0003658,0.0003347,0.0003013,0.0002729,0.0002389,0.0002096,0.0001862,0.0001622,0.0001387,0.0001176,9.597e-05,8.017e-05,6.463e-05,4.904e-05,3.638e-05,2.631e-05,1.798e-05,1.179e-05,8.36e-06,6.181e-06,4.499e-06,4.307e-06,3.952e-06,4.236e-06,3.841e-06,3.699e-06,3.03e-06,3.162e-06,2.756e-06,2.827e-06,2.503e-06,2.27e-06,2.25e-06,1.956e-06,2.138e-06,2.341e-06,1.702e-06,1.682e-06
0.0003476,0.0003899,0.0003657,0.0004101,0.0003984,0.0004013,0.0004016,0.0004187,0.0004235,0.0004256,0.0004,0.0003621,0.0003367,0.0003012,0.0002716,0.0002413,0.0002109,0.0001881,0.0001619,0.0001388,0.0001172,9.639e-05,8.107e-05,6.345e-05,4.914e-05,3.618e-05,2.672e-05,1.808e-05,1.286e-05,8.299e-06,6.09e-06,4.408e-06,4.479e-06,4.216e-06,4.023e-06,3.628e-06,3.78e-06,3.506e-06,3.07e-06,2.807e-06,3.162e-06,2.817e-06,2.371e-06,2.27e-06,2.148e-06,2.088e-06,2.027e-06,1.895e-06,1.713e-06
0.0003378,0.0003802,0.0003575,0.0004023,0.0003931,0.0004016,0.0003956,0.0004129,0.0004239,0.0004234,0.0004018,0.0003686,0.0003356,0.0003002,0.0002752,0.0002394,0.0002135,0.0001885,0.0001604,0.00014,0.0001164,9.769e-05,8.022e-05,6.332e-05,5.063e-05,3.701e-05,2.54e-05,1.814e-05,1.226e-05,7.904e-06,6.161e-06,5.249e-06,4.145e-06,4.053e-06,4.023e-06,3.658e-06,3.719e-06,3.425e-06,3.374e-06,2.777e-06,2.939e-06,2.706e-06,2.371e-06,2.503e-06,1.956e-06,2.169e-06,1.804e-06,1.713e-06,1.581e-06
0.0003448,0.0003847,0.0003653,0.0004035,0.0003951,0.0004012,0.0003982,0.000415,0.0004194,0.0004248,0.0004,0.0003661,0.0003345,0.0003018,0.0002719,0.0002415,0.0002143,0.0001843,0.0001601,0.0001379,0.0001203,9.652e-05,7.923e-05,6.37e-05,4.992e-05,3.659e-05,2.636e-05,1.801e-05,1.15e-05,8.482e-06,5.999e-06,4.753e-06,4.195e-06,4.226e-06,3.982e-06,3.79e-06,3.678e-06,3.749e-06,3.283e-06,2.898e-06,2.462e-06,2.523e-06,2.483e-06,2.28e-06,2.006e-06,2.088e-06,1.936e-06,1.713e-06,1.611e-06
0.0003347,0.0003731,0.0003511,0.0003983,0.0003887,0.0003967,0.0003925,0.0004137,0.0004169,0.0004247,0.0004008,0.0003681,0.0003346,0.0003013,0.0002718,0.000243,0.0002112,0.0001869,0.0001612,0.0001374,0.0001196,9.721e-05,8.028e-05,6.273e-05,4.975e-05,3.751e-05,2.541e-05,1.794e-05,1.225e-05,7.955e-06,5.776e-06,4.965e-06,4.053e-06,4.52e-06,4.388e-06,3.739e-06,3.547e-06,3.222e-06,3.202e-06,3.152e-06,2.827e-06,2.766e-06,2.675e-06,2.544e-06,2.24e-06,1.865e-06,1.966e-06,1.702e-06,1.905e-06
0.0003561,0.0003961,0.0003721,0.0004139,0.0004029,0.0004039,0.0004015,0.0004209,0.0004204,0.0004265,0.000397,0.0003636,0.0003355,0.0003008,0.0002677,0.0002396,0.0002114,0.0001838,0.0001607,0.0001384,0.0001189,9.731e-05,8.076e-05,6.368e-05,4.909e-05,3.649e-05,2.674e-05,1.766e-05,1.222e-05,7.975e-06,5.796e-06,4.905e-06,4.084e-06,4.256e-06,4.307e-06,3.8e-06,3.547e-06,3.364e-06,2.848e-06,2.888e-06,2.827e-06,2.635e-06,2.594e-06,2.442e-06,2.148e-06,2.351e-06,1.936e-06,1.591e-06,1.561e-06
0.0003486,0.0003891,0.0003639,0.0004112,0.0003955,0.0004033,0.0003979,0.000416,0.000423,0.0004232,0.0004031,0.0003662,0.0003331,0.000301,0.0002738,0.0002423,0.0002087,0.000187,0.0001606,0.0001396,0.0001202,9.617e-05,8.045e-05,6.499e-05,4.971e-05,3.667e-05,2.561e-05,1.803e-05,1.224e-05,8.857e-06,6.556e-06,4.935e-06,4.266e-06,4.742e-06,3.922e-06,3.749e-06,3.273e-06,3.618e-06,3.243e-06,2.635e-06,2.848e-06,2.655e-06,2.189e-06,2.229e-06,1.996e-06,1.946e-06,2.027e-06,1.601e-06,1.854e-06
0.0003525,0.0003971,0.0003718,0.0004134,0.0004023,0.0004058,0.0004048,0.0004197,0.0004221,0.0004267,0.0004003,0.0003632,0.0003342,0.0002974,0.0002716,0.0002383,0.0002089,0.000187,0.0001592,0.0001387,0.0001178,9.838e-05,7.886e-05,6.358e-05,4.872e-05,3.715e-05,2.682e-05,1.902e-05,1.253e-05,8.188e-06,6.273e-06,4.59e-06,4.651e-06,4.307e-06,4.074e-06,3.587e-06,3.567e-06,3.182e-06,3e-06,3.263e-06,2.645e-06,2.726e-06,2.067e-06,2.108e-06,2.017e-06,1.946e-06,1.753e-06,1.54e-06,1.844e-06
0.0003497,0.0003884,0.0003672,0.0004099,0.0003982,0.000403,0.0004005,0.0004147,0.0004234,0.0004236,0.0003991,0.000371,0.0003343,0.0003023,0.0002728,0.0002434,0.0002076,0.0001872,0.000159,0.0001387,0.0001173,9.747e-05,7.976e-05,6.35e-05,5.011e-05,3.604e-05,2.521e-05,1.846e-05,1.22e-05,8.522e-06,6.252e-06,5.351e-06,4.428e-06,4.195e-06,3.912e-06,3.597e-06,3.466e-06,3.354e-06,3.04e-06,3e-06,2.645e-06,2.402e-06,2.483e-06,2.513e-06,2.027e-06,1.966e-06,1.865e-06,1.743e-06,1.814e-06
0.0003443,0.0003888,0.0003633,0.000407,0.0003999,0.0003996,0.0003997,0.0004136,0.0004246,0.0004222,0.0003995,0.000363,0.0003357,0.0002988,0.0002714,0.0002413,0.00021,0.0001865,0.0001589,0.000139,0.0001188,9.705e-05,7.894e-05,6.433e-05,4.886e-05,3.601e-05,2.679e-05,1.778e-05,1.246e-05,8.188e-06,6.019e-06,4.611e-06,4.925e-06,4.459e-06,3.81e-06,3.719e-06,3.415e-06,3.456e-06,3.354e-06,2.766e-06,2.949e-06,2.371e-06,2.473e-06,2.351e-06,1.784e-06,2.118e-06,1.784e-06,1.784e-06,1.986e-06
0.0003533,0.0003925,0.0003666,0.0004127,0.0004025,0.0004031,0.0004014,0.0004203,0.0004261,0.0004265,0.0003999,0.0003713,0.0003345,0.0002984,0.0002742,0.0002374,0.0002109,0.000187,0.0001589,0.0001395,0.000118,9.85e-05,8.035e-05,6.373e-05,5.077e-05,3.71e-05,2.616e-05,1.832e-05,1.214e-05,8.178e-06,6.283e-06,4.986e-06,4.54e-06,4.023e-06,4.043e-06,3.689e-06,3.79e-06,3.608e-06,3.091e-06,3.01e-06,3.162e-06,2.493e-06,2.381e-06,2.361e-06,2.331e-06,2.047e-06,1.743e-06,1.946e-06,1.702e-06
0.0003491,0.0003914,0.000366,0.0004154,0.0003996,0.000401,0.0003988,0.0004191,0.0004246,0.000422,0.0004004,0.0003645,0.0003333,0.0003003,0.0002734,0.0002406,0.0002093,0.0001872,0.00016,0.0001367,0.0001179,9.696e-05,7.956e-05,6.502e-05,4.933e-05,3.702e-05,2.641e-05,1.871e-05,1.157e-05,8.36e-06,5.908e-06,5.3e-06,4.692e-06,4.013e-06,3.851e-06,3.972e-06,3.658e-06,3.02e-06,3.05e-06,3.253e-06,3.04e-06,2.412e-06,2.625e-06,2.138e-06,2.503e-06,1.895e-06,1.976e-06,1.814e-06,1.763e-06
0.0003323,0.0003788,0.0003533,0.0004035,0.000392,0.0003957,0.0003936,0.0004141,0.000419,0.0004219,0.0004013,0.0003678,0.0003345,0.0002995,0.0002712,0.0002406,0.0002123,0.000189,0.0001615,0.0001372,0.000118,9.726e-05,7.828e-05,6.445e-05,4.869e-05,3.591e-05,2.552e-05,1.792e-05,1.239e-05,8.208e-06,6.283e-06,4.783e-06,4.56e-06,4.064e-06,3.901e-06,3.739e-06,3.283e-06,3.526e-06,3.344e-06,2.726e-06,3.06e-06,2.351e-06,2.503e-06,2.219e-06,2.28e-06,1.713e-06,1.915e-06,1.905e-06,1.804e-06
0.0003467,0.000388,0.0003606,0.0004121,0.0003987,0.0004036,0.0003997,0.0004168,0.0004201,0.0004225,0.0004004,0.0003657,0.0003351,0.0003008,0.0002725,0.0002389,0.0002102,0.0001872,0.00016,0.0001388,0.0001191,9.716e-05,8.058e-05,6.469e-05,4.956e-05,3.712e-05,2.532e-05,1.82e-05,1.203e-05,8.472e-06,5.959e-06,4.59e-06,3.982e-06,4.449e-06,4.094e-06,3.699e-06,3.577e-06,3.405e-06,3.253e-06,2.848e-06,2.868e-06,2.908e-06,2.422e-06,2.25e-06,2.26e-06,2.037e-06,2.088e-06,1.631e-06,1.723e-06
0.0003432,0.000383,0.0003609,0.0004095,0.0003987,0.0003998,0.0003965,0.0004167,0.0004199,0.000421,0.0004004,0.0003672,0.0003312,0.0002995,0.0002738,0.0002415,0.0002084,0.0001835,0.000161,0.0001391,0.0001198,9.512e-05,7.962e-05,6.348e-05,4.935e-05,3.749e-05,2.544e-05,1.754e-05,1.231e-05,8.705e-06,6.09e-06,5.057e-06,4.773e-06,4.57e-06,4.114e-06,3.547e-06,3.638e-06,3.557e-06,3.456e-06,3.263e-06,2.655e-06,2.665e-06,2.412e-06,2.381e-06,2.108e-06,1.905e-06,1.854e-06,1.844e-06,1.631e-06
0.0003514,0.0003935,0.0003646,0.0004135,0.0004019,0.0004044,0.0004017,0.0004177,0.0004199,0.0004217,0.0004008,0.0003652,0.0003344,0.0002992,0.0002736,0.00024,0.0002069,0.0001879,0.0001605,0.0001393,0.0001187,9.935e-05,7.831e-05,6.279e-05,4.885e-05,3.694e-05,2.573e-05,1.756e-05,1.271e-05,8.239e-06,6.06e-06,5.148e-06,4.337e-06,4.236e-06,4.013e-06,4.043e-06,3.79e-06,3.374e-06,3.719e-06,2.523e-06,2.908e-06,2.432e-06,2.189e-06,2.26e-06,2.27e-06,2.088e-06,1.996e-06,1.854e-06,1.55e-06
0,0,0,0,0,0,0,0,0,0,0,0,0,0,0,0,0,0,0,0,0,0,0,0,0,0,0,0,0,0,0,0,0,0,0,0,0,0,0,0,0,0,0,0,0,0,0,0,0
3rd quartile
1.325e+12,1.463e+12,1.611e+12,1.776e+12,1.962e+12,2.164e+12,2.387e+12,2.638e+12,2.915e+12,3.216e+12,3.55e+12,3.916e+12,4.32e+12,4.764e+12,5.258e+12,5.807e+12,6.406e+12,7.07e+12,7.799e+12,8.607e+12,9.511e+12,1.049e+13,1.156e+13,1.276e+13,1.408e+13,1.551e+13,1.716e+13,1.892e+13,2.097e+13,2.318e+13,2.553e+13,2.819e+13,3.115e+13,3.438e+13,3.796e+13,4.174e+13,4.613e+13,5.093e+13,5.608e+13,6.203e+13,6.849e+13,7.579e+13,8.345e+13,9.192e+13,1.017e+14,1.12e+14,1.242e+14,1.371e+14,1.51e+14
0.0005444,0.0005819,0.0005184,0.000545,0.0004945,0.0004682,0.0004304,0.0004124,0.0003841,0.0003616,0.0003194,0.0002712,0.0002275,0.000187,0.0001557,0.0001277,0.0001026,8.395e-05,6.745e-05,5.226e-05,4.086e-05,3.032e-05,2.221e-05,1.612e-05,1.073e-05,7.955e-06,5.34e-06,4.205e-06,3.162e-06,3.131e-06,2.533e-06,2.898e-06,2.219e-06,2.584e-06,2.24e-06,2.229e-06,2.148e-06,2.442e-06,1.996e-06,1.946e-06,1.844e-06,1.865e-06,1.53e-06,1.257e-06,1.034e-06,1.013e-06,8.614e-07,6.181e-07,5.979e-07
0.0005573,0.0005909,0.0005215,0.0005514,0.0005,0.0004729,0.0004302,0.0004106,0.0003835,0.0003591,0.0003203,0.0002691,0.0002293,0.0001875,0.0001585,0.0001269,0.0001042,8.528e-05,6.689e-05,5.367e-05,4.173e-05,3.006e-05,2.247e-05,1.61e-05,1.168e-05,7.995e-06,5.31e-06,3.395e-06,3.304e-06,3.131e-06,2.807e-06,2.827e-06,2.462e-06,2.27e-06,2.128e-06,2.402e-06,2.189e-06,2.128e-06,2.331e-06,1.946e-06,1.702e-06,1.672e-06,1.348e-06,1.034e-06,1.338e-06,9.627e-07,9.526e-07,8.816e-07,7.093e-07
0.0005567,0.0005973,0.0005294,0.0005556,0.0004994,0.0004712,0.0004297,0.0004115,0.0003838,0.0003573,0.0003203,0.0002686,0.0002316,0.0001901,0.0001587,0.0001291,0.0001046,8.407e-05,6.616e-05,5.337e-05,4.17e-05,3.155e-05,2.3e-05,1.586e-05,1.164e-05,7.691e-06,5.249e-06,3.962e-06,3.334e-06,2.898e-06,2.544e-06,2.807e-06,2.28e-06,2.574e-06,2.381e-06,2.645e-06,2.442e-06,2.321e-06,1.915e-06,1.824e-06,1.865e-06,1.479e-06,1.5e-06,1.51e-06,1.216e-06,1.013e-06,7.195e-07,8.614e-07,5.877e-07
0.0005535,0.0005858,0.0005215,0.0005514,0.0004997,0.0004684,0.0004341,0.0004095,0.0003846,0.0003627,0.0003221,0.0002728,0.0002265,0.0001877,0.0001573,0.0001291,0.0001031,8.326e-05,6.478e-05,5.164e-05,4.062e-05,3.004e-05,2.223e-05,1.582e-05,1.14e-05,8.127e-06,5.665e-06,4.084e-06,3.374e-06,3.152e-06,2.655e-06,2.868e-06,2.412e-06,2.351e-06,2.564e-06,2.189e-06,2.381e-06,2.229e-06,2.108e-06,2.118e-06,1.875e-06,1.753e-06,1.479e-06,1.165e-06,8.715e-07,1.003e-06,9.019e-07,7.499e-07,8.107e-07
0.0005466,0.0005873,0.0005206,0.0005494,0.0004977,0.0004675,0.0004325,0.0004091,0.0003829,0.0003624,0.00032,0.0002679,0.0002318,0.0001889,0.0001577,0.000127,0.000103,8.416e-05,6.59e-05,5.157e-05,4.116e-05,3.013e-05,2.316e-05,1.587e-05,1.121e-05,7.995e-06,5.452e-06,4.226e-06,3.233e-06,3.253e-06,2.756e-06,2.827e-06,2.696e-06,2.24e-06,2.554e-06,2.422e-06,2.219e-06,2.27e-06,2.169e-06,1.824e-06,1.733e-06,1.611e-06,1.409e-06,1.388e-06,9.931e-07,1.165e-06,9.12e-07,7.397e-07,7.499e-07
0.0005438,0.0005826,0.0005132,0.0005442,0.0004947,0.0004659,0.0004307,0.00041,0.0003858,0.0003626,0.0003171,0.0002695,0.0002271,0.0001883,0.0001544,0.0001265,0.0001012,8.418e-05,6.676e-05,5.195e-05,4.008e-05,3.048e-05,2.189e-05,1.605e-05,1.049e-05,7.549e-06,5.573e-06,3.82e-06,3.091e-06,2.807e-06,2.888e-06,2.604e-06,2.219e-06,2.371e-06,2.3e-06,2.24e-06,2.483e-06,2.118e-06,2.229e-06,1.895e-06,1.743e-06,1.571e-06,1.327e-06,1.49e-06,1.105e-06,7.195e-07,8.816e-07,6.08e-07,5.371e-07
0.000556,0.0005867,0.000521,0.0005534,0.0004998,0.0004668,0.0004318,0.0004142,0.0003803,0.0003597,0.0003219,0.0002702,0.0002252,0.0001878,0.0001584,0.0001285,0.0001053,8.388e-05,6.692e-05,5.299e-05,4.069e-05,3.098e-05,2.316e-05,1.608e-05,1.169e-05,7.803e-06,5.675e-06,4.064e-06,3.364e-06,2.949e-06,2.939e-06,2.331e-06,2.675e-06,2.462e-06,2.412e-06,2.635e-06,2.321e-06,2.331e-06,2.108e-06,2.088e-06,1.996e-06,1.54e-06,1.338e-06,1.54e-06,1.125e-06,9.019e-07,7.296e-07,7.397e-07,7.397e-07
0.0005455,0.0005832,0.0005121,0.0005453,0.0004953,0.0004681,0.0004304,0.0004093,0.0003825,0.0003608,0.0003222,0.0002709,0.0002286,0.0001871,0.0001563,0.0001279,0.0001009,8.593e-05,6.585e-05,5.251e-05,4.082e-05,2.983e-05,2.268e-05,1.611e-05,1.094e-05,7.793e-06,5.573e-06,3.871e-06,3.273e-06,2.777e-06,2.483e-06,2.564e-06,2.533e-06,2.473e-06,2.371e-06,2.3e-06,2.341e-06,1.956e-06,1.895e-06,1.814e-06,1.824e-06,1.52e-06,1.702e-06,1.358e-06,1.094e-06,1.206e-06,1.023e-06,6.181e-07,6.485e-07
0.0005353,0.0005806,0.0005164,0.0005428,0.0004936,0.0004671,0.0004266,0.0004142,0.0003837,0.0003609,0.0003161,0.0002676,0.0002244,0.0001891,0.0001572,0.0001273,0.0001021,8.375e-05,6.556e-05,5.152e-05,3.987e-05,3.003e-05,2.171e-05,1.537e-05,1.085e-05,8.056e-06,5.563e-06,4.175e-06,3e-06,3e-06,2.837e-06,2.473e-06,2.25e-06,2.452e-06,2.554e-06,2.209e-06,2.371e-06,2.28e-06,2.199e-06,2.138e-06,1.925e-06,1.571e-06,1.277e-06,1.388e-06,1.216e-06,1.044e-06,8.411e-07,7.701e-07,7.093e-07
0.0005507,0.0005861,0.0005249,0.0005526,0.0004972,0.0004661,0.0004313,0.0004095,0.0003843,0.0003591,0.0003199,0.0002695,0.0002279,0.0001879,0.000156,0.0001268,0.0001018,8.426e-05,6.492e-05,5.229e-05,3.989e-05,2.866e-05,2.278e-05,1.565e-05,1.19e-05,7.631e-06,5.746e-06,3.912e-06,3.222e-06,3.253e-06,2.949e-06,2.604e-06,2.594e-06,2.523e-06,2.513e-06,2.28e-06,2.381e-06,2.088e-06,2.199e-06,2.138e-06,1.834e-06,1.662e-06,1.561e-06,1.186e-06,1.105e-06,1.023e-06,9.323e-07,7.904e-07,6.688e-07
0.0005322,0.0005777,0.0005163,0.0005428,0.0004933,0.0004656,0.000428,0.0004129,0.000384,0.0003616,0.0003181,0.0002701,0.0002294,0.0001883,0.0001559,0.0001268,0.0001017,8.311e-05,6.537e-05,5.186e-05,4.012e-05,2.893e-05,2.196e-05,1.633e-05,1.095e-05,7.732e-06,5.33e-06,3.699e-06,3.182e-06,2.858e-06,2.706e-06,2.604e-06,2.229e-06,2.351e-06,2.3e-06,2.361e-06,2.138e-06,2.098e-06,1.804e-06,1.915e-06,1.621e-06,1.429e-06,1.419e-06,1.327e-06,1.084e-06,8.816e-07,8.107e-07,7.701e-07,6.485e-07
0.0005496,0.0005896,0.0005227,0.0005526,0.0005011,0.0004689,0.0004307,0.0004113,0.0003843,0.0003585,0.0003206,0.0002726,0.0002282,0.0001879,0.0001549,0.0001277,0.0001049,8.572e-05,6.798e-05,5.225e-05,4.099e-05,3.028e-05,2.205e-05,1.564e-05,1.129e-05,7.843e-06,4.874e-06,3.952e-06,3.172e-06,2.756e-06,2.878e-06,2.787e-06,2.584e-06,2.361e-06,2.473e-06,2.381e-06,2.179e-06,1.925e-06,2.533e-06,2.077e-06,1.784e-06,1.642e-06,1.621e-06,1.409e-06,9.526e-07,1.044e-06,1.105e-06,5.877e-07,5.877e-07
0.0005598,0.0005934,0.0005289,0.000554,0.0004975,0.0004675,0.0004304,0.0004096,0.0003837,0.0003607,0.0003213,0.0002709,0.0002259,0.0001909,0.000156,0.0001287,0.0001029,8.434e-05,6.806e-05,5.354e-05,4.128e-05,3.079e-05,2.209e-05,1.64e-05,1.138e-05,7.823e-06,5.462e-06,4.145e-06,3.233e-06,3e-06,2.837e-06,2.685e-06,2.209e-06,2.787e-06,2.604e-06,2.24e-06,2.31e-06,2.158e-06,2.098e-06,1.875e-06,1.723e-06,1.662e-06,1.277e-06,1.216e-06,9.424e-07,1.125e-06,8.918e-07,8.31e-07,7.803e-07
0.0005293,0.0005657,0.0005111,0.0005413,0.0004923,0.0004643,0.0004297,0.0004109,0.0003811,0.0003605,0.000322,0.000272,0.000229,0.0001874,0.0001563,0.0001278,0.0001012,8.192e-05,6.48e-05,5.043e-05,3.833e-05,2.872e-05,2.09e-05,1.579e-05,1.063e-05,7.468e-06,5.148e-06,4.134e-06,3.162e-06,3.141e-06,2.696e-06,2.584e-06,2.554e-06,2.26e-06,2.817e-06,2.412e-06,2.017e-06,2.341e-06,2.148e-06,1.895e-06,1.925e-06,1.611e-06,1.307e-06,1.378e-06,1.064e-06,1.125e-06,8.31e-07,5.269e-07,4.763e-07
0.000555,0.0005885,0.00052,0.0005526,0.0004984,0.0004628,0.0004294,0.0004134,0.0003809,0.0003614,0.0003175,0.0002695,0.0002256,0.0001896,0.0001558,0.0001284,0.0001031,8.352e-05,6.587e-05,5.338e-05,4.161e-05,2.981e-05,2.245e-05,1.593e-05,1.18e-05,7.549e-06,5.948e-06,4.155e-06,3.344e-06,2.807e-06,2.756e-06,2.685e-06,2.655e-06,2.452e-06,2.462e-06,2.25e-06,2.29e-06,2.229e-06,2.209e-06,2.067e-06,1.895e-06,1.53e-06,1.257e-06,1.338e-06,1.003e-06,1.074e-06,9.019e-07,7.6e-07,7.701e-07
0.0005569,0.0005879,0.0005225,0.0005518,0.0004972,0.0004712,0.0004324,0.00041,0.0003829,0.0003626,0.0003209,0.0002714,0.0002265,0.0001901,0.0001578,0.0001278,0.0001027,8.478e-05,6.477e-05,5.194e-05,4.125e-05,3.049e-05,2.268e-05,1.656e-05,1.147e-05,7.924e-06,5.32e-06,3.79e-06,3.162e-06,2.594e-06,2.696e-06,2.473e-06,2.503e-06,2.513e-06,2.3e-06,2.219e-06,2.219e-06,2.321e-06,2.017e-06,2.219e-06,1.915e-06,1.824e-06,1.479e-06,1.51e-06,1.044e-06,1.196e-06,8.31e-07,5.573e-07,5.877e-07
0.0005477,0.000581,0.000519,0.0005455,0.0004951,0.000467,0.0004283,0.000413,0.0003833,0.0003586,0.0003196,0.0002703,0.0002286,0.0001879,0.0001538,0.0001277,0.0001017,8.411e-05,6.632e-05,5.231e-05,4.085e-05,3.04e-05,2.269e-05,1.628e-05,1.125e-05,7.387e-06,5.584e-06,4.276e-06,3.608e-06,2.807e-06,2.807e-06,2.513e-06,2.554e-06,2.544e-06,2.331e-06,2.432e-06,2.118e-06,2.361e-06,2.118e-06,2.017e-06,2.006e-06,1.581e-06,1.459e-06,1.307e-06,1.155e-06,9.424e-07,8.715e-07,6.891e-07,6.384e-07
0.0005464,0.0005785,0.0005175,0.0005446,0.0004925,0.00047,0.0004311,0.0004114,0.0003797,0.0003631,0.0003197,0.0002693,0.0002285,0.0001877,0.0001553,0.0001262,0.0001031,8.32e-05,6.548e-05,5.13e-05,4.067e-05,2.948e-05,2.162e-05,1.628e-05,1.086e-05,7.833e-06,5.898e-06,3.901e-06,3.253e-06,2.696e-06,2.756e-06,2.635e-06,2.614e-06,2.381e-06,2.27e-06,2.554e-06,2.544e-06,2.321e-06,2.199e-06,1.895e-06,1.561e-06,1.662e-06,1.358e-06,1.287e-06,1.246e-06,9.728e-07,8.411e-07,8.816e-07,5.776e-07
0.0005479,0.0005844,0.0005167,0.0005454,0.0004943,0.0004668,0.0004322,0.0004109,0.0003827,0.0003645,0.0003197,0.0002704,0.000228,0.0001877,0.0001562,0.0001276,0.0001046,8.277e-05,6.423e-05,5.273e-05,4.179e-05,2.943e-05,2.133e-05,1.617e-05,1.131e-05,7.316e-06,5.249e-06,4.064e-06,3.283e-06,2.848e-06,2.635e-06,2.726e-06,2.412e-06,2.483e-06,2.675e-06,2.422e-06,2.29e-06,2.098e-06,2.351e-06,1.986e-06,1.581e-06,1.652e-06,1.327e-06,1.358e-06,1.084e-06,1.003e-06,7.195e-07,7.6e-07,8.208e-07
0.000545,0.0005863,0.0005223,0.0005477,0.0004965,0.0004678,0.0004299,0.0004122,0.0003854,0.0003596,0.0003206,0.0002679,0.0002258,0.00019,0.0001576,0.000128,0.0001027,8.394e-05,6.654e-05,5.14e-05,4.02e-05,2.999e-05,2.299e-05,1.619e-05,1.163e-05,8.147e-06,5.259e-06,4.226e-06,3.324e-06,2.918e-06,2.635e-06,2.746e-06,2.483e-06,2.554e-06,2.412e-06,2.837e-06,2.503e-06,2.006e-06,2.199e-06,2.077e-06,1.925e-06,1.621e-06,1.297e-06,1.307e-06,1.246e-06,9.931e-07,9.323e-07,7.296e-07,6.891e-07
0.0005378,0.00058,0.0005195,0.0005469,0.000497,0.0004653,0.0004246,0.0004082,0.0003839,0.0003621,0.0003205,0.0002674,0.0002288,0.0001873,0.0001553,0.0001274,0.0001025,8.227e-05,6.385e-05,5.135e-05,4.021e-05,3.09e-05,2.16e-05,1.564e-05,1.132e-05,7.62e-06,5.036e-06,4.114e-06,3.486e-06,3.314e-06,2.503e-06,2.949e-06,2.29e-06,2.523e-06,2.351e-06,2.057e-06,2.392e-06,2.209e-06,2.26e-06,2.148e-06,1.611e-06,1.479e-06,1.561e-06,1.307e-06,1.074e-06,8.918e-07,8.614e-07,6.992e-07,6.08e-07
0.0005538,0.0005886,0.0005196,0.0005519,0.0004928,0.0004677,0.0004313,0.0004102,0.0003815,0.000357,0.0003224,0.0002719,0.0002281,0.0001899,0.0001567,0.0001288,0.0001034,8.421e-05,6.404e-05,5.192e-05,4.033e-05,2.956e-05,2.321e-05,1.604e-05,1.092e-05,8.35e-06,5.178e-06,3.526e-06,3.314e-06,3.05e-06,2.614e-06,2.696e-06,2.452e-06,2.179e-06,2.321e-06,2.26e-06,2.452e-06,2.047e-06,2.179e-06,1.986e-06,1.652e-06,1.581e-06,1.297e-06,1.216e-06,1.186e-06,9.728e-07,6.891e-07,6.283e-07,6.587e-07
0.000554,0.0005934,0.0005254,0.0005546,0.0004988,0.0004645,0.0004307,0.0004133,0.0003832,0.0003579,0.0003167,0.0002695,0.0002272,0.0001892,0.0001573,0.0001293,0.0001033,8.406e-05,6.749e-05,5.249e-05,4.119e-05,3.094e-05,2.202e-05,1.614e-05,1.14e-05,7.61e-06,5.503e-06,4.337e-06,3.385e-06,3.06e-06,3.04e-06,2.513e-06,2.685e-06,2.685e-06,2.564e-06,2.31e-06,2.28e-06,2.3e-06,2.219e-06,1.996e-06,2.118e-06,1.358e-06,1.51e-06,1.5e-06,1.277e-06,1.044e-06,8.411e-07,6.688e-07,5.877e-07
0.0005502,0.0005911,0.0005229,0.0005498,0.0004984,0.0004648,0.0004279,0.0004146,0.0003803,0.0003581,0.000318,0.0002716,0.0002312,0.0001888,0.0001563,0.0001278,0.0001039,8.405e-05,6.562e-05,5.158e-05,3.891e-05,3.05e-05,2.217e-05,1.655e-05,1.146e-05,8.046e-06,5.553e-06,4.317e-06,3.638e-06,2.989e-06,2.462e-06,2.442e-06,2.635e-06,2.766e-06,2.473e-06,2.381e-06,2.381e-06,2.26e-06,2.392e-06,1.905e-06,1.946e-06,1.702e-06,1.591e-06,1.206e-06,1.094e-06,1.023e-06,9.526e-07,7.803e-07,6.992e-07
0.0005452,0.0005813,0.0005202,0.0005457,0.0004969,0.0004685,0.0004262,0.000412,0.0003848,0.0003641,0.0003218,0.0002703,0.0002288,0.0001893,0.0001562,0.000128,0.0001017,8.471e-05,6.544e-05,5.159e-05,4.108e-05,3.016e-05,2.21e-05,1.577e-05,1.141e-05,8.097e-06,5.168e-06,4.317e-06,3.324e-06,2.868e-06,2.554e-06,2.645e-06,3.01e-06,2.29e-06,2.27e-06,2.28e-06,2.229e-06,2.179e-06,2.128e-06,1.784e-06,1.784e-06,1.743e-06,1.51e-06,1.368e-06,1.307e-06,8.31e-07,8.31e-07,8.512e-07,7.904e-07
0.0005381,0.0005788,0.000515,0.0005439,0.0004945,0.0004651,0.0004313,0.0004118,0.0003815,0.000361,0.0003178,0.000267,0.0002288,0.0001858,0.0001563,0.000128,0.0001023,8.368e-05,6.505e-05,5.386e-05,4.041e-05,3.066e-05,2.197e-05,1.53e-05,1.106e-05,7.914e-06,5.107e-06,4.064e-06,3.01e-06,3.081e-06,2.685e-06,2.321e-06,2.584e-06,2.483e-06,2.736e-06,2.361e-06,2.229e-06,2.118e-06,1.986e-06,2.189e-06,1.52e-06,1.733e-06,1.52e-06,1.236e-06,1.064e-06,1.125e-06,8.816e-07,6.587e-07,6.283e-07
0.0005338,0.0005763,0.0005118,0.0005409,0.0004932,0.0004677,0.0004313,0.0004122,0.000385,0.0003614,0.0003156,0.0002691,0.000228,0.0001876,0.0001549,0.0001248,9.988e-05,8.252e-05,6.537e-05,5.094e-05,4.027e-05,2.963e-05,2.131e-05,1.53e-05,1.09e-05,7.175e-06,4.925e-06,3.922e-06,3.304e-06,2.787e-06,2.837e-06,2.564e-06,2.544e-06,2.564e-06,2.371e-06,2.128e-06,2.199e-06,2.077e-06,2.25e-06,1.956e-06,1.733e-06,1.55e-06,1.601e-06,1.175e-06,1.388e-06,8.715e-07,7.296e-07,8.208e-07,5.675e-07
0.0005488,0.0005862,0.0005178,0.00055,0.0004926,0.0004696,0.0004258,0.0004128,0.0003802,0.0003612,0.0003196,0.0002699,0.0002294,0.0001871,0.0001561,0.000127,0.0001039,8.219e-05,6.53e-05,5.167e-05,4.07e-05,2.921e-05,2.262e-05,1.675e-05,1.065e-05,8.117e-06,5.209e-06,4.276e-06,3.506e-06,3.07e-06,2.979e-06,2.402e-06,2.614e-06,2.604e-06,2.432e-06,2.321e-06,1.915e-06,2.321e-06,2.138e-06,1.743e-06,1.773e-06,1.784e-06,1.723e-06,1.226e-06,1.013e-06,1.054e-06,8.715e-07,7.397e-07,6.181e-07
0.0005422,0.0005813,0.0005186,0.0005509,0.0004964,0.0004666,0.0004301,0.0004102,0.0003787,0.0003611,0.0003187,0.000272,0.0002312,0.0001918,0.0001558,0.0001277,0.0001023,8.42e-05,6.548e-05,5.208e-05,4.025e-05,2.975e-05,2.181e-05,1.669e-05,1.155e-05,7.357e-06,5.705e-06,3.76e-06,3.233e-06,2.544e-06,2.837e-06,2.736e-06,2.412e-06,2.513e-06,2.381e-06,2.179e-06,2.351e-06,2.179e-06,2.108e-06,2.219e-06,1.642e-06,1.875e-06,1.561e-06,1.459e-06,1.084e-06,1.013e-06,8.614e-07,7.296e-07,6.992e-07
0.0005522,0.000595,0.0005239,0.0005503,0.0005009,0.0004711,0.0004292,0.0004145,0.0003802,0.0003605,0.0003189,0.0002724,0.0002261,0.0001902,0.000158,0.0001274,0.0001029,8.514e-05,6.646e-05,5.171e-05,3.988e-05,3.031e-05,2.263e-05,1.609e-05,1.12e-05,8.198e-06,5.604e-06,4.013e-06,3.334e-06,2.949e-06,2.655e-06,2.422e-06,2.341e-06,2.554e-06,2.361e-06,2.341e-06,2.412e-06,2.006e-06,2.077e-06,1.875e-06,1.763e-06,1.885e-06,1.348e-06,1.297e-06,1.115e-06,1.013e-06,9.12e-07,6.688e-07,7.093e-07
0.0005453,0.0005802,0.0005233,0.0005472,0.0004906,0.0004702,0.0004327,0.0004093,0.0003861,0.000361,0.0003193,0.0002669,0.0002257,0.0001886,0.0001565,0.0001273,0.0001021,8.532e-05,6.503e-05,5.309e-05,4.056e-05,2.993e-05,2.214e-05,1.587e-05,1.071e-05,7.884e-06,5.077e-06,4.064e-06,3.111e-06,3e-06,3.07e-06,2.584e-06,2.219e-06,2.513e-06,2.098e-06,2.392e-06,2.158e-06,2.25e-06,2.006e-06,2.24e-06,1.875e-06,1.692e-06,1.409e-06,1.479e-06,1.115e-06,7.803e-07,8.31e-07,8.005e-07,6.688e-07
0.0005472,0.0005884,0.0005211,0.0005464,0.0004996,0.0004704,0.0004309,0.0004101,0.0003816,0.0003576,0.0003197,0.0002684,0.0002273,0.0001897,0.0001553,0.0001277,0.0001027,8.366e-05,6.766e-05,5.146e-05,4.162e-05,3.146e-05,2.266e-05,1.562e-05,1.096e-05,7.631e-06,5.097e-06,4.043e-06,3.425e-06,3.01e-06,2.523e-06,2.371e-06,2.777e-06,2.452e-06,2.219e-06,2.442e-06,2.645e-06,2.442e-06,2.037e-06,1.956e-06,1.885e-06,1.652e-06,1.469e-06,1.368e-06,1.196e-06,9.526e-07,8.512e-07,7.093e-07,6.789e-07
0.0005378,0.0005745,0.0005141,0.00054,0.0004933,0.0004664,0.0004289,0.0004101,0.0003841,0.0003637,0.0003175,0.0002684,0.0002258,0.0001888,0.0001569,0.0001272,0.0001024,8.327e-05,6.424e-05,5.154e-05,3.852e-05,3.029e-05,2.138e-05,1.578e-05,1.11e-05,7.185e-06,5.188e-06,3.729e-06,3.395e-06,3.05e-06,2.655e-06,2.848e-06,2.594e-06,2.432e-06,2.351e-06,2.098e-06,2.169e-06,2.158e-06,2.189e-06,1.854e-06,1.449e-06,1.631e-06,1.378e-06,1.074e-06,9.728e-07,1.054e-06,7.904e-07,6.587e-07,7.195e-07
0.0005589,0.0005965,0.0005222,0.0005558,0.000496,0.0004653,0.0004307,0.0004105,0.0003826,0.0003611,0.0003176,0.0002685,0.0002302,0.0001892,0.000156,0.0001304,0.0001047,8.432e-05,6.598e-05,5.337e-05,4.111e-05,3.091e-05,2.36e-05,1.658e-05,1.224e-05,8.492e-06,5.918e-06,3.83e-06,3.172e-06,3.01e-06,2.898e-06,2.675e-06,2.837e-06,2.544e-06,2.29e-06,1.905e-06,2.209e-06,2.148e-06,1.986e-06,1.794e-06,1.743e-06,1.55e-06,1.55e-06,1.358e-06,1.135e-06,8.715e-07,9.12e-07,8.411e-07,7.6e-07
0.0005555,0.0005906,0.0005239,0.0005522,0.0004942,0.0004687,0.0004284,0.0004108,0.0003829,0.0003578,0.0003195,0.0002708,0.0002278,0.0001872,0.000158,0.0001287,0.0001037,8.435e-05,6.494e-05,5.213e-05,4.098e-05,2.911e-05,2.254e-05,1.62e-05,1.211e-05,7.418e-06,5.219e-06,4.064e-06,3.395e-06,3.07e-06,2.878e-06,2.685e-06,2.584e-06,2.635e-06,2.533e-06,2.645e-06,2.25e-06,2.067e-06,2.351e-06,1.834e-06,1.834e-06,1.591e-06,1.409e-06,1.297e-06,1.125e-06,9.526e-07,7.093e-07,6.384e-07,6.485e-07
0.0005567,0.0005941,0.0005216,0.0005559,0.0004978,0.0004678,0.0004267,0.0004129,0.0003834,0.000358,0.0003173,0.0002698,0.0002257,0.0001874,0.0001579,0.0001269,0.0001047,8.638e-05,6.603e-05,5.32e-05,4.019e-05,3.125e-05,2.303e-05,1.657e-05,1.137e-05,8.016e-06,5.685e-06,4.317e-06,3.456e-06,3.02e-06,2.868e-06,2.513e-06,2.675e-06,2.645e-06,2.523e-06,2.351e-06,2.31e-06,2.392e-06,1.966e-06,2.027e-06,1.895e-06,1.763e-06,1.429e-06,1.611e-06,1.368e-06,1.257e-06,9.728e-07,9.222e-07,6.789e-07
0.0005526,0.0005869,0.0005234,0.0005501,0.0005015,0.0004656,0.0004301,0.0004115,0.000387,0.0003613,0.0003211,0.0002719,0.0002324,0.0001894,0.0001578,0.0001256,0.0001027,8.293e-05,6.739e-05,5.214e-05,4.077e-05,3.045e-05,2.177e-05,1.61e-05,1.168e-05,7.489e-06,5.594e-06,4.114e-06,3.131e-06,2.898e-06,2.584e-06,2.675e-06,2.331e-06,2.493e-06,2.29e-06,2.422e-06,2.3e-06,2.361e-06,2.24e-06,1.936e-06,1.753e-06,1.682e-06,1.52e-06,1.429e-06,1.084e-06,1.277e-06,9.12e-07,8.816e-07,8.005e-07
0.0005509,0.0005879,0.0005234,0.0005502,0.0004976,0.000471,0.0004351,0.0004104,0.0003809,0.0003582,0.0003202,0.0002709,0.0002233,0.0001889,0.0001575,0.0001277,0.0001029,8.263e-05,6.473e-05,5.165e-05,4.021e-05,2.996e-05,2.16e-05,1.583e-05,1.093e-05,8.036e-06,5.199e-06,4.276e-06,3.172e-06,3.07e-06,2.756e-06,2.625e-06,2.544e-06,2.26e-06,2.432e-06,2.3e-06,2.361e-06,2.25e-06,2.26e-06,2.199e-06,1.976e-06,1.611e-06,1.287e-06,1.388e-06,1.206e-06,1.013e-06,7.499e-07,8.107e-07,6.181e-07
0.0005566,0.0005959,0.000523,0.0005531,0.0005001,0.0004692,0.0004343,0.0004175,0.0003824,0.000365,0.0003215,0.000271,0.0002283,0.0001879,0.0001577,0.0001278,0.0001029,8.5e-05,6.721e-05,5.302e-05,4.197e-05,3.15e-05,2.364e-05,1.603e-05,1.099e-05,7.924e-06,5.584e-06,4.145e-06,3.141e-06,2.766e-06,2.878e-06,2.706e-06,2.817e-06,2.574e-06,2.442e-06,2.412e-06,2.219e-06,1.895e-06,2.189e-06,2.006e-06,1.865e-06,1.804e-06,1.611e-06,1.378e-06,1.064e-06,9.12e-07,1.034e-06,7.296e-07,7.296e-07
0.0005521,0.0005923,0.0005218,0.000552,0.0004965,0.0004684,0.0004305,0.000411,0.0003884,0.0003625,0.0003169,0.0002671,0.0002275,0.000187,0.0001571,0.0001276,0.0001047,8.486e-05,6.704e-05,5.213e-05,4.144e-05,2.994e-05,2.304e-05,1.641e-05,1.147e-05,8.147e-06,5.401e-06,4.033e-06,3.283e-06,3.141e-06,2.675e-06,2.635e-06,2.493e-06,2.544e-06,2.503e-06,2.077e-06,2.381e-06,2.169e-06,1.976e-06,1.946e-06,1.581e-06,1.591e-06,1.469e-06,1.479e-06,1.287e-06,9.526e-07,8.715e-07,7.6e-07,6.485e-07
0.000542,0.0005748,0.0005201,0.0005457,0.0004914,0.0004668,0.0004303,0.000408,0.0003838,0.0003606,0.000317,0.0002687,0.0002268,0.000191,0.0001554,0.0001271,0.0001026,8.394e-05,6.541e-05,5.151e-05,3.949e-05,3.005e-05,2.162e-05,1.513e-05,1.061e-05,7.803e-06,5.492e-06,4.114e-06,3.253e-06,2.736e-06,3.05e-06,2.533e-06,2.483e-06,2.574e-06,2.452e-06,2.219e-06,2.158e-06,2.28e-06,2.138e-06,1.956e-06,1.702e-06,1.591e-06,1.439e-06,1.348e-06,1.257e-06,9.019e-07,8.715e-07,6.992e-07,5.776e-07
0.0005521,0.00059,0.000523,0.0005459,0.0004971,0.0004628,0.0004279,0.0004178,0.0003849,0.000362,0.0003185,0.0002702,0.00023,0.0001891,0.0001546,0.0001272,0.0001059,8.575e-05,6.622e-05,5.253e-05,4.113e-05,2.933e-05,2.201e-05,1.628e-05,1.109e-05,7.529e-06,5.513e-06,4.226e-06,3.415e-06,3.101e-06,2.939e-06,2.523e-06,2.594e-06,2.321e-06,2.432e-06,1.986e-06,2.594e-06,2.006e-06,2.219e-06,2.057e-06,1.713e-06,1.834e-06,1.49e-06,1.135e-06,1.003e-06,9.12e-07,8.715e-07,6.992e-07,6.789e-07
0.0005465,0.0005893,0.0005216,0.0005514,0.0004978,0.0004668,0.000429,0.0004085,0.0003801,0.0003595,0.000319,0.0002688,0.0002264,0.0001889,0.0001544,0.0001272,0.0001035,8.425e-05,6.661e-05,5.249e-05,4.039e-05,3.005e-05,2.3e-05,1.593e-05,1.126e-05,8.036e-06,5.381e-06,4.499e-06,3.364e-06,2.837e-06,2.706e-06,2.493e-06,2.452e-06,2.523e-06,2.158e-06,2.452e-06,2.361e-06,2.412e-06,1.925e-06,2.037e-06,2.118e-06,1.844e-06,1.449e-06,1.165e-06,1.044e-06,1.003e-06,7.701e-07,8.005e-07,6.485e-07
0.0005554,0.0005916,0.0005218,0.0005538,0.0004992,0.0004665,0.0004318,0.0004134,0.0003823,0.0003601,0.0003196,0.0002704,0.0002277,0.0001907,0.0001544,0.0001289,0.0001024,8.533e-05,6.686e-05,5.26e-05,4.039e-05,3.14e-05,2.225e-05,1.621e-05,1.113e-05,8.056e-06,5.553e-06,4.094e-06,3.283e-06,2.807e-06,2.888e-06,2.321e-06,2.554e-06,2.27e-06,2.29e-06,2.209e-06,2.26e-06,2.077e-06,2.148e-06,1.986e-06,1.692e-06,1.611e-06,1.449e-06,1.236e-06,1.196e-06,1.074e-06,8.614e-07,7.6e-07,6.08e-07
0,0,0,0,0,0,0,0,0,0,0,0,0,0,0,0,0,0,0,0,0,0,0,0,0,0,0,0,0,0,0,0,0,0,0,0,0,0,0,0,0,0,0,0,0,0,0,0,0
4th quartile
1.324e+12,1.462e+12,1.611e+12,1.775e+12,1.96e+12,2.162e+12,2.385e+12,2.635e+12,2.911e+12,3.214e+12,3.548e+12,3.914e+12,4.315e+12,4.762e+12,5.254e+12,5.796e+12,6.403e+12,7.058e+12,7.802e+12,8.596e+12,9.488e+12,1.046e+13,1.154e+13,1.276e+13,1.413e+13,1.565e+13,1.72e+13,1.891e+13,2.096e+13,2.308e+13,2.552e+13,2.82e+13,3.105e+13,3.439e+13,3.785e+13,4.169e+13,4.633e+13,5.093e+13,5.638e+13,6.199e+13,6.836e+13,7.536e+13,8.321e+13,9.19e+13,1.017e+14,1.114e+14,1.234e+14,1.356e+14,1.496e+14
0.0007583,0.0007809,0.000653,0.0006365,0.000526,0.0004547,0.0003857,0.0003394,0.0002806,0.0002484,0.0002076,0.0001683,0.0001317,0.0001015,7.449e-05,5.675e-05,4.094e-05,2.882e-05,2.134e-05,1.421e-05,9.759e-06,6.465e-06,3.749e-06,2.939e-06,2.027e-06,1.51e-06,1.287e-06,1.105e-06,1.196e-06,1.165e-06,9.728e-07,1.115e-06,1.277e-06,8.31e-07,1.074e-06,1.013e-06,9.83e-07,8.918e-07,8.816e-07,9.627e-07,8.31e-07,6.992e-07,6.992e-07,6.688e-07,5.776e-07,4.357e-07,4.56e-07,3.243e-07,3.344e-07
0.0007662,0.0007792,0.000653,0.0006383,0.0005296,0.0004601,0.0003897,0.000338,0.0002833,0.0002508,0.0002125,0.0001713,0.0001347,0.0001011,7.55e-05,5.665e-05,4.2e-05,3.118e-05,2.175e-05,1.426e-05,1.001e-05,6.404e-06,4.611e-06,2.908e-06,2.067e-06,1.5e-06,1.277e-06,1.044e-06,1.196e-06,1.064e-06,1.196e-06,1.186e-06,9.931e-07,9.222e-07,1.094e-06,9.323e-07,1.175e-06,8.512e-07,1.064e-06,8.918e-07,8.816e-07,7.803e-07,6.283e-07,6.384e-07,5.675e-07,6.587e-07,2.837e-07,2.533e-07,3.344e-07
0.0007672,0.0007854,0.000657,0.0006439,0.0005298,0.0004593,0.0003885,0.0003399,0.0002873,0.0002528,0.0002122,0.000172,0.000138,0.0001027,7.766e-05,5.634e-05,4.026e-05,3.067e-05,2.122e-05,1.471e-05,1.001e-05,6.698e-06,4.509e-06,3.344e-06,2.017e-06,1.449e-06,1.064e-06,1.419e-06,8.918e-07,1.115e-06,1.135e-06,8.918e-07,1.125e-06,1.003e-06,1.003e-06,1.003e-06,1.115e-06,9.12e-07,9.222e-07,9.424e-07,7.093e-07,8.005e-07,6.789e-07,6.181e-07,6.08e-07,5.776e-07,3.851e-07,2.533e-07,1.925e-07
0.0007646,0.0007797,0.0006512,0.0006373,0.0005301,0.000454,0.0003908,0.0003365,0.0002832,0.0002544,0.0002114,0.0001698,0.0001329,0.0001008,7.682e-05,5.625e-05,3.962e-05,2.988e-05,2.075e-05,1.399e-05,9.931e-06,6.546e-06,4.145e-06,2.878e-06,2.047e-06,1.571e-06,1.064e-06,9.83e-07,1.084e-06,1.003e-06,9.019e-07,1.196e-06,9.627e-07,1.105e-06,1.013e-06,1.145e-06,1.135e-06,1.084e-06,8.715e-07,8.208e-07,8.31e-07,7.6e-07,8.411e-07,5.371e-07,4.965e-07,3.445e-07,3.952e-07,3.04e-07,1.824e-07
0.0007616,0.0007782,0.0006571,0.0006384,0.0005329,0.000459,0.0003902,0.0003409,0.0002832,0.0002495,0.0002102,0.0001698,0.0001321,0.0001011,7.689e-05,5.558e-05,4.097e-05,2.962e-05,2.027e-05,1.424e-05,9.961e-06,6.83e-06,4.134e-06,2.696e-06,2.128e-06,1.378e-06,1.388e-06,1.145e-06,1.074e-06,1.013e-06,9.323e-07,8.208e-07,1.064e-06,9.019e-07,1.084e-06,9.12e-07,9.424e-07,9.83e-07,1.186e-06,9.12e-07,8.208e-07,7.701e-07,5.675e-07,6.587e-07,5.168e-07,4.357e-07,3.952e-07,4.256e-07,2.229e-07
0.0007511,0.0007779,0.0006483,0.0006362,0.0005255,0.000455,0.0003837,0.0003341,0.0002815,0.0002454,0.000207,0.000168,0.0001322,9.973e-05,7.49e-05,5.564e-05,3.931e-05,2.904e-05,2.115e-05,1.391e-05,9.465e-06,6.05e-06,4.064e-06,2.858e-06,1.885e-06,1.53e-06,1.236e-06,9.728e-07,1.084e-06,1.135e-06,8.31e-07,1.013e-06,9.627e-07,1.013e-06,1.013e-06,1.054e-06,1.094e-06,1.155e-06,1.054e-06,1.084e-06,8.411e-07,6.789e-07,8.31e-07,7.397e-07,5.371e-07,3.648e-07,3.749e-07,2.331e-07,3.141e-07
0.0007682,0.0007826,0.0006493,0.0006397,0.0005361,0.0004593,0.0003882,0.0003395,0.0002839,0.00025,0.0002115,0.0001703,0.0001343,0.0001017,7.678e-05,5.655e-05,4.125e-05,2.943e-05,2.11e-05,1.538e-05,1.026e-05,6.577e-06,4.347e-06,2.746e-06,1.875e-06,1.439e-06,1.074e-06,9.931e-07,1.287e-06,1.115e-06,1.145e-06,1.084e-06,1.145e-06,1.084e-06,1.145e-06,1.054e-06,1.013e-06,1.105e-06,1.023e-06,8.614e-07,7.904e-07,7.397e-07,6.08e-07,5.269e-07,3.648e-07,4.965e-07,4.053e-07,3.141e-07,2.533e-07
0.0007551,0.0007799,0.0006503,0.000634,0.0005266,0.0004587,0.0003862,0.0003372,0.0002837,0.0002469,0.0002129,0.0001647,0.0001326,9.901e-05,7.582e-05,5.734e-05,4.005e-05,2.888e-05,1.998e-05,1.442e-05,9.89e-06,6.313e-06,4.205e-06,2.878e-06,1.905e-06,1.5e-06,1.469e-06,1.236e-06,9.931e-07,1.115e-06,9.931e-07,9.222e-07,1.115e-06,8.31e-07,1.135e-06,1.105e-06,1.013e-06,8.512e-07,1.084e-06,9.222e-07,8.918e-07,8.512e-07,8.715e-07,5.269e-07,6.688e-07,4.053e-07,3.547e-07,3.547e-07,3.243e-07
0.0007485,0.0007697,0.0006457,0.00063,0.0005253,0.0004533,0.0003851,0.0003294,0.0002774,0.000247,0.0002072,0.0001654,0.0001325,0.0001014,7.453e-05,5.455e-05,3.939e-05,2.901e-05,2.006e-05,1.4e-05,9.678e-06,6.1e-06,3.81e-06,2.908e-06,2.006e-06,1.611e-06,1.287e-06,1.135e-06,1.064e-06,8.31e-07,8.208e-07,1.216e-06,9.83e-07,9.728e-07,8.816e-07,8.816e-07,1.064e-06,1.084e-06,8.411e-07,9.83e-07,6.587e-07,9.019e-07,5.776e-07,5.979e-07,4.661e-07,4.864e-07,3.243e-07,3.749e-07,3.04e-07
0.0007586,0.0007793,0.0006516,0.0006436,0.0005285,0.0004544,0.0003883,0.000335,0.0002844,0.0002481,0.0002117,0.0001726,0.0001344,0.0001027,7.689e-05,5.609e-05,4.046e-05,3.046e-05,2.074e-05,1.473e-05,9.769e-06,6.202e-06,4.509e-06,3.02e-06,1.976e-06,1.348e-06,1.216e-06,1.327e-06,1.064e-06,9.323e-07,1.165e-06,1.165e-06,1.034e-06,9.424e-07,1.013e-06,1.175e-06,1.003e-06,1.044e-06,1.044e-06,9.83e-07,9.019e-07,9.728e-07,8.31e-07,5.979e-07,5.472e-07,4.256e-07,3.952e-07,2.331e-07,2.229e-07
0.0007434,0.0007714,0.0006448,0.0006372,0.0005268,0.0004539,0.0003824,0.0003375,0.0002799,0.0002478,0.0002079,0.0001672,0.0001306,9.822e-05,7.516e-05,5.436e-05,4.016e-05,2.97e-05,2.066e-05,1.347e-05,1.055e-05,6.425e-06,4.053e-06,3e-06,2.361e-06,1.348e-06,1.257e-06,1.236e-06,1.003e-06,1.044e-06,9.019e-07,9.627e-07,8.918e-07,1.064e-06,1.226e-06,1.155e-06,1.175e-06,8.715e-07,1.054e-06,9.222e-07,8.715e-07,7.195e-07,6.891e-07,5.472e-07,5.776e-07,4.459e-07,3.851e-07,3.141e-07,2.229e-07
0.0007628,0.0007805,0.0006504,0.0006413,0.0005283,0.0004582,0.0003841,0.0003397,0.0002843,0.0002513,0.0002111,0.0001688,0.0001345,9.963e-05,7.798e-05,5.646e-05,3.999e-05,2.991e-05,2.115e-05,1.427e-05,1.032e-05,6.475e-06,3.851e-06,2.756e-06,2.098e-06,1.236e-06,1.064e-06,1.084e-06,9.019e-07,9.526e-07,1.034e-06,1.034e-06,1.044e-06,9.526e-07,9.931e-07,1.054e-06,1.165e-06,8.918e-07,1.094e-06,9.424e-07,8.411e-07,7.499e-07,6.891e-07,5.877e-07,3.851e-07,3.851e-07,4.56e-07,2.939e-07,2.635e-07
0.0007671,0.0007847,0.000656,0.000644,0.0005303,0.0004631,0.0003859,0.0003379,0.0002843,0.0002534,0.0002116,0.0001726,0.0001347,0.0001042,7.785e-05,5.772e-05,4.209e-05,3.086e-05,2.11e-05,1.497e-05,1.025e-05,6.567e-06,4.317e-06,3e-06,2.088e-06,1.5e-06,9.931e-07,1.327e-06,9.931e-07,1.074e-06,1.074e-06,1.165e-06,9.222e-07,9.323e-07,1.105e-06,1.054e-06,9.83e-07,1.003e-06,9.12e-07,9.526e-07,8.816e-07,8.411e-07,7.093e-07,5.371e-07,4.864e-07,4.256e-07,4.155e-07,4.256e-07,3.243e-07
0.0007405,0.0007686,0.0006405,0.0006356,0.0005257,0.0004562,0.0003853,0.0003321,0.0002763,0.0002434,0.0002069,0.0001666,0.0001278,9.773e-05,7.418e-05,5.228e-05,3.841e-05,2.738e-05,1.939e-05,1.39e-05,9.657e-06,5.969e-06,4.003e-06,2.807e-06,2.047e-06,1.49e-06,1.439e-06,1.277e-06,1.094e-06,1.054e-06,1.155e-06,1.034e-06,9.12e-07,7.397e-07,1.084e-06,1.013e-06,9.627e-07,1.155e-06,9.222e-07,8.816e-07,8.614e-07,6.891e-07,6.181e-07,5.675e-07,4.357e-07,3.243e-07,2.736e-07,3.445e-07,3.547e-07
0.0007617,0.0007771,0.0006503,0.0006399,0.0005299,0.0004585,0.0003872,0.0003386,0.0002839,0.0002475,0.0002107,0.0001692,0.0001348,0.0001043,7.66e-05,5.582e-05,4e-05,2.983e-05,2.115e-05,1.411e-05,9.961e-06,6.759e-06,4.226e-06,2.726e-06,1.915e-06,1.398e-06,1.327e-06,1.135e-06,1.186e-06,1.105e-06,1.196e-06,1.186e-06,1.074e-06,1.155e-06,9.931e-07,1.074e-06,1.003e-06,9.323e-07,9.222e-07,9.12e-07,8.31e-07,6.891e-07,7.499e-07,5.877e-07,4.661e-07,4.357e-07,3.648e-07,3.547e-07,3.851e-07
0.0007671,0.0007816,0.000652,0.0006397,0.0005311,0.0004567,0.00039,0.0003377,0.0002865,0.0002501,0.0002121,0.0001681,0.0001349,0.0001011,7.764e-05,5.554e-05,4.057e-05,2.876e-05,2.135e-05,1.462e-05,9.819e-06,6.05e-06,4.52e-06,2.868e-06,1.905e-06,1.338e-06,1.358e-06,1.186e-06,1.034e-06,1.064e-06,1.054e-06,9.424e-07,8.31e-07,1.115e-06,9.83e-07,1.064e-06,1.064e-06,1.165e-06,8.816e-07,1.074e-06,8.715e-07,7.296e-07,7.499e-07,6.08e-07,5.979e-07,3.952e-07,3.547e-07,3.04e-07,2.331e-07
0.0007595,0.0007821,0.0006434,0.0006362,0.0005307,0.0004576,0.0003835,0.0003356,0.0002795,0.0002468,0.0002079,0.000167,0.0001333,9.973e-05,7.75e-05,5.513e-05,4.107e-05,3.022e-05,2.107e-05,1.438e-05,9.637e-06,6.212e-06,4.266e-06,2.614e-06,1.753e-06,1.368e-06,1.277e-06,1.044e-06,1.054e-06,9.323e-07,1.145e-06,1.105e-06,9.323e-07,9.12e-07,9.83e-07,1.044e-06,1.125e-06,9.728e-07,9.526e-07,9.323e-07,9.728e-07,8.31e-07,7.499e-07,5.472e-07,4.56e-07,3.547e-07,4.256e-07,2.736e-07,2.939e-07
0.0007539,0.000783,0.0006448,0.0006351,0.0005275,0.0004579,0.0003857,0.0003346,0.000278,0.0002454,0.0002065,0.0001673,0.0001309,9.987e-05,7.681e-05,5.449e-05,4.005e-05,2.9e-05,2.016e-05,1.44e-05,9.698e-06,6.181e-06,4.175e-06,2.544e-06,1.875e-06,1.51e-06,1.125e-06,1.084e-06,1.044e-06,1.206e-06,1.034e-06,8.715e-07,1.165e-06,9.12e-07,8.512e-07,1.125e-06,1.044e-06,9.424e-07,7.6e-07,8.107e-07,7.6e-07,6.384e-07,6.08e-07,6.181e-07,4.763e-07,3.648e-07,2.736e-07,3.749e-07,2.331e-07
0.0007554,0.0007704,0.0006492,0.0006395,0.0005266,0.0004558,0.0003821,0.0003347,0.0002797,0.000248,0.0002082,0.0001677,0.0001326,0.0001016,7.558e-05,5.636e-05,4.123e-05,2.916e-05,2.017e-05,1.397e-05,9.809e-06,5.908e-06,4.398e-06,2.888e-06,2.067e-06,1.398e-06,1.246e-06,1.125e-06,9.424e-07,1.074e-06,1.196e-06,9.83e-07,1.034e-06,1.023e-06,1.054e-06,1.003e-06,9.627e-07,9.83e-07,7.904e-07,8.816e-07,9.12e-07,7.195e-07,7.904e-07,6.08e-07,5.979e-07,5.269e-07,3.344e-07,3.243e-07,3.141e-07
0.0007596,0.0007772,0.0006495,0.0006387,0.0005323,0.0004554,0.0003884,0.0003359,0.000282,0.0002461,0.0002101,0.0001675,0.0001311,0.000101,7.599e-05,5.609e-05,3.991e-05,2.816e-05,2.051e-05,1.426e-05,9.515e-06,6.344e-06,4.428e-06,3.01e-06,1.885e-06,1.449e-06,1.064e-06,1.145e-06,1.013e-06,1.013e-06,1.013e-06,1.094e-06,1.155e-06,9.83e-07,9.931e-07,1.064e-06,1.226e-06,9.526e-07,1.064e-06,9.424e-07,7.195e-07,6.789e-07,6.587e-07,5.675e-07,4.864e-07,4.155e-07,4.459e-07,2.939e-07,2.837e-07
0.0007547,0.000769,0.0006436,0.0006363,0.0005283,0.0004528,0.000387,0.0003352,0.0002793,0.0002495,0.0002087,0.0001669,0.0001324,0.0001012,7.381e-05,5.425e-05,3.97e-05,2.841e-05,2.058e-05,1.442e-05,1.017e-05,5.908e-06,3.912e-06,2.756e-06,1.885e-06,1.358e-06,1.064e-06,1.226e-06,9.931e-07,1.074e-06,1.034e-06,9.323e-07,1.074e-06,9.931e-07,8.918e-07,1.074e-06,1.003e-06,9.222e-07,7.397e-07,9.323e-07,8.005e-07,6.891e-07,7.195e-07,6.283e-07,4.357e-07,4.864e-07,4.053e-07,2.635e-07,2.128e-07
0.0007608,0.0007838,0.0006563,0.0006327,0.0005263,0.0004605,0.0003881,0.000341,0.0002858,0.0002495,0.0002104,0.000169,0.0001324,0.0001019,7.592e-05,5.791e-05,4.083e-05,2.897e-05,2.095e-05,1.459e-05,1.005e-05,6.668e-06,4.286e-06,3.121e-06,1.895e-06,1.338e-06,1.267e-06,1.165e-06,1.165e-06,8.715e-07,1.054e-06,8.107e-07,1.196e-06,9.83e-07,1.175e-06,9.83e-07,9.728e-07,9.728e-07,9.526e-07,8.816e-07,8.512e-07,7.803e-07,7.195e-07,6.891e-07,6.08e-07,4.459e-07,3.952e-07,3.648e-07,1.824e-07
0.0007653,0.0007807,0.0006514,0.0006407,0.0005303,0.0004552,0.0003856,0.0003368,0.000287,0.0002499,0.0002115,0.0001712,0.0001361,0.0001023,7.726e-05,5.693e-05,4.097e-05,2.988e-05,2.022e-05,1.466e-05,1.002e-05,7.053e-06,4.945e-06,2.979e-06,1.996e-06,1.733e-06,1.378e-06,1.186e-06,1.165e-06,9.931e-07,1.064e-06,1.074e-06,1.074e-06,9.931e-07,1.094e-06,1.023e-06,9.931e-07,1.074e-06,9.931e-07,9.12e-07,9.323e-07,8.614e-07,6.789e-07,6.485e-07,6.283e-07,5.067e-07,3.648e-07,2.837e-07,3.547e-07
0.0007626,0.0007825,0.0006494,0.0006366,0.0005331,0.0004586,0.0003863,0.0003382,0.0002841,0.0002508,0.0002117,0.0001684,0.0001349,0.0001008,7.816e-05,5.641e-05,4.046e-05,2.98e-05,2.123e-05,1.538e-05,1.004e-05,6.708e-06,4.489e-06,3e-06,1.763e-06,1.439e-06,1.186e-06,8.918e-07,1.135e-06,1.074e-06,1.074e-06,9.83e-07,1.226e-06,1.175e-06,1.013e-06,8.614e-07,9.931e-07,9.019e-07,1.054e-06,7.296e-07,7.296e-07,7.904e-07,6.688e-07,4.459e-07,5.877e-07,3.851e-07,3.547e-07,3.04e-07,2.837e-07
0.000752,0.0007755,0.000655,0.000639,0.000529,0.000457,0.0003837,0.0003359,0.0002835,0.0002473,0.0002116,0.0001685,0.0001317,9.959e-05,7.503e-05,5.505e-05,4.066e-05,2.862e-05,2.013e-05,1.446e-05,1.041e-05,6.637e-06,4.205e-06,2.959e-06,1.946e-06,1.388e-06,1.409e-06,1.155e-06,1.023e-06,8.918e-07,1.064e-06,9.83e-07,1.165e-06,1.084e-06,1.023e-06,7.397e-07,9.526e-07,9.019e-07,9.12e-07,1.003e-06,7.701e-07,7.904e-07,7.195e-07,6.587e-07,6.181e-07,4.56e-07,4.155e-07,2.939e-07,3.141e-07
0.0007456,0.0007764,0.0006464,0.0006313,0.0005277,0.0004571,0.0003871,0.0003357,0.00028,0.0002451,0.0002099,0.0001657,0.0001309,0.0001004,7.477e-05,5.481e-05,3.944e-05,2.961e-05,2.073e-05,1.327e-05,9.941e-06,6.759e-06,4.297e-06,2.716e-06,1.611e-06,1.55e-06,1.145e-06,1.023e-06,1.125e-06,1.105e-06,1.145e-06,1.145e-06,1.094e-06,1.094e-06,9.222e-07,1.105e-06,1.135e-06,8.715e-07,9.222e-07,8.715e-07,6.789e-07,8.411e-07,7.701e-07,4.864e-07,5.573e-07,3.952e-07,4.256e-07,2.736e-07,2.837e-07
0.0007536,0.000769,0.0006485,0.000632,0.0005306,0.0004531,0.0003848,0.0003361,0.0002792,0.0002475,0.0002066,0.0001671,0.0001312,9.913e-05,7.439e-05,5.574e-05,3.886e-05,2.831e-05,1.978e-05,1.364e-05,1.013e-05,6.445e-06,4.449e-06,2.554e-06,1.571e-06,1.591e-06,1.003e-06,1.074e-06,1.186e-06,1.064e-06,8.411e-07,9.83e-07,1.013e-06,1.064e-06,1.023e-06,1.115e-06,1.105e-06,9.83e-07,9.627e-07,9.424e-07,8.918e-07,6.891e-07,6.283e-07,5.979e-07,5.067e-07,5.371e-07,3.648e-07,2.432e-07,2.432e-07
0.0007655,0.0007773,0.0006536,0.0006328,0.0005292,0.0004558,0.000386,0.0003367,0.0002818,0.0002512,0.0002112,0.0001682,0.000134,0.0001005,7.613e-05,5.64e-05,4.227e-05,3.054e-05,2.078e-05,1.494e-05,1.016e-05,6.425e-06,4.479e-06,3.081e-06,1.885e-06,1.449e-06,1.084e-06,8.918e-07,1.186e-06,1.064e-06,9.931e-07,1.054e-06,1.105e-06,1.023e-06,9.931e-07,1.206e-06,9.12e-07,1.054e-06,1.003e-06,9.12e-07,9.12e-07,7.803e-07,7.195e-07,4.56e-07,5.776e-07,4.763e-07,4.053e-07,3.648e-07,1.723e-07
0.0007579,0.0007761,0.0006523,0.000634,0.0005304,0.0004587,0.000385,0.0003342,0.0002815,0.000246,0.0002079,0.0001708,0.0001338,0.000101,7.589e-05,5.534e-05,3.931e-05,2.924e-05,2.094e-05,1.495e-05,9.515e-06,6.759e-06,4.347e-06,2.868e-06,1.723e-06,1.469e-06,1.196e-06,1.115e-06,1.074e-06,8.918e-07,1.044e-06,1.084e-06,1.064e-06,1.084e-06,1.054e-06,1.074e-06,9.12e-07,1.023e-06,8.411e-07,8.715e-07,8.614e-07,5.979e-07,7.499e-07,5.979e-07,5.067e-07,5.675e-07,4.56e-07,3.547e-07,3.547e-07
0.000768,0.0007857,0.000654,0.0006375,0.0005332,0.0004576,0.0003872,0.0003365,0.0002821,0.0002515,0.000211,0.0001684,0.0001341,0.0001018,7.743e-05,5.485e-05,3.977e-05,2.928e-05,2.083e-05,1.486e-05,1.016e-05,6.637e-06,4.297e-06,2.746e-06,1.976e-06,1.611e-06,1.257e-06,1.013e-06,1.054e-06,8.411e-07,1.094e-06,8.715e-07,1.165e-06,9.83e-07,1.023e-06,1.054e-06,1.023e-06,1.003e-06,9.019e-07,8.107e-07,9.323e-07,7.397e-07,7.093e-07,5.573e-07,4.661e-07,4.155e-07,3.952e-07,2.837e-07,2.229e-07
0.0007569,0.0007737,0.000648,0.0006391,0.0005305,0.0004585,0.0003874,0.0003366,0.0002806,0.000245,0.0002095,0.0001687,0.0001329,0.0001002,7.615e-05,5.458e-05,3.972e-05,2.965e-05,2.023e-05,1.436e-05,1.021e-05,6.475e-06,4.286e-06,2.675e-06,1.925e-06,1.459e-06,1.267e-06,1.125e-06,9.323e-07,9.627e-07,9.728e-07,1.074e-06,9.323e-07,1.044e-06,9.931e-07,1.135e-06,1.054e-06,8.107e-07,7.803e-07,8.816e-07,8.31e-07,7.397e-07,6.485e-07,5.877e-07,5.269e-07,3.648e-07,4.155e-07,2.635e-07,2.128e-07
0.0007619,0.0007788,0.0006509,0.0006392,0.0005274,0.0004584,0.0003827,0.000335,0.0002831,0.0002508,0.0002099,0.000168,0.0001325,9.98e-05,7.703e-05,5.469e-05,3.965e-05,2.952e-05,1.979e-05,1.555e-05,9.688e-06,6.384e-06,4.236e-06,2.888e-06,1.925e-06,1.338e-06,1.023e-06,1.287e-06,1.216e-06,1.023e-06,9.424e-07,1.054e-06,9.222e-07,7.803e-07,9.931e-07,1.064e-06,1.054e-06,9.323e-07,9.222e-07,9.526e-07,7.195e-07,7.6e-07,5.472e-07,6.891e-07,4.661e-07,4.763e-07,2.331e-07,3.952e-07,2.635e-07
0.0007507,0.0007749,0.0006414,0.0006354,0.0005267,0.0004516,0.0003815,0.0003354,0.0002796,0.0002469,0.0002076,0.0001667,0.0001319,0.0001008,7.485e-05,5.538e-05,3.971e-05,2.842e-05,1.94e-05,1.391e-05,9.87e-06,6.354e-06,4.205e-06,2.908e-06,1.996e-06,1.469e-06,1.439e-06,1.105e-06,9.931e-07,9.12e-07,1.054e-06,1.013e-06,7.701e-07,1.034e-06,9.627e-07,9.83e-07,8.918e-07,1.064e-06,8.715e-07,9.12e-07,8.005e-07,6.283e-07,7.195e-07,7.093e-07,5.168e-07,3.952e-07,4.864e-07,3.243e-07,2.635e-07
0.0007712,0.0007852,0.000657,0.0006411,0.0005313,0.0004602,0.0003892,0.000339,0.0002864,0.0002516,0.0002137,0.0001731,0.0001375,0.0001026,7.6e-05,5.765e-05,4.27e-05,2.927e-05,2.176e-05,1.508e-05,1.109e-05,6.668e-06,4.398e-06,3.121e-06,2.412e-06,1.479e-06,1.125e-06,1.145e-06,1.013e-06,1.074e-06,1.175e-06,1.115e-06,1.115e-06,1.064e-06,1.023e-06,1.115e-06,1.327e-06,8.614e-07,9.627e-07,7.6e-07,8.614e-07,8.512e-07,6.283e-07,5.979e-07,4.864e-07,5.067e-07,2.432e-07,3.547e-07,2.635e-07
0.0007649,0.0007835,0.0006508,0.0006381,0.0005343,0.0004578,0.0003879,0.0003363,0.0002869,0.0002473,0.0002107,0.0001693,0.0001325,0.0001008,7.731e-05,5.745e-05,4.057e-05,3.064e-05,2.061e-05,1.463e-05,1e-05,6.8e-06,4.134e-06,2.837e-06,1.753e-06,1.591e-06,1.327e-06,1.246e-06,1.145e-06,1.317e-06,1.054e-06,9.83e-07,1.084e-06,1.023e-06,8.31e-07,1.013e-06,1.135e-06,9.222e-07,9.83e-07,8.005e-07,9.12e-07,7.6e-07,6.992e-07,7.093e-07,4.155e-07,6.688e-07,3.445e-07,4.459e-07,2.027e-07
0.0007712,0.0007847,0.0006548,0.0006389,0.000532,0.0004616,0.000389,0.0003361,0.0002851,0.0002513,0.0002115,0.0001718,0.0001357,0.0001028,7.742e-05,5.7e-05,4.16e-05,2.945e-05,2.141e-05,1.555e-05,9.89e-06,6.678e-06,4.398e-06,3.02e-06,1.966e-06,1.368e-06,1.236e-06,1.388e-06,9.222e-07,9.424e-07,1.125e-06,1.013e-06,1.105e-06,1.196e-06,1.044e-06,8.614e-07,1.135e-06,1.125e-06,9.019e-07,8.715e-07,7.701e-07,8.512e-07,6.891e-07,5.371e-07,5.472e-07,5.776e-07,4.357e-07,4.763e-07,2.128e-07
0.0007615,0.0007862,0.0006565,0.0006407,0.0005313,0.0004578,0.0003847,0.0003399,0.0002827,0.0002487,0.0002106,0.0001692,0.0001348,0.0001034,7.849e-05,5.728e-05,4.101e-05,2.966e-05,2.043e-05,1.45e-05,9.708e-06,7.256e-06,4.205e-06,2.939e-06,2.027e-06,1.378e-06,1.317e-06,1.236e-06,1.084e-06,1.196e-06,9.728e-07,1.196e-06,1.145e-06,1.084e-06,1.267e-06,1.074e-06,1.135e-06,1.125e-06,9.12e-07,9.627e-07,1.013e-06,7.093e-07,6.181e-07,6.587e-07,4.56e-07,3.851e-07,5.067e-07,2.939e-07,3.04e-07
0.0007596,0.0007792,0.0006503,0.000641,0.0005263,0.0004546,0.0003877,0.0003401,0.0002841,0.0002501,0.0002071,0.0001699,0.0001327,0.0001,7.639e-05,5.631e-05,4.03e-05,2.944e-05,2.096e-05,1.394e-05,9.576e-06,6.85e-06,3.912e-06,2.989e-06,1.986e-06,1.175e-06,1.196e-06,1.135e-06,1.074e-06,1.064e-06,9.931e-07,1.034e-06,8.411e-07,1.216e-06,1.094e-06,1.044e-06,8.614e-07,1.013e-06,1.054e-06,8.918e-07,7.803e-07,8.816e-07,7.803e-07,5.269e-07,5.979e-07,5.675e-07,4.155e-07,3.547e-07,3.141e-07
0.0007644,0.0007873,0.0006602,0.000641,0.0005343,0.0004598,0.0003882,0.0003385,0.0002836,0.0002514,0.000211,0.0001704,0.0001356,0.0001016,7.72e-05,5.678e-05,4.17e-05,2.961e-05,2.168e-05,1.528e-05,1.064e-05,6.364e-06,4.134e-06,2.817e-06,2.179e-06,1.601e-06,1.378e-06,1.186e-06,1.155e-06,1.155e-06,8.918e-07,1.115e-06,1.013e-06,9.12e-07,1.125e-06,1.165e-06,1.054e-06,7.499e-07,1.044e-06,8.31e-07,8.411e-07,6.891e-07,6.181e-07,5.067e-07,4.763e-07,4.155e-07,2.939e-07,3.445e-07,2.128e-07
0.0007634,0.000777,0.0006529,0.0006386,0.0005349,0.0004629,0.0003833,0.0003365,0.0002854,0.0002516,0.000215,0.0001722,0.0001327,0.0001017,7.743e-05,5.721e-05,4.149e-05,2.917e-05,2.129e-05,1.443e-05,1.023e-05,6.607e-06,4.307e-06,2.939e-06,2.169e-06,1.297e-06,1.419e-06,8.816e-07,1.246e-06,1.165e-06,1.125e-06,1.084e-06,1.003e-06,1.013e-06,1.054e-06,9.12e-07,1.155e-06,9.222e-07,9.019e-07,9.12e-07,9.526e-07,6.384e-07,6.789e-07,6.789e-07,5.269e-07,3.952e-07,3.547e-07,3.547e-07,3.04e-07
0.0007506,0.0007713,0.0006469,0.0006376,0.0005229,0.0004563,0.0003844,0.0003337,0.0002795,0.0002446,0.0002059,0.0001673,0.0001307,9.99e-05,7.523e-05,5.609e-05,3.965e-05,2.854e-05,2.012e-05,1.375e-05,9.982e-06,6.131e-06,4.124e-06,2.493e-06,1.854e-06,1.419e-06,1.236e-06,1.186e-06,1.003e-06,9.728e-07,9.424e-07,9.627e-07,9.728e-07,1.034e-06,8.816e-07,9.222e-07,1.003e-06,1.094e-06,7.499e-07,8.816e-07,8.715e-07,7.904e-07,5.877e-07,5.979e-07,4.56e-07,3.141e-07,4.053e-07,2.736e-07,2.736e-07
0.0007541,0.0007773,0.0006551,0.0006368,0.0005325,0.0004585,0.000389,0.000336,0.0002824,0.0002481,0.0002083,0.0001712,0.0001358,0.0001023,7.53e-05,5.758e-05,4.017e-05,3.025e-05,2.081e-05,1.484e-05,9.688e-06,6.384e-06,4.479e-06,3.172e-06,1.865e-06,1.449e-06,1.084e-06,1.165e-06,9.728e-07,1.257e-06,1.135e-06,1.044e-06,1.175e-06,9.019e-07,9.728e-07,1.196e-06,9.83e-07,9.728e-07,7.093e-07,9.83e-07,7.6e-07,7.397e-07,6.08e-07,4.763e-07,4.155e-07,4.965e-07,5.776e-07,4.357e-07,2.837e-07
0.000761,0.0007783,0.000653,0.0006365,0.0005309,0.0004546,0.0003808,0.0003343,0.0002797,0.000249,0.0002123,0.0001691,0.0001318,9.898e-05,7.536e-05,5.639e-05,3.997e-05,2.976e-05,2.096e-05,1.45e-05,9.87e-06,6.222e-06,4.368e-06,2.807e-06,2.371e-06,1.257e-06,1.135e-06,1.216e-06,1.186e-06,9.526e-07,1.125e-06,1.044e-06,1.084e-06,1.074e-06,9.728e-07,1.074e-06,1.226e-06,9.222e-07,8.208e-07,9.019e-07,9.323e-07,7.803e-07,5.472e-07,5.675e-07,5.168e-07,4.155e-07,4.053e-07,2.939e-07,3.445e-07
0.0007646,0.0007837,0.0006536,0.0006411,0.0005296,0.0004556,0.0003876,0.0003373,0.0002837,0.0002498,0.000211,0.0001701,0.000133,0.0001029,7.855e-05,5.61e-05,4.112e-05,3.135e-05,2.18e-05,1.5e-05,9.819e-06,6.475e-06,4.327e-06,2.949e-06,1.946e-06,1.317e-06,1.206e-06,1.226e-06,1.196e-06,1.105e-06,1.074e-06,1.084e-06,9.222e-07,1.023e-06,9.526e-07,1.013e-06,1.125e-06,9.931e-07,1.064e-06,8.512e-07,8.614e-07,8.512e-07,6.992e-07,6.283e-07,5.168e-07,4.661e-07,4.256e-07,3.141e-07,2.635e-07
0,0,0,0,0,0,0,0,0,0,0,0,0,0,0,0,0,0,0,0,0,0,0,0,0,0,0,0,0,0,0,0,0,0,0,0,0,0,0,0,0,0,0,0,0,0,0,0,0
