  z   OmegaM  h
0.1753 0.3071 0.678
Mass_Bins    dn/dlnM ... 
Here follow 4 mass functions, one for each quartile of the parameter Xoff
1st quartile
bin0,bin1,bin2,bin3,bin4,bin5,bin6,bin7,bin8,bin9,bin10,bin11,bin12,bin13,bin14,bin15,bin16,bin17,bin18,bin19,bin20,bin21,bin22,bin23,bin24,bin25,bin26,bin27,bin28,bin29,bin30,bin31,bin32,bin33,bin34,bin35,bin36,bin37,bin38,bin39,bin40,bin41,bin42,bin43,bin44,bin45,bin46,bin47,bin48
1.326e+12,1.465e+12,1.614e+12,1.778e+12,1.965e+12,2.166e+12,2.39e+12,2.64e+12,2.916e+12,3.222e+12,3.557e+12,3.921e+12,4.325e+12,4.773e+12,5.266e+12,5.815e+12,6.417e+12,7.081e+12,7.813e+12,8.625e+12,9.524e+12,1.051e+13,1.16e+13,1.28e+13,1.413e+13,1.559e+13,1.721e+13,1.898e+13,2.096e+13,2.313e+13,2.554e+13,2.818e+13,3.109e+13,3.432e+13,3.788e+13,4.179e+13,4.614e+13,5.09e+13,5.623e+13,6.202e+13,6.847e+13,7.562e+13,8.337e+13,9.188e+13,1.015e+14,1.122e+14,1.238e+14,1.366e+14,1.507e+14
0.0001014,0.0001221,0.0001222,0.0001459,0.0001509,0.0001658,0.000174,0.0001915,0.0001994,0.0002222,0.0002406,0.0002513,0.0002558,0.0002563,0.0002556,0.0002502,0.0002468,0.0002448,0.0002371,0.0002314,0.00023,0.0002209,0.0002147,0.0002122,0.0002015,0.0001956,0.000184,0.0001757,0.0001691,0.0001572,0.0001464,0.0001346,0.0001241,0.0001129,0.0001016,8.95e-05,7.885e-05,7.098e-05,6.181e-05,5.584e-05,4.804e-05,4.231e-05,3.701e-05,3.188e-05,2.752e-05,2.336e-05,2.066e-05,1.76e-05,1.466e-05
0.0001092,0.0001316,0.0001271,0.0001559,0.0001595,0.0001677,0.0001825,0.0001969,0.0002048,0.0002256,0.0002447,0.0002535,0.0002583,0.0002561,0.0002572,0.0002518,0.0002462,0.0002465,0.0002377,0.0002303,0.000227,0.0002186,0.0002119,0.0002069,0.0002035,0.0001942,0.0001856,0.000177,0.0001672,0.0001576,0.0001466,0.0001342,0.0001248,0.0001146,0.0001,8.805e-05,7.88e-05,7.244e-05,6.217e-05,5.48e-05,4.88e-05,4.152e-05,3.612e-05,3.088e-05,2.743e-05,2.461e-05,2.046e-05,1.689e-05,1.492e-05
0.0001092,0.0001304,0.0001303,0.000155,0.0001579,0.0001722,0.0001819,0.0001997,0.0002062,0.0002251,0.0002479,0.0002544,0.0002598,0.0002577,0.0002537,0.0002545,0.0002466,0.0002441,0.0002398,0.0002322,0.0002311,0.0002192,0.0002149,0.0002106,0.0002011,0.0001945,0.000183,0.000174,0.000171,0.0001602,0.0001469,0.0001366,0.0001237,0.0001116,0.0001002,9.156e-05,7.921e-05,7.02e-05,6.279e-05,5.602e-05,4.82e-05,4.202e-05,3.681e-05,3.284e-05,2.773e-05,2.421e-05,2.077e-05,1.695e-05,1.439e-05
0.0001079,0.0001286,0.0001255,0.0001514,0.0001565,0.0001675,0.0001779,0.0001947,0.0002018,0.0002231,0.0002461,0.0002531,0.0002574,0.0002552,0.0002519,0.0002487,0.000246,0.0002485,0.0002363,0.0002323,0.00023,0.0002194,0.0002137,0.0002094,0.0002033,0.0001922,0.0001874,0.0001775,0.0001667,0.0001599,0.0001492,0.0001358,0.0001218,0.0001112,0.0001019,9.146e-05,8.077e-05,7.165e-05,6.178e-05,5.498e-05,4.936e-05,4.291e-05,3.56e-05,3.16e-05,2.795e-05,2.421e-05,1.962e-05,1.688e-05,1.482e-05
0.0001054,0.0001243,0.0001231,0.0001489,0.0001545,0.0001675,0.0001775,0.0001927,0.0002001,0.0002244,0.0002414,0.00025,0.0002538,0.0002565,0.0002565,0.0002533,0.0002498,0.0002426,0.0002369,0.0002327,0.0002289,0.0002215,0.000216,0.000209,0.0002047,0.0001944,0.0001846,0.0001768,0.0001672,0.000157,0.0001474,0.0001381,0.000125,0.0001159,0.0001004,9.082e-05,7.954e-05,7.036e-05,6.296e-05,5.633e-05,4.828e-05,4.217e-05,3.587e-05,3.203e-05,2.693e-05,2.393e-05,2.063e-05,1.693e-05,1.43e-05
0.0001005,0.0001189,0.0001205,0.0001434,0.00015,0.0001585,0.0001749,0.0001882,0.0001971,0.0002181,0.000238,0.0002459,0.0002512,0.0002535,0.000253,0.0002524,0.0002476,0.0002456,0.0002337,0.0002324,0.0002299,0.0002217,0.0002136,0.0002088,0.0002008,0.0001949,0.0001849,0.0001782,0.0001679,0.0001612,0.0001484,0.0001352,0.0001254,0.0001127,0.0001019,9.055e-05,7.98e-05,7.138e-05,6.234e-05,5.488e-05,4.79e-05,4.271e-05,3.629e-05,3.262e-05,2.781e-05,2.362e-05,2.099e-05,1.662e-05,1.46e-05
0.0001083,0.0001278,0.0001266,0.0001507,0.0001569,0.0001681,0.0001794,0.0001966,0.0002019,0.0002247,0.0002465,0.0002525,0.0002582,0.0002609,0.0002562,0.0002533,0.0002473,0.000244,0.0002365,0.0002325,0.0002262,0.0002224,0.0002126,0.00021,0.000202,0.0001958,0.0001866,0.0001789,0.0001669,0.0001549,0.0001476,0.0001355,0.0001234,0.0001129,0.0001005,9.004e-05,8.104e-05,7.002e-05,6.176e-05,5.475e-05,4.906e-05,4.341e-05,3.674e-05,3.156e-05,2.773e-05,2.359e-05,2.102e-05,1.749e-05,1.414e-05
0.0001037,0.0001223,0.0001209,0.0001469,0.0001522,0.0001625,0.0001756,0.0001908,0.0001983,0.0002189,0.0002434,0.0002507,0.0002533,0.0002559,0.0002549,0.0002522,0.0002419,0.0002462,0.0002391,0.0002316,0.0002303,0.0002192,0.0002143,0.0002087,0.0002008,0.0001946,0.0001852,0.0001774,0.0001661,0.0001589,0.0001476,0.000137,0.0001246,0.0001135,0.0001007,8.907e-05,8.001e-05,7.127e-05,6.223e-05,5.527e-05,4.831e-05,4.256e-05,3.7e-05,3.175e-05,2.707e-05,2.335e-05,2.038e-05,1.694e-05,1.475e-05
9.955e-05,0.0001184,0.0001166,0.0001435,0.0001454,0.0001604,0.0001718,0.0001861,0.0001955,0.0002171,0.0002362,0.0002485,0.0002493,0.0002534,0.0002536,0.000249,0.0002447,0.0002425,0.0002367,0.0002341,0.0002275,0.0002192,0.0002167,0.0002108,0.0002053,0.0001959,0.0001862,0.0001755,0.0001661,0.0001572,0.0001481,0.000135,0.0001252,0.0001112,0.0001016,8.995e-05,7.962e-05,7.164e-05,6.306e-05,5.634e-05,4.793e-05,4.268e-05,3.628e-05,3.248e-05,2.764e-05,2.486e-05,2.117e-05,1.688e-05,1.425e-05
0.0001063,0.0001267,0.0001259,0.0001513,0.0001564,0.0001694,0.0001788,0.0001927,0.0002016,0.0002235,0.0002413,0.000249,0.0002573,0.0002536,0.0002551,0.0002515,0.0002456,0.0002434,0.0002382,0.0002321,0.0002275,0.0002232,0.0002147,0.0002071,0.0001968,0.0001967,0.000186,0.0001762,0.0001692,0.0001597,0.0001489,0.0001386,0.0001249,0.0001122,0.0001013,9.083e-05,8.107e-05,6.968e-05,6.235e-05,5.563e-05,4.763e-05,4.294e-05,3.651e-05,3.271e-05,2.765e-05,2.422e-05,2.095e-05,1.689e-05,1.456e-05
9.933e-05,0.0001206,0.000117,0.0001432,0.0001462,0.0001598,0.0001711,0.0001842,0.0001969,0.0002163,0.0002344,0.0002477,0.0002533,0.0002549,0.0002532,0.0002523,0.0002444,0.0002405,0.0002353,0.0002342,0.0002279,0.0002201,0.0002123,0.00021,0.0002018,0.0001951,0.0001863,0.0001784,0.0001643,0.0001581,0.0001484,0.0001358,0.0001249,0.000113,0.0001011,8.912e-05,8.159e-05,7.179e-05,6.253e-05,5.487e-05,4.83e-05,4.255e-05,3.784e-05,3.193e-05,2.832e-05,2.42e-05,2.049e-05,1.697e-05,1.427e-05
0.0001057,0.0001253,0.0001242,0.0001485,0.0001556,0.0001669,0.00018,0.0001963,0.000203,0.0002236,0.0002441,0.0002506,0.0002551,0.0002574,0.0002567,0.0002538,0.0002435,0.0002455,0.0002348,0.0002336,0.0002298,0.0002193,0.0002156,0.0002082,0.0002021,0.0001973,0.0001857,0.0001779,0.0001706,0.0001606,0.0001458,0.0001356,0.0001243,0.0001118,0.0001031,9.024e-05,7.92e-05,7.036e-05,6.257e-05,5.449e-05,4.814e-05,4.243e-05,3.561e-05,3.223e-05,2.667e-05,2.436e-05,2.094e-05,1.732e-05,1.486e-05
0.0001096,0.0001304,0.0001297,0.0001529,0.0001592,0.0001722,0.0001806,0.0001975,0.0002036,0.0002237,0.0002444,0.000254,0.0002595,0.0002605,0.000258,0.0002496,0.0002471,0.0002451,0.0002361,0.0002327,0.0002287,0.000224,0.0002124,0.0002092,0.0002008,0.0001934,0.000186,0.0001772,0.0001686,0.0001599,0.0001469,0.0001358,0.0001275,0.0001132,0.0001007,9.021e-05,7.822e-05,7.219e-05,6.147e-05,5.485e-05,4.92e-05,4.233e-05,3.697e-05,3.029e-05,2.743e-05,2.289e-05,2.094e-05,1.742e-05,1.476e-05
9.485e-05,0.0001157,0.0001171,0.0001374,0.0001467,0.000157,0.0001682,0.0001835,0.0001925,0.0002115,0.0002345,0.0002404,0.000252,0.0002501,0.0002519,0.0002506,0.0002447,0.0002417,0.0002344,0.0002308,0.0002284,0.0002189,0.0002136,0.0002093,0.0002029,0.0001951,0.0001842,0.0001784,0.0001681,0.0001586,0.0001477,0.0001342,0.0001241,0.0001125,0.0001008,8.968e-05,8.1e-05,7.283e-05,6.117e-05,5.536e-05,4.873e-05,4.195e-05,3.712e-05,3.278e-05,2.74e-05,2.433e-05,2.001e-05,1.804e-05,1.514e-05
0.0001068,0.0001268,0.0001264,0.0001498,0.0001541,0.0001691,0.0001794,0.0001943,0.0002007,0.0002205,0.0002447,0.0002509,0.0002558,0.0002537,0.0002579,0.0002516,0.0002448,0.0002457,0.0002342,0.0002338,0.0002291,0.0002185,0.0002152,0.0002087,0.0002024,0.0001949,0.0001839,0.0001798,0.0001672,0.0001574,0.0001465,0.0001368,0.0001248,0.000113,0.0001025,8.926e-05,7.967e-05,7.231e-05,6.282e-05,5.505e-05,4.745e-05,4.267e-05,3.71e-05,3.107e-05,2.801e-05,2.336e-05,2.046e-05,1.721e-05,1.355e-05
0.0001081,0.0001264,0.0001263,0.0001525,0.0001537,0.000171,0.0001805,0.0001958,0.0002011,0.0002232,0.0002433,0.0002541,0.0002594,0.0002587,0.0002571,0.0002526,0.0002462,0.0002454,0.0002342,0.0002355,0.0002263,0.0002216,0.0002169,0.0002121,0.0002003,0.0001961,0.0001846,0.000178,0.0001675,0.0001562,0.000148,0.0001349,0.0001241,0.0001134,9.996e-05,9.059e-05,7.988e-05,7.201e-05,6.24e-05,5.36e-05,4.76e-05,4.267e-05,3.613e-05,3.247e-05,2.824e-05,2.429e-05,2.091e-05,1.684e-05,1.51e-05
0.0001031,0.000121,0.0001228,0.0001481,0.0001526,0.0001637,0.0001759,0.0001915,0.0001998,0.0002202,0.0002423,0.0002519,0.0002541,0.0002527,0.0002555,0.0002518,0.0002459,0.0002431,0.0002368,0.0002334,0.0002291,0.0002215,0.0002139,0.0002071,0.0002,0.0001959,0.0001853,0.0001757,0.000169,0.0001597,0.0001478,0.0001364,0.0001252,0.0001129,0.0001011,8.839e-05,7.998e-05,7.283e-05,6.422e-05,5.49e-05,4.685e-05,4.281e-05,3.618e-05,3.179e-05,2.793e-05,2.398e-05,1.993e-05,1.811e-05,1.478e-05
9.844e-05,0.0001224,0.0001181,0.0001448,0.0001486,0.0001595,0.0001731,0.0001898,0.0001975,0.0002186,0.0002365,0.0002505,0.0002553,0.0002528,0.0002539,0.0002491,0.0002444,0.0002428,0.0002378,0.0002349,0.0002315,0.0002217,0.0002154,0.0002077,0.0002005,0.0001961,0.0001848,0.0001755,0.0001673,0.0001588,0.0001482,0.0001362,0.0001231,0.0001131,0.000101,8.978e-05,8.188e-05,7.363e-05,6.27e-05,5.632e-05,5.075e-05,4.22e-05,3.699e-05,3.21e-05,2.865e-05,2.317e-05,2.023e-05,1.711e-05,1.42e-05
0.000102,0.0001209,0.0001198,0.0001469,0.0001515,0.0001622,0.000174,0.0001913,0.0001959,0.0002194,0.0002392,0.0002495,0.0002544,0.0002559,0.0002528,0.0002508,0.0002463,0.0002434,0.0002385,0.0002325,0.0002281,0.0002209,0.0002149,0.0002093,0.0002012,0.0001967,0.000188,0.0001766,0.0001684,0.0001585,0.0001471,0.000137,0.0001241,0.0001133,0.0001002,9.092e-05,7.797e-05,7.172e-05,6.265e-05,5.527e-05,4.825e-05,4.245e-05,3.669e-05,3.204e-05,2.812e-05,2.407e-05,2.034e-05,1.703e-05,1.455e-05
0.0001067,0.0001226,0.0001223,0.0001462,0.0001531,0.0001663,0.0001755,0.0001936,0.000199,0.0002197,0.0002407,0.0002489,0.0002535,0.0002548,0.000255,0.0002534,0.0002485,0.0002423,0.0002382,0.0002348,0.0002295,0.000219,0.0002114,0.000209,0.0002032,0.0001942,0.0001831,0.0001776,0.0001676,0.0001561,0.000149,0.0001338,0.0001263,0.0001151,0.0001016,8.998e-05,8.079e-05,7.21e-05,6.333e-05,5.558e-05,4.815e-05,4.31e-05,3.75e-05,3.154e-05,2.804e-05,2.359e-05,2.047e-05,1.711e-05,1.452e-05
9.87e-05,0.0001209,0.0001196,0.0001433,0.000147,0.0001586,0.0001725,0.000186,0.0001972,0.0002178,0.0002365,0.0002466,0.0002553,0.0002539,0.0002531,0.0002517,0.0002447,0.0002463,0.0002403,0.0002312,0.0002302,0.000219,0.0002163,0.0002097,0.0002018,0.0001934,0.0001857,0.0001766,0.000168,0.0001582,0.0001475,0.0001362,0.000124,0.0001166,0.0001021,8.921e-05,8.077e-05,6.924e-05,6.29e-05,5.476e-05,4.754e-05,4.148e-05,3.778e-05,3.249e-05,2.821e-05,2.345e-05,2.013e-05,1.757e-05,1.523e-05
0.0001072,0.000124,0.0001268,0.000151,0.0001532,0.0001654,0.0001791,0.0001924,0.0002013,0.0002216,0.0002415,0.0002527,0.0002538,0.0002563,0.0002554,0.0002519,0.0002473,0.000246,0.0002394,0.0002328,0.0002305,0.000221,0.0002128,0.0002097,0.0002003,0.0001944,0.0001868,0.0001749,0.0001678,0.0001586,0.0001477,0.0001363,0.000125,0.0001107,0.0001001,8.942e-05,7.957e-05,7.018e-05,6.228e-05,5.452e-05,4.821e-05,4.233e-05,3.616e-05,3.247e-05,2.774e-05,2.423e-05,2.048e-05,1.685e-05,1.439e-05
0.000108,0.0001244,0.0001267,0.0001535,0.0001577,0.0001709,0.0001786,0.0001936,0.0002053,0.0002225,0.0002446,0.000253,0.0002578,0.0002563,0.0002541,0.0002512,0.0002439,0.0002426,0.0002377,0.0002309,0.00023,0.0002202,0.0002148,0.0002101,0.0001999,0.0001946,0.0001852,0.0001773,0.0001673,0.0001595,0.0001493,0.0001353,0.0001245,0.0001142,0.000101,8.973e-05,8.08e-05,7.215e-05,6.407e-05,5.424e-05,4.898e-05,4.262e-05,3.696e-05,3.129e-05,2.687e-05,2.394e-05,1.975e-05,1.688e-05,1.426e-05
0.0001054,0.0001259,0.0001239,0.0001504,0.0001534,0.0001687,0.0001791,0.0001932,0.0002025,0.0002232,0.000241,0.0002513,0.0002567,0.0002576,0.000255,0.0002528,0.0002452,0.0002445,0.000238,0.0002319,0.0002289,0.0002217,0.0002127,0.0002103,0.0002028,0.0001967,0.0001859,0.0001773,0.0001689,0.0001605,0.0001487,0.0001341,0.0001241,0.0001122,0.000102,9.129e-05,8.042e-05,7.257e-05,6.309e-05,5.505e-05,4.838e-05,4.188e-05,3.665e-05,3.157e-05,2.697e-05,2.361e-05,2.036e-05,1.652e-05,1.508e-05
0.0001031,0.0001244,0.0001206,0.0001465,0.0001516,0.0001671,0.0001753,0.0001901,0.000197,0.0002194,0.0002402,0.0002488,0.0002554,0.0002538,0.0002548,0.0002518,0.0002442,0.0002463,0.0002366,0.0002322,0.0002305,0.0002192,0.0002146,0.0002083,0.0002029,0.000195,0.0001861,0.0001795,0.0001673,0.0001601,0.0001468,0.0001367,0.0001259,0.0001131,0.0001026,9.006e-05,8.169e-05,6.984e-05,6.248e-05,5.469e-05,4.887e-05,4.191e-05,3.616e-05,3.242e-05,2.726e-05,2.408e-05,2.057e-05,1.793e-05,1.456e-05
0.0001017,0.0001191,0.0001201,0.0001429,0.0001494,0.0001631,0.000172,0.0001909,0.0001987,0.0002174,0.0002401,0.0002471,0.000257,0.0002504,0.0002524,0.0002514,0.0002431,0.0002459,0.0002362,0.0002337,0.0002269,0.0002188,0.0002136,0.0002087,0.0002003,0.0001949,0.000186,0.0001794,0.000168,0.0001573,0.0001477,0.0001353,0.0001249,0.0001129,0.0001014,9.071e-05,8.105e-05,7.188e-05,6.254e-05,5.379e-05,4.777e-05,4.216e-05,3.551e-05,3.162e-05,2.789e-05,2.405e-05,2.015e-05,1.755e-05,1.474e-05
9.822e-05,0.0001179,0.0001158,0.0001391,0.0001457,0.0001616,0.000167,0.0001871,0.000194,0.0002143,0.0002362,0.0002447,0.0002534,0.0002523,0.0002553,0.0002487,0.0002444,0.0002418,0.0002349,0.0002357,0.0002314,0.0002198,0.0002145,0.0002095,0.0002006,0.0001946,0.0001845,0.0001785,0.0001712,0.0001604,0.0001481,0.0001355,0.0001264,0.0001142,0.000103,9.117e-05,7.836e-05,7.223e-05,6.151e-05,5.496e-05,4.768e-05,4.264e-05,3.627e-05,3.205e-05,2.726e-05,2.394e-05,2.028e-05,1.785e-05,1.464e-05
0.0001051,0.0001236,0.0001271,0.0001498,0.0001554,0.0001681,0.0001769,0.0001938,0.0002016,0.0002238,0.0002445,0.0002501,0.0002553,0.0002545,0.0002558,0.0002507,0.0002463,0.0002449,0.0002355,0.0002333,0.0002318,0.0002234,0.0002103,0.0002072,0.0002004,0.0001928,0.0001842,0.0001749,0.0001673,0.0001594,0.000149,0.0001342,0.0001228,0.0001124,0.0001003,8.987e-05,7.908e-05,7.064e-05,6.194e-05,5.563e-05,4.674e-05,4.164e-05,3.689e-05,3.271e-05,2.66e-05,2.414e-05,2.174e-05,1.77e-05,1.496e-05
0.0001038,0.0001229,0.0001228,0.000148,0.0001535,0.0001651,0.0001772,0.000193,0.0001974,0.0002194,0.0002381,0.0002476,0.0002551,0.000252,0.0002549,0.000253,0.0002467,0.0002424,0.0002359,0.0002328,0.0002274,0.0002217,0.0002118,0.0002089,0.0002012,0.0001918,0.0001871,0.0001736,0.0001684,0.000159,0.0001473,0.0001343,0.0001249,0.0001123,9.992e-05,9.029e-05,8.039e-05,7.187e-05,6.277e-05,5.525e-05,4.789e-05,4.245e-05,3.791e-05,3.253e-05,2.797e-05,2.375e-05,2.04e-05,1.744e-05,1.517e-05
0.0001075,0.0001265,0.0001282,0.0001515,0.0001552,0.0001696,0.0001794,0.0001928,0.0002016,0.0002227,0.0002415,0.0002518,0.0002577,0.000256,0.0002558,0.0002553,0.0002463,0.0002458,0.0002372,0.000235,0.0002286,0.0002181,0.0002147,0.0002085,0.000202,0.0001948,0.0001867,0.000177,0.0001667,0.00016,0.0001487,0.0001361,0.0001246,0.000113,0.0001011,9.016e-05,8.129e-05,7.099e-05,6.381e-05,5.455e-05,4.713e-05,4.317e-05,3.684e-05,3.2e-05,2.776e-05,2.429e-05,2.09e-05,1.745e-05,1.421e-05
0.0001012,0.0001221,0.0001208,0.0001463,0.0001518,0.0001641,0.0001726,0.0001909,0.0001958,0.0002206,0.0002412,0.0002514,0.0002553,0.0002551,0.0002538,0.0002539,0.0002495,0.0002434,0.0002362,0.0002319,0.0002283,0.000224,0.0002173,0.0002089,0.0001998,0.0001944,0.000187,0.0001792,0.0001687,0.0001586,0.0001471,0.0001339,0.0001239,0.000116,9.925e-05,8.979e-05,7.909e-05,7.103e-05,6.319e-05,5.535e-05,4.738e-05,4.383e-05,3.581e-05,3.112e-05,2.807e-05,2.351e-05,2.096e-05,1.699e-05,1.447e-05
0.0001046,0.0001236,0.0001237,0.0001492,0.000156,0.0001659,0.0001768,0.0001915,0.0001976,0.0002217,0.000242,0.0002483,0.000254,0.0002567,0.0002536,0.0002533,0.000245,0.0002439,0.0002384,0.0002339,0.0002298,0.000221,0.0002124,0.0002114,0.0002051,0.0001945,0.0001846,0.0001761,0.0001684,0.0001591,0.0001491,0.0001354,0.0001246,0.0001106,0.0001002,9.001e-05,7.91e-05,7.046e-05,6.293e-05,5.559e-05,4.81e-05,4.146e-05,3.643e-05,3.318e-05,2.762e-05,2.413e-05,2.001e-05,1.699e-05,1.431e-05
0.0001,0.0001177,0.0001169,0.0001411,0.0001487,0.0001591,0.0001701,0.0001868,0.0001966,0.0002156,0.0002347,0.0002451,0.0002556,0.0002521,0.0002516,0.0002505,0.0002447,0.0002444,0.0002365,0.0002342,0.0002305,0.0002202,0.0002168,0.0002066,0.0002013,0.0001975,0.0001865,0.0001792,0.0001669,0.0001587,0.0001454,0.0001336,0.0001234,0.000114,0.0001017,8.995e-05,8.014e-05,7.071e-05,6.192e-05,5.432e-05,4.758e-05,4.247e-05,3.684e-05,3.193e-05,2.686e-05,2.464e-05,2.046e-05,1.796e-05,1.417e-05
0.0001107,0.0001318,0.0001311,0.0001542,0.0001603,0.0001732,0.0001827,0.0002013,0.0002068,0.0002267,0.0002467,0.0002538,0.0002584,0.0002575,0.0002581,0.0002524,0.0002467,0.0002449,0.0002389,0.0002312,0.0002271,0.0002203,0.0002143,0.0002088,0.0001979,0.0001959,0.0001862,0.0001761,0.0001679,0.0001599,0.0001476,0.0001361,0.0001231,0.0001126,0.0001006,9.097e-05,7.947e-05,7.191e-05,6.27e-05,5.376e-05,4.874e-05,4.277e-05,3.712e-05,3.129e-05,2.741e-05,2.422e-05,2.002e-05,1.735e-05,1.454e-05
0.0001062,0.0001262,0.0001276,0.0001501,0.0001562,0.0001686,0.0001763,0.0001959,0.0002033,0.0002227,0.0002451,0.0002507,0.0002558,0.0002553,0.0002571,0.0002516,0.000246,0.0002424,0.0002375,0.0002348,0.0002293,0.0002229,0.0002151,0.0002092,0.0001985,0.0001933,0.0001842,0.0001767,0.0001681,0.00016,0.0001491,0.0001363,0.0001232,0.0001142,0.0001019,8.883e-05,7.865e-05,7.195e-05,6.157e-05,5.619e-05,4.917e-05,4.349e-05,3.746e-05,3.286e-05,2.729e-05,2.363e-05,2.034e-05,1.689e-05,1.421e-05
0.000112,0.0001296,0.0001299,0.0001568,0.0001586,0.000175,0.0001822,0.0002,0.0002082,0.0002272,0.0002453,0.0002549,0.0002596,0.0002555,0.0002562,0.0002561,0.0002442,0.0002445,0.0002384,0.0002342,0.0002289,0.0002198,0.0002128,0.0002072,0.0001966,0.0001938,0.000185,0.0001753,0.000168,0.0001605,0.0001496,0.0001351,0.0001242,0.0001113,0.0001023,8.891e-05,7.925e-05,6.957e-05,6.343e-05,5.459e-05,4.894e-05,4.24e-05,3.678e-05,3.123e-05,2.772e-05,2.437e-05,1.976e-05,1.731e-05,1.441e-05
0.0001053,0.0001283,0.0001274,0.0001523,0.0001561,0.0001707,0.0001787,0.0001945,0.0002013,0.0002242,0.0002454,0.0002541,0.0002579,0.0002572,0.000258,0.0002529,0.0002461,0.0002442,0.0002372,0.0002292,0.0002262,0.0002206,0.0002161,0.0002084,0.0002007,0.0001952,0.000186,0.0001777,0.0001675,0.000157,0.0001479,0.0001371,0.0001226,0.0001121,0.0001017,9.237e-05,7.865e-05,7.145e-05,6.258e-05,5.562e-05,4.831e-05,4.231e-05,3.678e-05,3.223e-05,2.668e-05,2.382e-05,2.054e-05,1.738e-05,1.504e-05
0.000105,0.0001248,0.0001233,0.0001472,0.0001524,0.0001663,0.0001756,0.0001947,0.0002037,0.0002194,0.0002427,0.0002516,0.0002541,0.0002532,0.0002574,0.0002527,0.0002473,0.0002452,0.0002369,0.0002319,0.0002305,0.0002193,0.0002143,0.0002104,0.0001998,0.0001938,0.000186,0.000176,0.0001698,0.0001578,0.0001486,0.0001351,0.000123,0.0001128,0.0001021,9.103e-05,8.153e-05,7.087e-05,6.25e-05,5.393e-05,4.842e-05,4.233e-05,3.64e-05,3.313e-05,2.79e-05,2.445e-05,1.974e-05,1.723e-05,1.46e-05
0.0001088,0.0001294,0.0001281,0.0001551,0.0001585,0.0001697,0.0001797,0.000197,0.0002043,0.000224,0.0002466,0.0002534,0.0002568,0.0002556,0.0002557,0.0002554,0.0002486,0.0002448,0.0002394,0.0002342,0.0002322,0.0002209,0.000214,0.0002101,0.0002016,0.0001968,0.0001859,0.0001772,0.0001688,0.0001582,0.0001481,0.0001352,0.0001246,0.0001141,0.0001012,9.011e-05,7.933e-05,7.072e-05,6.237e-05,5.489e-05,4.766e-05,4.084e-05,3.674e-05,3.251e-05,2.837e-05,2.476e-05,2.036e-05,1.678e-05,1.423e-05
0.000108,0.0001274,0.0001263,0.0001514,0.0001556,0.0001687,0.0001812,0.0001945,0.0002022,0.0002261,0.0002417,0.0002535,0.0002591,0.000259,0.0002577,0.0002533,0.000247,0.0002439,0.0002379,0.0002351,0.0002299,0.000222,0.0002113,0.0002088,0.000202,0.0001938,0.0001841,0.0001785,0.0001679,0.0001572,0.0001489,0.0001357,0.0001234,0.0001119,0.0001017,8.964e-05,8.132e-05,7.303e-05,6.32e-05,5.428e-05,4.789e-05,4.283e-05,3.629e-05,3.212e-05,2.783e-05,2.357e-05,2.088e-05,1.715e-05,1.413e-05
9.998e-05,0.00012,0.0001189,0.0001433,0.0001478,0.0001586,0.0001728,0.0001876,0.0001957,0.0002154,0.0002352,0.0002462,0.0002541,0.0002544,0.0002535,0.0002516,0.0002414,0.0002466,0.000237,0.0002345,0.0002271,0.00022,0.000215,0.000209,0.000203,0.0001934,0.0001838,0.000179,0.0001678,0.0001583,0.000149,0.0001367,0.0001247,0.0001153,0.0001008,9.011e-05,7.938e-05,7.102e-05,6.252e-05,5.575e-05,4.714e-05,4.229e-05,3.683e-05,3.233e-05,2.663e-05,2.492e-05,2.059e-05,1.69e-05,1.433e-05
0.0001072,0.000127,0.0001263,0.0001517,0.0001546,0.0001658,0.0001796,0.0001961,0.0002013,0.0002229,0.0002437,0.0002509,0.0002574,0.000255,0.000254,0.000252,0.0002431,0.0002438,0.0002363,0.0002319,0.000231,0.000223,0.0002146,0.0002089,0.0002028,0.0001963,0.0001889,0.0001787,0.0001651,0.0001579,0.0001488,0.0001358,0.0001213,0.0001133,0.0001023,8.889e-05,8.076e-05,7.07e-05,6.315e-05,5.62e-05,4.747e-05,4.097e-05,3.568e-05,3.165e-05,2.813e-05,2.351e-05,2.06e-05,1.746e-05,1.504e-05
0.0001056,0.000124,0.0001255,0.0001469,0.0001529,0.0001656,0.0001754,0.0001917,0.0002004,0.0002222,0.0002415,0.0002485,0.0002544,0.0002549,0.0002558,0.000251,0.0002452,0.0002433,0.000237,0.000231,0.0002292,0.0002203,0.0002134,0.0002071,0.0002001,0.0001942,0.0001844,0.0001782,0.0001688,0.0001569,0.000147,0.0001356,0.0001249,0.0001124,0.0001013,9.034e-05,7.885e-05,7.279e-05,6.257e-05,5.434e-05,4.768e-05,4.19e-05,3.729e-05,3.176e-05,2.792e-05,2.415e-05,2.015e-05,1.717e-05,1.455e-05
0.0001085,0.0001254,0.0001278,0.000152,0.0001554,0.0001699,0.000178,0.0001963,0.000203,0.0002253,0.0002404,0.0002506,0.0002541,0.0002581,0.0002583,0.0002522,0.0002472,0.0002439,0.0002387,0.0002332,0.0002286,0.0002219,0.0002147,0.0002118,0.0002028,0.0001961,0.0001867,0.0001779,0.0001679,0.0001573,0.0001474,0.0001353,0.0001235,0.0001123,0.0001015,8.837e-05,7.895e-05,7.166e-05,6.289e-05,5.484e-05,4.86e-05,4.278e-05,3.644e-05,3.163e-05,2.748e-05,2.38e-05,2.013e-05,1.713e-05,1.445e-05
0,0,0,0,0,0,0,0,0,0,0,0,0,0,0,0,0,0,0,0,0,0,0,0,0,0,0,0,0,0,0,0,0,0,0,0,0,0,0,0,0,0,0,0,0,0,0,0,0
2nd quartile
1.326e+12,1.464e+12,1.613e+12,1.777e+12,1.964e+12,2.165e+12,2.388e+12,2.639e+12,2.915e+12,3.22e+12,3.555e+12,3.919e+12,4.323e+12,4.769e+12,5.264e+12,5.811e+12,6.41e+12,7.075e+12,7.807e+12,8.615e+12,9.517e+12,1.05e+13,1.159e+13,1.278e+13,1.411e+13,1.557e+13,1.718e+13,1.897e+13,2.089e+13,2.307e+13,2.543e+13,2.811e+13,3.102e+13,3.435e+13,3.787e+13,4.191e+13,4.613e+13,5.102e+13,5.618e+13,6.209e+13,6.851e+13,7.542e+13,8.347e+13,9.213e+13,1.018e+14,1.119e+14,1.239e+14,1.369e+14,1.506e+14
0.0002866,0.0003277,0.0003139,0.0003543,0.0003475,0.0003565,0.0003551,0.0003612,0.000351,0.0003563,0.0003579,0.0003542,0.0003347,0.0003035,0.000277,0.0002525,0.0002221,0.0002035,0.0001784,0.0001561,0.0001366,0.0001189,0.0001003,8.751e-05,7.268e-05,5.964e-05,4.58e-05,3.645e-05,2.736e-05,1.985e-05,1.443e-05,9.728e-06,7.073e-06,5.472e-06,4.347e-06,3.982e-06,3.77e-06,3.881e-06,3.395e-06,3.912e-06,3.222e-06,3.222e-06,3.101e-06,2.929e-06,2.655e-06,2.594e-06,2.594e-06,2.473e-06,2.422e-06
0.0002975,0.0003357,0.0003206,0.0003621,0.0003569,0.0003623,0.0003563,0.0003671,0.0003539,0.0003591,0.0003649,0.0003515,0.0003347,0.0003029,0.0002779,0.0002502,0.0002224,0.0002021,0.0001749,0.0001576,0.0001384,0.0001166,0.0001011,8.601e-05,7.275e-05,5.901e-05,4.561e-05,3.507e-05,2.646e-05,2.013e-05,1.463e-05,1.053e-05,7.164e-06,5.31e-06,5.117e-06,4.114e-06,3.739e-06,3.78e-06,3.81e-06,3.557e-06,3.182e-06,2.716e-06,2.837e-06,2.544e-06,2.503e-06,2.28e-06,2.31e-06,2.331e-06,2.402e-06
0.000293,0.000339,0.0003216,0.0003666,0.0003548,0.0003648,0.0003595,0.0003656,0.0003546,0.0003609,0.0003654,0.0003539,0.0003365,0.000305,0.0002772,0.0002508,0.0002246,0.0002007,0.0001786,0.0001569,0.000139,0.0001197,0.0001021,8.808e-05,7.213e-05,5.955e-05,4.701e-05,3.646e-05,2.721e-05,2.018e-05,1.391e-05,9.465e-06,7.397e-06,5.888e-06,4.641e-06,4.155e-06,4.114e-06,3.76e-06,3.466e-06,3.861e-06,3.364e-06,3.192e-06,2.797e-06,2.564e-06,2.665e-06,2.452e-06,2.189e-06,2.169e-06,2.473e-06
0.0002947,0.0003311,0.0003163,0.0003618,0.0003544,0.0003605,0.0003635,0.0003653,0.000355,0.000358,0.0003641,0.0003545,0.0003325,0.0003032,0.000279,0.0002511,0.0002226,0.0001977,0.0001749,0.0001582,0.0001381,0.0001168,0.0001008,8.697e-05,7.159e-05,5.906e-05,4.78e-05,3.737e-05,2.697e-05,2.029e-05,1.388e-05,9.678e-06,6.759e-06,5.239e-06,4.378e-06,4.246e-06,3.729e-06,3.871e-06,3.283e-06,3.486e-06,3.152e-06,3.729e-06,3e-06,2.939e-06,2.766e-06,2.28e-06,2.473e-06,2.27e-06,2.24e-06
0.0002892,0.0003292,0.0003118,0.0003599,0.0003515,0.000357,0.0003604,0.0003657,0.0003498,0.0003572,0.0003685,0.0003512,0.0003364,0.0003039,0.000279,0.000251,0.0002232,0.0002003,0.000178,0.0001567,0.0001366,0.00012,0.0001025,8.586e-05,7.154e-05,5.929e-05,4.692e-05,3.638e-05,2.75e-05,1.989e-05,1.421e-05,9.374e-06,7.377e-06,5.33e-06,4.641e-06,4.388e-06,3.942e-06,3.901e-06,3.76e-06,3.79e-06,3.516e-06,3.111e-06,2.969e-06,2.665e-06,2.523e-06,2.341e-06,2.189e-06,2.108e-06,2.27e-06
0.0002802,0.0003205,0.0003054,0.0003534,0.0003441,0.0003497,0.0003534,0.0003562,0.0003539,0.0003615,0.0003657,0.0003535,0.0003333,0.0003075,0.0002814,0.0002525,0.0002223,0.0002019,0.0001782,0.0001597,0.0001384,0.0001178,0.0001019,8.772e-05,7.215e-05,5.918e-05,4.63e-05,3.541e-05,2.64e-05,2.009e-05,1.322e-05,1.031e-05,6.648e-06,5.219e-06,4.236e-06,4.124e-06,4.297e-06,3.557e-06,3.192e-06,3.587e-06,3.182e-06,3.06e-06,3.05e-06,2.625e-06,2.361e-06,2.3e-06,2.422e-06,2.189e-06,2.574e-06
0.0002929,0.0003335,0.0003188,0.0003626,0.0003555,0.0003613,0.0003611,0.000365,0.0003538,0.0003568,0.0003657,0.000358,0.0003313,0.0003034,0.0002829,0.0002495,0.0002242,0.0001997,0.0001756,0.0001583,0.0001391,0.0001183,0.0001001,8.631e-05,7.129e-05,5.826e-05,4.695e-05,3.653e-05,2.748e-05,2.172e-05,1.324e-05,9.84e-06,7.256e-06,5.776e-06,4.246e-06,4.286e-06,4.114e-06,3.851e-06,3.79e-06,3.354e-06,3.293e-06,2.868e-06,2.979e-06,2.949e-06,2.888e-06,2.199e-06,2.371e-06,2.371e-06,2.26e-06
0.0002858,0.0003254,0.0003127,0.0003574,0.0003485,0.0003536,0.0003535,0.000364,0.0003499,0.0003567,0.0003641,0.0003557,0.0003344,0.0003076,0.0002818,0.0002513,0.0002244,0.0002005,0.0001769,0.000158,0.0001366,0.0001179,0.0001016,8.653e-05,7.273e-05,5.815e-05,4.558e-05,3.663e-05,2.744e-05,1.991e-05,1.457e-05,1.012e-05,7.023e-06,5.219e-06,4.601e-06,3.942e-06,4.114e-06,4.053e-06,3.547e-06,3.506e-06,3.618e-06,3.131e-06,2.655e-06,2.594e-06,2.432e-06,2.402e-06,2.483e-06,2.138e-06,2.138e-06
0.0002776,0.0003159,0.0003089,0.000354,0.0003446,0.0003503,0.0003514,0.000358,0.0003497,0.0003599,0.0003659,0.0003532,0.0003321,0.0003055,0.0002819,0.0002521,0.0002246,0.0002044,0.0001754,0.000157,0.0001384,0.0001181,0.0001032,8.492e-05,7.064e-05,5.752e-05,4.678e-05,3.763e-05,2.73e-05,1.922e-05,1.401e-05,9.698e-06,7.083e-06,5.32e-06,4.702e-06,4.712e-06,4.084e-06,3.435e-06,3.709e-06,3.374e-06,3.354e-06,3.587e-06,3e-06,2.827e-06,2.321e-06,2.432e-06,2.331e-06,2.381e-06,2.331e-06
0.0002902,0.0003301,0.0003144,0.0003635,0.000353,0.0003613,0.0003558,0.0003634,0.0003507,0.0003584,0.0003694,0.0003563,0.0003352,0.0003065,0.0002805,0.00025,0.0002222,0.0002003,0.0001775,0.0001538,0.0001361,0.000117,0.0001029,8.731e-05,7.125e-05,6.01e-05,4.673e-05,3.67e-05,2.761e-05,2.017e-05,1.411e-05,9.921e-06,7.134e-06,5.523e-06,4.368e-06,4.053e-06,3.77e-06,3.942e-06,3.506e-06,3.415e-06,3.456e-06,3.152e-06,3.01e-06,3.02e-06,2.544e-06,2.27e-06,2.31e-06,2.392e-06,2.614e-06
0.0002762,0.0003169,0.0003032,0.0003478,0.0003443,0.0003543,0.000355,0.0003619,0.0003501,0.000357,0.0003613,0.0003533,0.0003315,0.0003062,0.0002818,0.0002551,0.0002242,0.0002014,0.0001777,0.0001597,0.0001383,0.0001171,0.0001,8.714e-05,7.272e-05,5.828e-05,4.675e-05,3.628e-05,2.741e-05,1.909e-05,1.402e-05,9.769e-06,6.992e-06,5.3e-06,4.59e-06,4.205e-06,3.749e-06,3.506e-06,3.628e-06,3.243e-06,3.222e-06,3.263e-06,2.817e-06,2.827e-06,2.321e-06,2.29e-06,2.25e-06,2.321e-06,2.108e-06
0.0002911,0.0003326,0.0003178,0.0003618,0.0003497,0.0003573,0.0003584,0.0003676,0.0003513,0.0003601,0.0003635,0.000353,0.0003359,0.0003055,0.0002822,0.0002511,0.000221,0.0002005,0.0001755,0.000157,0.0001402,0.0001177,0.0001024,8.692e-05,7.173e-05,5.939e-05,4.694e-05,3.676e-05,2.802e-05,1.988e-05,1.441e-05,9.384e-06,7.489e-06,5.543e-06,4.601e-06,4.155e-06,3.881e-06,3.901e-06,3.456e-06,3.658e-06,3.222e-06,3.222e-06,2.777e-06,2.544e-06,2.351e-06,2.098e-06,2.27e-06,2.229e-06,2.493e-06
0.0002986,0.0003365,0.0003232,0.0003627,0.0003542,0.0003638,0.0003595,0.0003635,0.0003508,0.0003592,0.0003635,0.0003513,0.0003338,0.0003034,0.0002819,0.0002485,0.0002231,0.0002023,0.0001756,0.0001568,0.0001383,0.0001172,0.0001025,8.639e-05,7.208e-05,5.876e-05,4.671e-05,3.673e-05,2.925e-05,2.085e-05,1.373e-05,1.004e-05,7.641e-06,5.817e-06,4.276e-06,4.499e-06,4.216e-06,3.77e-06,3.405e-06,3.587e-06,3.293e-06,3.304e-06,2.898e-06,2.554e-06,2.949e-06,2.432e-06,2.199e-06,2.179e-06,2.321e-06
0.0002704,0.0003118,0.0003002,0.0003468,0.0003397,0.0003484,0.0003495,0.0003579,0.0003501,0.0003558,0.0003607,0.0003554,0.000335,0.0003076,0.0002801,0.0002536,0.0002262,0.0002027,0.0001788,0.0001573,0.0001377,0.0001181,0.000103,8.402e-05,7.112e-05,5.893e-05,4.608e-05,3.662e-05,2.589e-05,1.984e-05,1.354e-05,1.017e-05,7.479e-06,5.817e-06,4.52e-06,3.841e-06,3.678e-06,3.993e-06,4.185e-06,3.587e-06,3.395e-06,3.131e-06,2.939e-06,2.614e-06,2.594e-06,2.412e-06,2.412e-06,2.199e-06,2.28e-06
0.0002943,0.0003305,0.0003175,0.0003607,0.0003504,0.0003616,0.000356,0.0003639,0.0003538,0.0003576,0.0003642,0.0003563,0.000332,0.0003081,0.0002801,0.0002509,0.0002228,0.0001987,0.0001761,0.0001567,0.0001377,0.0001173,0.0001011,8.678e-05,7.34e-05,5.81e-05,4.632e-05,3.632e-05,2.764e-05,2.064e-05,1.378e-05,1.021e-05,6.871e-06,5.756e-06,4.742e-06,4.134e-06,4.195e-06,3.993e-06,3.678e-06,3.608e-06,3.324e-06,3.253e-06,3.05e-06,2.544e-06,2.696e-06,2.128e-06,2.31e-06,2.797e-06,2.128e-06
0.0002915,0.0003329,0.0003185,0.0003621,0.0003535,0.0003627,0.0003585,0.0003626,0.0003515,0.0003615,0.0003659,0.0003519,0.0003353,0.000306,0.0002733,0.0002527,0.0002238,0.0001997,0.000179,0.000154,0.0001385,0.0001182,0.0001018,8.655e-05,7.24e-05,5.899e-05,4.655e-05,3.611e-05,2.778e-05,2.013e-05,1.417e-05,9.738e-06,7.205e-06,5.675e-06,4.57e-06,4.297e-06,4.013e-06,4.104e-06,3.77e-06,3.526e-06,3.364e-06,2.989e-06,2.989e-06,2.706e-06,2.817e-06,1.986e-06,2.26e-06,2.047e-06,2.625e-06
0.0002856,0.0003297,0.0003121,0.000355,0.0003487,0.0003562,0.0003529,0.0003615,0.000352,0.0003562,0.0003627,0.000351,0.0003334,0.0003076,0.0002815,0.0002495,0.0002227,0.0002005,0.0001769,0.0001577,0.0001395,0.0001184,0.0001014,8.645e-05,7.296e-05,5.822e-05,4.623e-05,3.644e-05,2.705e-05,1.943e-05,1.394e-05,1.026e-05,7.053e-06,5.492e-06,4.874e-06,4.084e-06,4.185e-06,4.003e-06,3.841e-06,3.506e-06,3.385e-06,3.304e-06,2.989e-06,2.665e-06,2.422e-06,2.452e-06,2.25e-06,2.28e-06,2.118e-06
0.0002827,0.0003235,0.0003118,0.0003545,0.0003445,0.0003538,0.0003548,0.000361,0.0003475,0.0003555,0.0003646,0.0003546,0.0003365,0.0003058,0.0002819,0.0002528,0.0002246,0.0002028,0.0001774,0.0001575,0.0001385,0.0001184,0.0001016,8.761e-05,7.134e-05,5.833e-05,4.735e-05,3.623e-05,2.833e-05,1.997e-05,1.349e-05,9.536e-06,6.293e-06,5.371e-06,4.661e-06,4.347e-06,3.587e-06,3.993e-06,3.881e-06,3.861e-06,3.395e-06,3.273e-06,2.827e-06,2.716e-06,2.25e-06,1.986e-06,2.29e-06,2.28e-06,2.219e-06
0.0002845,0.0003257,0.0003107,0.0003556,0.0003468,0.0003549,0.0003568,0.0003626,0.0003496,0.0003551,0.0003653,0.0003513,0.0003363,0.0003042,0.0002795,0.0002531,0.0002223,0.0002018,0.0001764,0.0001576,0.000138,0.0001198,0.0001023,8.579e-05,7.23e-05,5.895e-05,4.554e-05,3.552e-05,2.678e-05,1.928e-05,1.429e-05,9.637e-06,7.397e-06,5.442e-06,4.479e-06,4.155e-06,4.438e-06,3.861e-06,3.304e-06,3.537e-06,3.466e-06,3.07e-06,2.766e-06,2.868e-06,2.412e-06,2.493e-06,2.179e-06,2.067e-06,2.381e-06
0.0002857,0.0003298,0.0003153,0.0003568,0.0003459,0.0003559,0.0003555,0.0003636,0.0003487,0.0003572,0.0003626,0.0003549,0.0003343,0.0003054,0.0002813,0.0002512,0.0002257,0.0002033,0.0001764,0.0001556,0.0001385,0.0001177,0.0001009,8.587e-05,7.185e-05,5.831e-05,4.597e-05,3.51e-05,2.723e-05,1.95e-05,1.397e-05,9.931e-06,7.245e-06,5.442e-06,4.783e-06,4.236e-06,4.023e-06,3.932e-06,3.547e-06,3.405e-06,3.131e-06,2.898e-06,2.848e-06,3.02e-06,2.361e-06,2.27e-06,2.169e-06,2.493e-06,2.371e-06
0.0002797,0.0003211,0.000306,0.0003464,0.0003474,0.0003471,0.0003535,0.0003635,0.0003504,0.0003568,0.0003648,0.0003514,0.0003326,0.0003042,0.0002829,0.0002522,0.000224,0.0002029,0.0001792,0.0001586,0.000139,0.0001188,0.0001028,8.608e-05,7.207e-05,5.872e-05,4.646e-05,3.564e-05,2.708e-05,1.992e-05,1.442e-05,9.171e-06,7.093e-06,5.239e-06,4.56e-06,4.023e-06,3.993e-06,4.236e-06,3.364e-06,3.395e-06,3.06e-06,2.888e-06,2.888e-06,2.797e-06,2.726e-06,2.361e-06,2.452e-06,2.219e-06,2.29e-06
0.0002881,0.0003305,0.0003157,0.00036,0.0003528,0.0003553,0.0003589,0.0003637,0.000353,0.0003594,0.0003649,0.0003514,0.0003321,0.0003064,0.0002764,0.000251,0.0002222,0.000202,0.0001758,0.0001584,0.0001377,0.0001193,0.0001021,8.713e-05,7.222e-05,5.928e-05,4.737e-05,3.687e-05,2.718e-05,1.968e-05,1.424e-05,1.055e-05,6.84e-06,5.573e-06,4.682e-06,3.841e-06,3.962e-06,3.466e-06,3.709e-06,3.364e-06,3.121e-06,3.131e-06,2.949e-06,2.979e-06,2.422e-06,2.331e-06,2.402e-06,2.371e-06,2.189e-06
0.0002941,0.000335,0.0003184,0.0003577,0.0003523,0.000359,0.0003598,0.0003649,0.0003522,0.0003615,0.0003678,0.0003555,0.0003302,0.0003048,0.0002756,0.0002478,0.0002226,0.0001977,0.0001752,0.0001551,0.0001396,0.0001188,0.0001031,8.735e-05,7.249e-05,5.78e-05,4.626e-05,3.559e-05,2.933e-05,2.068e-05,1.39e-05,1.009e-05,7.499e-06,5.391e-06,4.702e-06,4.692e-06,4.003e-06,3.881e-06,3.79e-06,3.172e-06,3.466e-06,3.304e-06,2.858e-06,2.706e-06,2.544e-06,2.584e-06,2.351e-06,2.331e-06,2.361e-06
0.0002894,0.0003355,0.0003168,0.0003626,0.0003514,0.0003565,0.000359,0.0003658,0.0003513,0.00036,0.0003666,0.0003497,0.0003321,0.0003058,0.0002803,0.0002536,0.000224,0.0002012,0.0001788,0.0001595,0.000138,0.0001209,0.0001015,8.654e-05,7.294e-05,5.83e-05,4.799e-05,3.635e-05,2.774e-05,2.007e-05,1.371e-05,9.657e-06,7.266e-06,5.543e-06,4.357e-06,4.418e-06,3.861e-06,3.942e-06,3.557e-06,3.374e-06,3.121e-06,3.496e-06,2.868e-06,2.817e-06,2.533e-06,2.908e-06,2.219e-06,1.956e-06,2.24e-06
0.000282,0.000327,0.0003115,0.0003553,0.0003498,0.0003561,0.0003549,0.0003625,0.0003497,0.0003562,0.0003641,0.000353,0.0003328,0.0003094,0.0002782,0.0002536,0.0002232,0.0002029,0.0001786,0.0001573,0.0001381,0.0001197,0.0001003,8.624e-05,7.357e-05,5.745e-05,4.748e-05,3.732e-05,2.678e-05,1.999e-05,1.446e-05,9.678e-06,7.185e-06,5.33e-06,4.732e-06,3.952e-06,3.81e-06,3.76e-06,3.932e-06,3.597e-06,3.395e-06,3.293e-06,3.091e-06,3e-06,2.807e-06,2.483e-06,2.006e-06,2.25e-06,2.29e-06
0.0002825,0.0003228,0.0003078,0.0003523,0.0003457,0.0003487,0.0003522,0.00036,0.0003482,0.0003549,0.0003677,0.000352,0.0003324,0.0003065,0.0002789,0.0002533,0.0002251,0.0002009,0.0001775,0.0001581,0.0001379,0.0001197,0.0001008,8.634e-05,7.063e-05,5.847e-05,4.601e-05,3.606e-05,2.672e-05,1.963e-05,1.481e-05,1e-05,7.002e-06,5.918e-06,4.692e-06,4.155e-06,3.82e-06,3.901e-06,3.942e-06,3.81e-06,3.385e-06,3.091e-06,2.827e-06,2.574e-06,2.685e-06,2.27e-06,2.402e-06,2.28e-06,2.219e-06
0.0002767,0.0003198,0.0003066,0.00035,0.0003469,0.0003531,0.0003532,0.0003574,0.0003496,0.0003591,0.0003629,0.0003545,0.0003334,0.0003046,0.0002788,0.0002509,0.0002215,0.0002034,0.000175,0.0001548,0.0001354,0.0001174,0.0001002,8.621e-05,7.198e-05,5.923e-05,4.618e-05,3.674e-05,2.719e-05,1.997e-05,1.428e-05,1.003e-05,7.104e-06,5.685e-06,4.438e-06,3.891e-06,4.337e-06,4.084e-06,3.557e-06,3.547e-06,3.587e-06,3.081e-06,3.192e-06,2.351e-06,2.685e-06,2.321e-06,2.503e-06,2.28e-06,2.29e-06
0.0002878,0.0003335,0.000316,0.0003608,0.0003493,0.0003551,0.0003594,0.0003669,0.0003531,0.0003553,0.0003661,0.0003494,0.0003322,0.0003018,0.0002773,0.0002511,0.0002211,0.0001999,0.0001745,0.0001589,0.0001397,0.0001176,0.0001009,8.489e-05,7.331e-05,5.882e-05,4.674e-05,3.732e-05,2.833e-05,2.05e-05,1.45e-05,1.008e-05,7.408e-06,5.533e-06,4.732e-06,4.104e-06,4.084e-06,3.901e-06,4.064e-06,3.324e-06,3.415e-06,2.675e-06,2.777e-06,2.878e-06,2.574e-06,2.361e-06,2.179e-06,2.523e-06,2.473e-06
0.0002831,0.0003243,0.0003096,0.000355,0.000345,0.0003579,0.0003533,0.0003611,0.0003515,0.0003583,0.0003643,0.0003541,0.0003343,0.0003042,0.0002825,0.0002511,0.0002242,0.000201,0.0001765,0.0001565,0.0001389,0.0001182,0.0001012,8.594e-05,7.12e-05,5.865e-05,4.735e-05,3.785e-05,2.79e-05,2.002e-05,1.438e-05,9.282e-06,7.438e-06,4.834e-06,4.388e-06,4.043e-06,3.8e-06,4.216e-06,3.749e-06,3.526e-06,3.526e-06,3.243e-06,3e-06,2.716e-06,2.584e-06,2.442e-06,2.189e-06,2.594e-06,2.3e-06
0.0002912,0.0003346,0.0003183,0.0003643,0.0003522,0.0003575,0.0003567,0.0003677,0.0003505,0.0003585,0.0003665,0.0003555,0.0003333,0.0003037,0.0002811,0.0002522,0.0002234,0.0002027,0.0001768,0.0001573,0.0001367,0.0001185,0.0001013,8.736e-05,7.221e-05,5.954e-05,4.608e-05,3.624e-05,2.787e-05,2.031e-05,1.356e-05,9.546e-06,6.749e-06,5.411e-06,4.884e-06,4.489e-06,3.952e-06,3.699e-06,3.912e-06,3.83e-06,3.314e-06,3.141e-06,3.111e-06,2.837e-06,2.635e-06,2.462e-06,2.361e-06,2.29e-06,2.351e-06
0.0002838,0.0003256,0.0003115,0.0003534,0.0003489,0.0003553,0.0003536,0.0003603,0.000347,0.0003599,0.000364,0.000355,0.000334,0.000305,0.0002807,0.0002529,0.0002264,0.0002038,0.0001772,0.0001578,0.0001366,0.0001196,0.0001013,8.663e-05,7.117e-05,5.854e-05,4.648e-05,3.621e-05,2.787e-05,1.986e-05,1.341e-05,9.313e-06,7.245e-06,5.351e-06,4.459e-06,4.134e-06,3.82e-06,3.526e-06,3.628e-06,3.547e-06,3.263e-06,3.101e-06,3.06e-06,3e-06,2.3e-06,2.381e-06,1.875e-06,2.209e-06,2.108e-06
0.0002876,0.000329,0.0003131,0.0003561,0.0003504,0.0003564,0.0003575,0.0003654,0.0003505,0.0003566,0.0003701,0.0003499,0.000334,0.000304,0.0002793,0.0002531,0.0002219,0.0002047,0.0001775,0.0001576,0.0001375,0.0001185,0.0001019,8.658e-05,7.144e-05,5.899e-05,4.615e-05,3.656e-05,2.738e-05,2.005e-05,1.352e-05,9.465e-06,7.397e-06,5.655e-06,4.631e-06,4.185e-06,3.425e-06,3.993e-06,3.719e-06,3.526e-06,3.354e-06,3.293e-06,2.979e-06,2.371e-06,2.858e-06,2.544e-06,2.128e-06,2.513e-06,2.219e-06
0.0002786,0.0003142,0.0003062,0.0003494,0.0003404,0.0003524,0.0003516,0.0003598,0.0003494,0.0003559,0.0003652,0.0003552,0.0003352,0.0003074,0.0002799,0.0002538,0.0002239,0.0002031,0.000176,0.0001557,0.0001392,0.0001181,0.0001006,8.74e-05,7.058e-05,5.909e-05,4.589e-05,3.678e-05,2.736e-05,2.032e-05,1.323e-05,9.961e-06,7.033e-06,4.976e-06,4.894e-06,4.236e-06,4.043e-06,3.922e-06,3.435e-06,3.395e-06,3.162e-06,3.344e-06,3.243e-06,2.898e-06,2.878e-06,2.544e-06,2.118e-06,1.915e-06,2.412e-06
0.0002997,0.0003372,0.0003208,0.0003659,0.0003564,0.0003607,0.0003572,0.0003658,0.0003533,0.0003599,0.0003615,0.0003504,0.0003357,0.0003061,0.0002798,0.000252,0.0002231,0.0001999,0.0001756,0.0001564,0.0001396,0.0001189,0.000101,8.659e-05,7.349e-05,6.028e-05,4.664e-05,3.722e-05,2.708e-05,2.072e-05,1.381e-05,9.596e-06,6.465e-06,5.32e-06,4.702e-06,4.074e-06,3.79e-06,3.81e-06,3.476e-06,3.172e-06,3.263e-06,3.121e-06,2.736e-06,2.969e-06,2.878e-06,2.564e-06,2.594e-06,2.412e-06,2.483e-06
0.0002914,0.0003333,0.000313,0.0003609,0.0003563,0.0003564,0.0003581,0.0003628,0.0003512,0.0003579,0.0003667,0.0003516,0.0003351,0.0003055,0.000278,0.0002509,0.0002237,0.0002004,0.0001789,0.0001563,0.0001367,0.0001199,0.0001011,8.577e-05,7.237e-05,5.878e-05,4.604e-05,3.659e-05,2.72e-05,2.055e-05,1.416e-05,9.9e-06,7.124e-06,5.553e-06,4.459e-06,4.216e-06,4.104e-06,3.709e-06,3.283e-06,3.324e-06,3.577e-06,3.07e-06,3.111e-06,2.584e-06,2.554e-06,2.199e-06,2.28e-06,2.402e-06,2.057e-06
0.0002976,0.0003418,0.0003231,0.0003676,0.000354,0.0003617,0.0003632,0.0003689,0.0003515,0.0003592,0.0003631,0.0003532,0.0003333,0.0003017,0.0002785,0.0002509,0.0002212,0.0002001,0.0001762,0.0001567,0.0001361,0.0001188,0.0001003,8.691e-05,7.306e-05,5.946e-05,4.793e-05,3.631e-05,2.784e-05,2.036e-05,1.426e-05,9.971e-06,6.941e-06,5.655e-06,4.509e-06,3.972e-06,3.942e-06,3.729e-06,3.871e-06,3.577e-06,3.253e-06,3.05e-06,3.131e-06,2.817e-06,2.473e-06,2.158e-06,2.31e-06,2.189e-06,2.392e-06
0.0002918,0.0003324,0.0003154,0.0003611,0.0003542,0.0003556,0.0003603,0.0003614,0.0003532,0.0003598,0.0003652,0.0003528,0.0003309,0.0003051,0.0002804,0.0002532,0.0002229,0.0002053,0.0001753,0.0001568,0.0001382,0.0001189,0.0001007,8.729e-05,7.262e-05,5.947e-05,4.777e-05,3.729e-05,2.663e-05,1.944e-05,1.391e-05,9.414e-06,6.344e-06,5.543e-06,4.53e-06,4.459e-06,3.699e-06,3.587e-06,3.526e-06,3.709e-06,3.334e-06,3.334e-06,3.091e-06,2.837e-06,2.483e-06,2.898e-06,2.29e-06,2.371e-06,2.158e-06
0.0002853,0.0003315,0.0003127,0.0003559,0.0003495,0.0003586,0.0003581,0.0003645,0.0003523,0.0003571,0.0003635,0.0003547,0.0003321,0.0003044,0.0002783,0.0002531,0.0002238,0.0002019,0.0001772,0.0001555,0.0001388,0.0001179,0.0001003,8.527e-05,7.305e-05,5.896e-05,4.64e-05,3.527e-05,2.807e-05,2.025e-05,1.317e-05,9.617e-06,7.124e-06,5.543e-06,4.773e-06,3.993e-06,4.074e-06,3.729e-06,3.354e-06,3.172e-06,3.466e-06,2.675e-06,3.02e-06,2.351e-06,2.574e-06,2.564e-06,2.118e-06,2.31e-06,2.432e-06
0.0002957,0.0003372,0.000318,0.0003632,0.0003548,0.0003561,0.0003578,0.0003667,0.0003551,0.000359,0.0003679,0.000353,0.0003324,0.0003065,0.0002795,0.0002496,0.0002237,0.0002012,0.0001779,0.0001571,0.000136,0.000117,0.0001022,8.678e-05,7.271e-05,6.03e-05,4.66e-05,3.748e-05,2.786e-05,2.051e-05,1.456e-05,9.607e-06,7.053e-06,5.32e-06,4.803e-06,4.783e-06,3.76e-06,3.587e-06,3.415e-06,3.374e-06,3.334e-06,3.263e-06,2.949e-06,2.888e-06,2.868e-06,2.432e-06,2.331e-06,1.763e-06,2.381e-06
0.0002941,0.0003358,0.0003169,0.0003611,0.0003509,0.0003615,0.0003633,0.0003623,0.000354,0.0003593,0.0003663,0.0003525,0.0003319,0.0003071,0.0002772,0.0002505,0.0002235,0.0002012,0.0001795,0.000157,0.000137,0.0001191,0.0001025,8.427e-05,7.208e-05,6e-05,4.763e-05,3.735e-05,2.73e-05,1.987e-05,1.469e-05,9.171e-06,7.154e-06,5.695e-06,4.763e-06,4.682e-06,4.388e-06,4.043e-06,3.466e-06,3.456e-06,3.425e-06,3.526e-06,2.817e-06,2.868e-06,2.533e-06,2.513e-06,2.28e-06,2.229e-06,2.321e-06
0.0002776,0.0003191,0.0003048,0.000349,0.0003431,0.000355,0.0003526,0.0003601,0.0003473,0.0003556,0.0003629,0.0003544,0.0003349,0.0003041,0.0002843,0.0002522,0.0002237,0.0002023,0.0001775,0.0001573,0.0001391,0.0001174,0.0001039,8.624e-05,7.121e-05,5.908e-05,4.497e-05,3.61e-05,2.761e-05,1.951e-05,1.321e-05,9.971e-06,6.739e-06,5.32e-06,4.54e-06,4.378e-06,3.922e-06,3.993e-06,3.476e-06,3.749e-06,3.233e-06,3.314e-06,2.848e-06,2.533e-06,2.26e-06,2.533e-06,2.361e-06,2.351e-06,2.402e-06
0.0002918,0.000331,0.0003174,0.0003602,0.0003542,0.0003569,0.000359,0.0003656,0.0003536,0.0003591,0.0003641,0.0003523,0.0003339,0.0003072,0.0002799,0.0002514,0.0002238,0.0001977,0.000178,0.000157,0.0001385,0.0001203,0.000102,8.847e-05,7.168e-05,5.932e-05,4.602e-05,3.575e-05,2.801e-05,2.045e-05,1.403e-05,9.211e-06,7.397e-06,5.432e-06,4.469e-06,4.134e-06,4.064e-06,3.729e-06,3.496e-06,3.577e-06,3.618e-06,3.405e-06,2.959e-06,2.797e-06,2.706e-06,2.442e-06,2.179e-06,2.209e-06,2.209e-06
0.0002885,0.0003282,0.0003152,0.000356,0.0003489,0.0003574,0.0003577,0.000363,0.0003489,0.000358,0.0003631,0.0003483,0.0003316,0.0003026,0.0002787,0.0002527,0.0002215,0.0002002,0.0001768,0.0001595,0.0001398,0.0001163,0.0001005,8.671e-05,7.339e-05,6.041e-05,4.701e-05,3.629e-05,2.729e-05,1.983e-05,1.43e-05,1.001e-05,7.144e-06,5.188e-06,4.357e-06,4.216e-06,4.134e-06,3.557e-06,3.466e-06,3.739e-06,3.466e-06,2.949e-06,2.726e-06,2.766e-06,2.685e-06,2.483e-06,2.432e-06,2.189e-06,2.402e-06
0.0002923,0.0003347,0.0003174,0.0003617,0.000355,0.0003625,0.0003594,0.0003636,0.0003504,0.0003568,0.0003664,0.0003542,0.0003304,0.0003033,0.0002772,0.0002511,0.0002221,0.0002019,0.0001777,0.0001578,0.0001399,0.000118,0.0001015,8.634e-05,7.294e-05,5.888e-05,4.614e-05,3.643e-05,2.746e-05,2.025e-05,1.436e-05,1.019e-05,6.81e-06,5.391e-06,4.641e-06,4.053e-06,4.134e-06,3.678e-06,3.587e-06,3.881e-06,3.435e-06,2.908e-06,3.141e-06,2.837e-06,2.533e-06,2.28e-06,2.189e-06,2.381e-06,2.148e-06
0,0,0,0,0,0,0,0,0,0,0,0,0,0,0,0,0,0,0,0,0,0,0,0,0,0,0,0,0,0,0,0,0,0,0,0,0,0,0,0,0,0,0,0,0,0,0,0,0
3rd quartile
1.325e+12,1.463e+12,1.612e+12,1.776e+12,1.962e+12,2.164e+12,2.388e+12,2.637e+12,2.912e+12,3.217e+12,3.553e+12,3.917e+12,4.321e+12,4.767e+12,5.26e+12,5.805e+12,6.404e+12,7.073e+12,7.805e+12,8.612e+12,9.5e+12,1.049e+13,1.157e+13,1.278e+13,1.409e+13,1.555e+13,1.721e+13,1.895e+13,2.089e+13,2.311e+13,2.545e+13,2.811e+13,3.109e+13,3.437e+13,3.785e+13,4.188e+13,4.613e+13,5.104e+13,5.639e+13,6.206e+13,6.855e+13,7.549e+13,8.358e+13,9.213e+13,1.017e+14,1.117e+14,1.236e+14,1.367e+14,1.505e+14
0.0004721,0.0005217,0.0004674,0.0005006,0.0004602,0.0004355,0.0004041,0.0003821,0.0003405,0.0003178,0.0003059,0.0002769,0.0002496,0.0002116,0.0001823,0.0001511,0.0001256,0.0001061,8.653e-05,7.014e-05,5.733e-05,4.789e-05,3.683e-05,2.882e-05,2.196e-05,1.622e-05,1.174e-05,8.654e-06,6.283e-06,4.459e-06,3.314e-06,2.645e-06,2.584e-06,2.402e-06,2.614e-06,2.138e-06,2.432e-06,2.179e-06,2.28e-06,2.179e-06,2.28e-06,2.098e-06,1.875e-06,1.915e-06,1.631e-06,1.54e-06,1.297e-06,1.297e-06,9.83e-07
0.0004825,0.000527,0.0004717,0.0005034,0.0004588,0.0004306,0.0004015,0.0003829,0.0003448,0.0003175,0.0003041,0.0002775,0.0002496,0.0002135,0.0001827,0.0001523,0.0001276,0.0001074,8.776e-05,7.241e-05,5.784e-05,4.671e-05,3.7e-05,2.873e-05,2.21e-05,1.676e-05,1.283e-05,8.391e-06,6.546e-06,4.023e-06,3.395e-06,2.888e-06,3.131e-06,2.675e-06,2.462e-06,2.422e-06,2.381e-06,2.503e-06,2.29e-06,1.986e-06,2.128e-06,2.057e-06,2.169e-06,1.662e-06,1.804e-06,1.611e-06,1.327e-06,1.267e-06,8.614e-07
0.0004875,0.0005249,0.0004727,0.0005014,0.0004575,0.0004346,0.0004063,0.0003819,0.000342,0.0003187,0.0003038,0.0002788,0.000252,0.0002139,0.0001817,0.0001526,0.0001266,0.0001074,8.652e-05,7.334e-05,6.076e-05,4.844e-05,3.723e-05,2.83e-05,2.268e-05,1.634e-05,1.237e-05,8.654e-06,5.918e-06,4.763e-06,3.76e-06,3.162e-06,2.533e-06,2.31e-06,2.473e-06,2.351e-06,2.493e-06,2.3e-06,2.118e-06,2.128e-06,2.169e-06,1.865e-06,1.966e-06,1.642e-06,1.49e-06,1.307e-06,1.368e-06,1.257e-06,1.023e-06
0.0004791,0.000525,0.0004669,0.0004999,0.0004578,0.0004324,0.0004017,0.0003831,0.0003422,0.0003235,0.0003056,0.0002833,0.0002491,0.0002118,0.0001808,0.0001507,0.0001261,0.0001051,8.636e-05,7.071e-05,5.872e-05,4.654e-05,3.71e-05,2.962e-05,2.289e-05,1.703e-05,1.174e-05,8.857e-06,5.766e-06,4.428e-06,3.506e-06,3.02e-06,2.381e-06,2.888e-06,2.148e-06,2.24e-06,2.199e-06,2.098e-06,2.148e-06,2.614e-06,2.24e-06,1.976e-06,1.794e-06,1.713e-06,1.611e-06,1.611e-06,1.307e-06,1.196e-06,9.424e-07
0.000476,0.0005237,0.0004666,0.0005052,0.0004561,0.0004328,0.0004058,0.0003835,0.0003459,0.0003267,0.000307,0.0002797,0.0002488,0.0002128,0.0001788,0.0001531,0.000124,0.0001061,8.739e-05,7.078e-05,6.016e-05,4.633e-05,3.692e-05,2.877e-05,2.2e-05,1.726e-05,1.238e-05,8.816e-06,6.141e-06,4.641e-06,3.547e-06,2.858e-06,2.584e-06,2.493e-06,2.27e-06,2.31e-06,2.28e-06,2.189e-06,2.412e-06,1.824e-06,1.976e-06,1.804e-06,2.006e-06,1.804e-06,1.723e-06,1.439e-06,1.186e-06,1.084e-06,8.715e-07
0.0004664,0.0005107,0.0004625,0.000499,0.0004543,0.0004346,0.000405,0.0003854,0.0003421,0.000323,0.000304,0.0002793,0.0002489,0.0002117,0.0001813,0.0001515,0.0001262,0.0001068,8.718e-05,6.948e-05,5.728e-05,4.747e-05,3.622e-05,2.848e-05,2.139e-05,1.602e-05,1.165e-05,8.684e-06,5.675e-06,4.428e-06,3.253e-06,2.989e-06,2.533e-06,2.28e-06,2.625e-06,2.26e-06,2.199e-06,2.31e-06,2.027e-06,2.209e-06,1.905e-06,2.392e-06,1.996e-06,1.976e-06,1.733e-06,1.267e-06,1.348e-06,1.084e-06,1.064e-06
0.0004824,0.0005258,0.0004725,0.0005026,0.000461,0.0004387,0.0004073,0.0003807,0.000341,0.0003203,0.0003039,0.0002794,0.00025,0.0002141,0.000181,0.0001528,0.0001242,0.0001062,8.805e-05,7.076e-05,5.852e-05,4.534e-05,3.725e-05,2.948e-05,2.191e-05,1.687e-05,1.206e-05,8.37e-06,6.171e-06,4.499e-06,3.162e-06,2.898e-06,2.614e-06,2.685e-06,2.26e-06,2.452e-06,2.24e-06,2.614e-06,2.31e-06,2.108e-06,1.794e-06,2.088e-06,1.814e-06,1.834e-06,1.439e-06,1.287e-06,1.257e-06,1.216e-06,1.003e-06
0.0004719,0.0005204,0.0004687,0.000502,0.0004564,0.0004344,0.000405,0.0003813,0.0003447,0.0003232,0.0003054,0.0002806,0.0002492,0.0002146,0.0001785,0.0001531,0.0001251,0.000104,8.54e-05,7.079e-05,5.691e-05,4.58e-05,3.597e-05,2.898e-05,2.184e-05,1.711e-05,1.169e-05,8.897e-06,6.029e-06,4.509e-06,3.111e-06,2.736e-06,2.645e-06,2.412e-06,2.442e-06,2.088e-06,2.371e-06,2.24e-06,1.986e-06,2.3e-06,2.138e-06,2.027e-06,1.946e-06,2.088e-06,1.621e-06,1.449e-06,1.317e-06,1.094e-06,9.019e-07
0.0004616,0.0005078,0.0004661,0.0004958,0.0004551,0.0004354,0.0003974,0.000382,0.0003431,0.0003207,0.0002998,0.0002795,0.0002463,0.000212,0.0001792,0.0001517,0.0001242,0.0001044,8.766e-05,7.1e-05,5.849e-05,4.577e-05,3.62e-05,2.767e-05,2.207e-05,1.621e-05,1.097e-05,8.522e-06,5.786e-06,4.195e-06,3.385e-06,2.574e-06,2.493e-06,2.554e-06,2.31e-06,2.564e-06,2.331e-06,2.138e-06,2.219e-06,2.037e-06,2.077e-06,2.017e-06,1.713e-06,1.824e-06,1.723e-06,1.297e-06,1.196e-06,1.155e-06,1.145e-06
0.0004824,0.0005223,0.0004696,0.000506,0.0004598,0.0004323,0.0004033,0.0003841,0.000341,0.0003212,0.0003039,0.0002785,0.0002469,0.0002127,0.0001822,0.0001535,0.0001259,0.0001048,8.776e-05,7.025e-05,5.844e-05,4.666e-05,3.693e-05,2.939e-05,2.12e-05,1.574e-05,1.25e-05,8.735e-06,5.959e-06,4.621e-06,3.283e-06,3.141e-06,2.473e-06,2.594e-06,2.392e-06,2.25e-06,2.452e-06,2.138e-06,2.169e-06,2.088e-06,1.956e-06,2.331e-06,1.591e-06,1.854e-06,1.611e-06,1.257e-06,1.186e-06,1.105e-06,1.023e-06
0.0004618,0.0005105,0.0004608,0.0004995,0.0004553,0.0004357,0.0004008,0.0003809,0.0003425,0.0003215,0.000305,0.0002786,0.0002514,0.0002122,0.0001818,0.0001506,0.0001254,0.0001049,8.671e-05,7.151e-05,5.842e-05,4.604e-05,3.584e-05,2.901e-05,2.138e-05,1.602e-05,1.18e-05,8.198e-06,6.181e-06,4.114e-06,3.689e-06,2.685e-06,2.473e-06,2.452e-06,2.179e-06,2.381e-06,2.27e-06,2.351e-06,2.098e-06,2.199e-06,1.895e-06,2.006e-06,1.621e-06,1.753e-06,1.581e-06,1.429e-06,1.307e-06,1.226e-06,1.226e-06
0.000475,0.0005247,0.0004675,0.0005053,0.000458,0.0004344,0.0004056,0.0003833,0.0003416,0.0003209,0.000302,0.0002794,0.0002492,0.0002154,0.00018,0.0001506,0.0001271,0.0001066,8.685e-05,7.03e-05,5.969e-05,4.614e-05,3.753e-05,2.901e-05,2.3e-05,1.623e-05,1.17e-05,9.313e-06,6.354e-06,4.469e-06,3.111e-06,3.131e-06,2.675e-06,2.675e-06,2.017e-06,2.371e-06,2.219e-06,2.584e-06,2.381e-06,2.321e-06,2.067e-06,1.753e-06,1.672e-06,1.956e-06,1.55e-06,1.287e-06,1.267e-06,1.226e-06,8.918e-07
0.0004884,0.0005341,0.0004742,0.0005073,0.0004626,0.0004363,0.0004037,0.0003823,0.0003437,0.0003204,0.0003068,0.000278,0.0002497,0.0002137,0.0001835,0.000153,0.0001243,0.0001071,8.68e-05,7.178e-05,5.942e-05,4.712e-05,3.779e-05,2.824e-05,2.302e-05,1.648e-05,1.237e-05,8.695e-06,6.749e-06,4.54e-06,3.456e-06,2.989e-06,2.655e-06,2.452e-06,2.3e-06,2.371e-06,2.371e-06,2.29e-06,2.381e-06,2.219e-06,2.067e-06,2.017e-06,1.966e-06,1.936e-06,1.834e-06,1.388e-06,1.368e-06,1.257e-06,1.186e-06
0.0004549,0.000504,0.0004577,0.0004918,0.0004534,0.0004308,0.0004025,0.0003822,0.0003441,0.0003205,0.0003054,0.0002811,0.0002502,0.0002105,0.0001783,0.0001501,0.0001237,0.0001042,8.705e-05,6.909e-05,5.668e-05,4.54e-05,3.585e-05,2.72e-05,2.146e-05,1.671e-05,1.149e-05,8.107e-06,6.273e-06,4.236e-06,3.212e-06,2.432e-06,2.523e-06,2.351e-06,2.381e-06,2.24e-06,2.169e-06,2.169e-06,2.29e-06,2.057e-06,2.25e-06,1.895e-06,1.885e-06,1.55e-06,1.571e-06,1.398e-06,1.358e-06,1.094e-06,1.054e-06
0.000477,0.0005181,0.0004671,0.0005024,0.0004627,0.0004326,0.0004073,0.0003779,0.0003424,0.000317,0.0003063,0.0002795,0.000246,0.0002152,0.0001809,0.0001531,0.000125,0.0001069,8.663e-05,7.384e-05,5.952e-05,4.706e-05,3.695e-05,2.896e-05,2.238e-05,1.732e-05,1.25e-05,8.228e-06,6.06e-06,4.722e-06,3.445e-06,3.05e-06,2.442e-06,2.473e-06,2.128e-06,2.625e-06,2.402e-06,2.179e-06,2.341e-06,2.148e-06,1.925e-06,2.331e-06,2.006e-06,1.51e-06,1.723e-06,1.459e-06,1.277e-06,1.064e-06,1.003e-06
0.0004848,0.0005226,0.0004713,0.0005042,0.0004626,0.0004353,0.0004058,0.0003827,0.0003457,0.0003213,0.0003055,0.0002797,0.0002481,0.0002157,0.0001822,0.0001522,0.0001258,0.0001071,8.529e-05,7.21e-05,5.683e-05,4.846e-05,3.717e-05,2.983e-05,2.173e-05,1.659e-05,1.22e-05,8.573e-06,6.293e-06,4.53e-06,3.476e-06,3.01e-06,2.736e-06,2.766e-06,2.473e-06,2.189e-06,2.29e-06,2.017e-06,2.26e-06,2.462e-06,1.763e-06,1.996e-06,2.006e-06,1.824e-06,1.662e-06,1.55e-06,1.246e-06,1.105e-06,1.074e-06
0.0004744,0.0005146,0.0004713,0.0004971,0.000459,0.000438,0.0004031,0.0003821,0.0003441,0.0003236,0.0003053,0.0002801,0.0002488,0.0002123,0.0001792,0.0001534,0.0001235,0.0001066,8.575e-05,7.182e-05,5.766e-05,4.626e-05,3.672e-05,2.912e-05,2.123e-05,1.574e-05,1.161e-05,9.059e-06,5.786e-06,4.601e-06,3.091e-06,2.918e-06,2.604e-06,2.564e-06,2.422e-06,2.169e-06,2.169e-06,2.199e-06,2.148e-06,2.017e-06,2.108e-06,1.854e-06,1.875e-06,2.006e-06,1.713e-06,1.338e-06,1.115e-06,1.246e-06,1.074e-06
0.0004701,0.0005101,0.0004656,0.0004998,0.0004583,0.000432,0.0004046,0.0003811,0.0003454,0.0003207,0.0003028,0.0002816,0.0002461,0.0002128,0.0001795,0.0001497,0.0001266,0.0001045,8.583e-05,6.952e-05,5.807e-05,4.547e-05,3.561e-05,2.988e-05,2.196e-05,1.6e-05,1.188e-05,7.783e-06,5.705e-06,4.337e-06,3.334e-06,3.03e-06,2.604e-06,2.412e-06,2.189e-06,2.381e-06,2.402e-06,2.371e-06,2.462e-06,2.006e-06,2.169e-06,2.077e-06,1.794e-06,1.824e-06,1.348e-06,1.591e-06,1.327e-06,1.297e-06,1.155e-06
0.0004716,0.0005155,0.0004647,0.0005016,0.0004562,0.000436,0.0004053,0.0003824,0.0003443,0.000322,0.0003067,0.0002793,0.0002489,0.0002126,0.0001816,0.0001522,0.000125,0.0001035,8.539e-05,7.131e-05,5.885e-05,4.654e-05,3.666e-05,2.865e-05,2.227e-05,1.634e-05,1.18e-05,8.441e-06,6.192e-06,4.317e-06,3.081e-06,2.918e-06,2.432e-06,2.24e-06,2.462e-06,2.422e-06,2.321e-06,2.047e-06,2.077e-06,2.189e-06,1.865e-06,1.986e-06,1.996e-06,1.784e-06,1.429e-06,1.429e-06,1.358e-06,1.135e-06,1.074e-06
0.0004681,0.0005209,0.0004676,0.0005016,0.0004598,0.0004322,0.0004063,0.0003875,0.0003441,0.0003212,0.0003069,0.0002801,0.0002462,0.0002132,0.000181,0.0001507,0.0001258,0.000107,8.65e-05,7.402e-05,5.849e-05,4.577e-05,3.677e-05,3.07e-05,2.134e-05,1.692e-05,1.118e-05,8.725e-06,5.898e-06,4.368e-06,3.283e-06,2.777e-06,2.533e-06,2.625e-06,2.371e-06,2.503e-06,2.128e-06,2.067e-06,2.189e-06,1.915e-06,2.158e-06,1.905e-06,1.966e-06,1.743e-06,1.571e-06,1.398e-06,1.327e-06,1.135e-06,9.627e-07
0.0004634,0.0005102,0.0004627,0.0004988,0.0004607,0.0004353,0.0004063,0.0003825,0.0003433,0.0003214,0.0003074,0.0002792,0.0002494,0.0002103,0.0001788,0.000153,0.0001253,0.0001046,8.418e-05,7.114e-05,5.82e-05,4.605e-05,3.66e-05,2.79e-05,2.24e-05,1.661e-05,1.22e-05,8.38e-06,6.131e-06,4.418e-06,3.162e-06,3.06e-06,2.787e-06,2.148e-06,2.229e-06,2.29e-06,2.209e-06,2.351e-06,2.229e-06,2.229e-06,2.077e-06,1.844e-06,1.905e-06,1.479e-06,1.459e-06,1.52e-06,1.277e-06,1.064e-06,9.222e-07
0.0004783,0.0005184,0.0004709,0.0005056,0.000456,0.0004355,0.0004034,0.000381,0.0003436,0.0003176,0.0003027,0.0002778,0.0002514,0.0002134,0.0001825,0.0001527,0.0001252,0.0001062,8.662e-05,7.14e-05,5.845e-05,4.67e-05,3.701e-05,2.871e-05,2.182e-05,1.655e-05,1.218e-05,8.654e-06,6.151e-06,4.621e-06,3.567e-06,3e-06,2.766e-06,2.402e-06,2.473e-06,2.564e-06,2.006e-06,2.351e-06,2.29e-06,2.067e-06,1.905e-06,1.956e-06,1.966e-06,1.723e-06,1.601e-06,1.307e-06,1.084e-06,1.226e-06,9.83e-07
0.000481,0.0005243,0.0004732,0.0005051,0.0004557,0.0004377,0.0004016,0.0003807,0.0003436,0.0003192,0.0003022,0.0002771,0.0002485,0.0002133,0.0001831,0.0001536,0.0001262,0.0001064,8.639e-05,7.145e-05,5.906e-05,4.641e-05,3.765e-05,2.97e-05,2.238e-05,1.624e-05,1.263e-05,8.401e-06,6.364e-06,4.905e-06,3.699e-06,2.868e-06,2.665e-06,2.614e-06,2.29e-06,2.189e-06,2.422e-06,2.037e-06,2.057e-06,2.25e-06,1.925e-06,1.834e-06,1.601e-06,1.956e-06,1.753e-06,1.49e-06,1.378e-06,1.287e-06,1.155e-06
0.0004807,0.0005223,0.000471,0.0005022,0.0004609,0.0004346,0.0003992,0.0003855,0.0003436,0.0003236,0.0003022,0.0002799,0.0002485,0.0002127,0.0001813,0.0001509,0.0001245,0.0001059,8.656e-05,7.202e-05,5.81e-05,4.634e-05,3.691e-05,2.919e-05,2.184e-05,1.66e-05,1.184e-05,8.745e-06,6.242e-06,4.438e-06,3.385e-06,2.766e-06,2.554e-06,2.452e-06,2.706e-06,2.442e-06,2.24e-06,2.321e-06,2.047e-06,2.25e-06,2.148e-06,2.006e-06,1.966e-06,1.824e-06,1.804e-06,1.196e-06,1.307e-06,1.378e-06,1.165e-06
0.0004707,0.0005159,0.0004655,0.0005011,0.0004544,0.0004335,0.0004056,0.0003814,0.0003457,0.0003228,0.0003075,0.000283,0.0002504,0.0002158,0.0001823,0.0001522,0.0001243,0.0001046,8.607e-05,7.109e-05,5.807e-05,4.726e-05,3.722e-05,2.917e-05,2.21e-05,1.582e-05,1.148e-05,8.816e-06,6.252e-06,4.631e-06,3.628e-06,2.848e-06,2.371e-06,2.179e-06,2.452e-06,2.209e-06,2.179e-06,2.392e-06,2.199e-06,2.088e-06,2.28e-06,2.027e-06,1.854e-06,1.611e-06,1.479e-06,1.5e-06,1.277e-06,1.034e-06,9.526e-07
0.0004693,0.000516,0.000462,0.0004983,0.0004557,0.0004341,0.0004008,0.000381,0.0003448,0.0003223,0.0003037,0.0002752,0.0002456,0.0002145,0.0001817,0.000152,0.0001249,0.0001051,8.586e-05,7.147e-05,5.724e-05,4.553e-05,3.73e-05,2.804e-05,2.156e-05,1.626e-05,1.167e-05,8.614e-06,6.242e-06,4.043e-06,3.293e-06,2.665e-06,2.645e-06,2.26e-06,2.473e-06,2.564e-06,2.29e-06,2.108e-06,2.432e-06,2.199e-06,2.169e-06,1.854e-06,1.753e-06,1.915e-06,1.571e-06,1.449e-06,1.348e-06,1.196e-06,1.074e-06
0.0004606,0.0005071,0.0004617,0.0004934,0.0004596,0.000431,0.0004034,0.0003834,0.0003429,0.0003224,0.0003071,0.000281,0.0002493,0.0002136,0.000181,0.0001505,0.0001247,0.0001027,8.451e-05,7e-05,5.706e-05,4.641e-05,3.602e-05,2.799e-05,2.159e-05,1.62e-05,1.245e-05,8.836e-06,5.746e-06,4.489e-06,3.233e-06,2.787e-06,2.422e-06,2.381e-06,2.371e-06,2.412e-06,2.371e-06,2.179e-06,2.25e-06,1.763e-06,2.219e-06,1.905e-06,1.784e-06,1.581e-06,1.591e-06,1.439e-06,1.226e-06,1.003e-06,1.105e-06
0.0004804,0.0005212,0.0004674,0.0004981,0.0004526,0.0004364,0.0004048,0.0003814,0.0003412,0.0003169,0.0003043,0.0002747,0.0002472,0.000212,0.0001827,0.000154,0.0001271,0.0001051,8.734e-05,7.249e-05,5.782e-05,4.626e-05,3.749e-05,2.973e-05,2.199e-05,1.681e-05,1.263e-05,8.624e-06,6.374e-06,4.469e-06,3.739e-06,3.02e-06,2.746e-06,2.392e-06,2.392e-06,2.503e-06,2.31e-06,2.29e-06,2.564e-06,2.148e-06,2.219e-06,1.966e-06,1.854e-06,1.824e-06,1.723e-06,1.611e-06,1.257e-06,1.277e-06,1.034e-06
0.0004724,0.000518,0.0004675,0.0005013,0.0004589,0.0004338,0.0003989,0.0003875,0.0003402,0.0003201,0.0003049,0.0002769,0.0002496,0.000212,0.0001815,0.0001518,0.0001244,0.0001047,8.693e-05,7.155e-05,5.815e-05,4.615e-05,3.723e-05,2.865e-05,2.117e-05,1.624e-05,1.268e-05,8.522e-06,6.029e-06,4.418e-06,3.476e-06,2.929e-06,2.523e-06,2.199e-06,2.351e-06,2.158e-06,2.148e-06,2.25e-06,2.412e-06,2.118e-06,2.017e-06,1.976e-06,2.017e-06,1.753e-06,1.317e-06,1.358e-06,1.561e-06,9.83e-07,1.257e-06
0.0004809,0.0005243,0.0004734,0.0005026,0.0004623,0.0004374,0.0004059,0.0003841,0.0003414,0.0003219,0.0003039,0.0002773,0.000248,0.0002122,0.0001827,0.0001529,0.0001262,0.0001062,8.528e-05,7.083e-05,5.951e-05,4.642e-05,3.64e-05,2.889e-05,2.236e-05,1.66e-05,1.261e-05,8.482e-06,6.202e-06,4.327e-06,3.405e-06,3.04e-06,2.402e-06,2.513e-06,2.442e-06,2.371e-06,2.432e-06,2.452e-06,2.28e-06,1.905e-06,2.179e-06,1.905e-06,1.814e-06,2.189e-06,1.702e-06,1.561e-06,1.439e-06,1.175e-06,1.246e-06
0.0004699,0.0005178,0.0004649,0.0004992,0.0004602,0.000435,0.0004021,0.0003824,0.0003432,0.0003256,0.000306,0.0002793,0.0002506,0.0002136,0.0001816,0.0001532,0.0001229,0.0001065,8.584e-05,7.181e-05,5.931e-05,4.451e-05,3.701e-05,2.852e-05,2.227e-05,1.593e-05,1.156e-05,8.988e-06,5.979e-06,4.398e-06,3.233e-06,3.02e-06,2.442e-06,2.321e-06,2.381e-06,2.28e-06,2.229e-06,2.128e-06,2.098e-06,2.158e-06,2.118e-06,1.986e-06,1.885e-06,1.814e-06,1.54e-06,1.672e-06,1.226e-06,1.216e-06,1.105e-06
0.0004752,0.0005205,0.0004702,0.0005023,0.0004591,0.0004368,0.0004039,0.0003822,0.0003447,0.0003228,0.0003022,0.0002814,0.0002495,0.0002114,0.0001826,0.0001519,0.0001272,0.0001052,8.609e-05,7.167e-05,5.885e-05,4.572e-05,3.657e-05,2.881e-05,2.193e-05,1.667e-05,1.108e-05,8.168e-06,6.212e-06,4.003e-06,3.557e-06,3.162e-06,2.675e-06,2.402e-06,2.26e-06,2.432e-06,2.31e-06,2.118e-06,2.209e-06,2.544e-06,1.976e-06,1.966e-06,1.936e-06,1.946e-06,1.753e-06,1.277e-06,1.257e-06,1.186e-06,1.317e-06
0.0004654,0.0005107,0.0004646,0.0004982,0.0004542,0.0004291,0.0004044,0.0003826,0.0003411,0.0003251,0.0003045,0.0002792,0.0002464,0.000213,0.0001792,0.000154,0.0001237,0.0001057,8.608e-05,7.124e-05,5.682e-05,4.668e-05,3.638e-05,2.981e-05,2.155e-05,1.627e-05,1.182e-05,8.634e-06,5.959e-06,4.357e-06,3.283e-06,2.756e-06,2.564e-06,2.736e-06,2.24e-06,2.331e-06,2.402e-06,2.442e-06,2.321e-06,2.138e-06,1.936e-06,1.733e-06,1.844e-06,1.814e-06,1.682e-06,1.642e-06,1.165e-06,1.206e-06,8.918e-07
0.0004897,0.0005294,0.0004769,0.0005112,0.0004603,0.000436,0.0004046,0.0003834,0.0003416,0.0003179,0.0003031,0.0002811,0.0002513,0.0002157,0.0001803,0.0001546,0.0001266,0.0001054,8.591e-05,7.202e-05,5.962e-05,4.662e-05,3.819e-05,3.012e-05,2.32e-05,1.661e-05,1.216e-05,8.999e-06,6.333e-06,4.56e-06,3.851e-06,2.827e-06,2.554e-06,2.392e-06,2.584e-06,2.473e-06,2.655e-06,2.432e-06,2.462e-06,2.26e-06,1.936e-06,2.037e-06,2.331e-06,1.702e-06,1.814e-06,1.307e-06,1.044e-06,1.175e-06,9.627e-07
0.0004806,0.0005254,0.0004723,0.0005078,0.0004557,0.0004384,0.0004041,0.0003839,0.0003424,0.0003217,0.0003024,0.0002796,0.0002494,0.0002148,0.0001819,0.0001508,0.000126,0.0001067,8.747e-05,7.082e-05,5.904e-05,4.567e-05,3.739e-05,2.928e-05,2.175e-05,1.678e-05,1.192e-05,8.897e-06,6.475e-06,4.246e-06,3.192e-06,2.817e-06,2.817e-06,2.554e-06,2.493e-06,2.24e-06,2.371e-06,2.331e-06,2.098e-06,2.229e-06,1.986e-06,2.148e-06,1.723e-06,1.966e-06,1.419e-06,1.398e-06,1.317e-06,1.003e-06,1.145e-06
0.0004843,0.000533,0.0004728,0.0005066,0.0004614,0.0004327,0.0003993,0.0003842,0.0003425,0.000323,0.0003051,0.0002795,0.0002504,0.0002124,0.0001799,0.0001523,0.0001265,0.0001059,8.571e-05,6.965e-05,5.777e-05,4.675e-05,3.798e-05,2.916e-05,2.221e-05,1.705e-05,1.185e-05,8.563e-06,6.181e-06,4.307e-06,3.608e-06,2.837e-06,2.675e-06,2.483e-06,2.128e-06,2.098e-06,2.3e-06,2.371e-06,2.452e-06,2.229e-06,2.169e-06,2.027e-06,1.956e-06,1.713e-06,1.834e-06,1.621e-06,1.439e-06,1.044e-06,1.003e-06
0.0004785,0.0005232,0.0004704,0.0005007,0.000464,0.0004373,0.0004076,0.0003834,0.0003413,0.0003212,0.0003077,0.0002783,0.0002488,0.0002144,0.0001827,0.0001525,0.0001264,0.0001047,8.684e-05,7.115e-05,5.938e-05,4.601e-05,3.609e-05,3.006e-05,2.218e-05,1.6e-05,1.212e-05,8.796e-06,5.776e-06,4.469e-06,3.354e-06,2.848e-06,2.918e-06,2.554e-06,2.402e-06,2.655e-06,2.077e-06,2.169e-06,2.27e-06,1.976e-06,2.189e-06,1.905e-06,1.905e-06,1.946e-06,1.368e-06,1.327e-06,1.277e-06,1.388e-06,1.094e-06
0.000477,0.0005226,0.0004725,0.0005021,0.0004572,0.00044,0.0004029,0.0003834,0.0003434,0.0003175,0.0003048,0.0002793,0.0002478,0.0002126,0.0001811,0.0001517,0.0001258,0.000105,8.705e-05,7.051e-05,5.85e-05,4.672e-05,3.607e-05,2.909e-05,2.177e-05,1.648e-05,1.226e-05,8.512e-06,6.029e-06,4.54e-06,3.07e-06,3.212e-06,2.452e-06,2.675e-06,2.625e-06,2.331e-06,2.169e-06,2.229e-06,2.27e-06,2.128e-06,1.966e-06,1.905e-06,1.713e-06,1.804e-06,1.459e-06,1.692e-06,1.287e-06,1.419e-06,1.054e-06
0.0004828,0.000526,0.000475,0.0005092,0.0004607,0.0004347,0.0004055,0.0003796,0.0003436,0.0003254,0.0003063,0.0002824,0.0002514,0.0002138,0.00018,0.000152,0.0001243,0.0001073,8.728e-05,7.246e-05,5.878e-05,4.806e-05,3.678e-05,2.981e-05,2.317e-05,1.693e-05,1.178e-05,8.259e-06,6.009e-06,4.915e-06,3.456e-06,3.222e-06,2.766e-06,2.635e-06,2.452e-06,2.229e-06,2.24e-06,2.209e-06,2.3e-06,2.128e-06,2.29e-06,2.047e-06,1.763e-06,1.936e-06,1.52e-06,1.439e-06,1.429e-06,1.226e-06,1.064e-06
0.0004826,0.0005222,0.000474,0.0005064,0.0004612,0.000435,0.000404,0.0003804,0.0003428,0.0003198,0.0003085,0.0002747,0.0002492,0.000213,0.0001816,0.0001532,0.0001253,0.0001041,8.651e-05,7.201e-05,5.754e-05,4.616e-05,3.718e-05,2.876e-05,2.2e-05,1.583e-05,1.211e-05,8.674e-06,6.06e-06,4.611e-06,3.567e-06,3.01e-06,2.685e-06,2.452e-06,2.28e-06,2.199e-06,2.037e-06,2.381e-06,2.26e-06,2.098e-06,2.027e-06,2.057e-06,1.885e-06,1.5e-06,1.479e-06,1.419e-06,1.307e-06,1.155e-06,1.105e-06
0.0004621,0.0005119,0.0004627,0.0004958,0.0004586,0.0004331,0.0004064,0.0003839,0.0003434,0.000322,0.0003034,0.0002824,0.0002491,0.0002122,0.0001831,0.0001527,0.000123,0.0001051,8.471e-05,7.083e-05,5.721e-05,4.581e-05,3.617e-05,2.86e-05,2.182e-05,1.64e-05,1.166e-05,8.097e-06,5.837e-06,4.672e-06,3.466e-06,2.797e-06,2.503e-06,2.3e-06,2.432e-06,2.077e-06,2.047e-06,2.3e-06,2.483e-06,2.158e-06,2.138e-06,1.733e-06,1.925e-06,1.804e-06,1.631e-06,1.419e-06,1.246e-06,1.226e-06,1.115e-06
0.0004758,0.0005229,0.0004683,0.0005032,0.000461,0.0004329,0.0004035,0.0003817,0.0003435,0.0003218,0.0003034,0.0002785,0.0002475,0.0002146,0.0001809,0.0001514,0.0001264,0.0001068,8.764e-05,7.096e-05,5.87e-05,4.657e-05,3.692e-05,2.827e-05,2.212e-05,1.591e-05,1.198e-05,8.806e-06,5.989e-06,4.266e-06,3.476e-06,2.898e-06,2.321e-06,2.594e-06,2.351e-06,2.574e-06,2.381e-06,2.25e-06,2.138e-06,2.118e-06,2.169e-06,1.905e-06,1.966e-06,1.631e-06,1.601e-06,1.338e-06,1.257e-06,1.074e-06,9.526e-07
0.0004741,0.0005184,0.0004661,0.0005017,0.0004592,0.0004377,0.0004044,0.000388,0.0003426,0.0003176,0.000304,0.0002809,0.0002499,0.0002137,0.0001811,0.0001516,0.0001239,0.0001066,8.648e-05,7.036e-05,5.959e-05,4.701e-05,3.722e-05,2.932e-05,2.089e-05,1.623e-05,1.145e-05,8.411e-06,5.817e-06,4.428e-06,3.182e-06,2.837e-06,2.442e-06,2.594e-06,2.462e-06,2.412e-06,2.29e-06,2.3e-06,2.493e-06,2.412e-06,2.27e-06,2.118e-06,1.854e-06,1.571e-06,1.5e-06,1.631e-06,1.388e-06,1.145e-06,1.105e-06
0.0004801,0.0005268,0.0004745,0.0005063,0.0004581,0.0004321,0.0004065,0.0003803,0.0003451,0.0003225,0.000307,0.0002789,0.000252,0.0002107,0.0001817,0.0001515,0.0001257,0.0001056,8.771e-05,7.142e-05,5.806e-05,4.585e-05,3.73e-05,2.974e-05,2.248e-05,1.621e-05,1.216e-05,8.411e-06,5.877e-06,4.58e-06,3.668e-06,3.01e-06,2.614e-06,2.665e-06,2.392e-06,2.412e-06,2.675e-06,2.341e-06,2.544e-06,2.128e-06,2.219e-06,2.077e-06,2.098e-06,1.642e-06,1.52e-06,1.459e-06,1.257e-06,1.145e-06,9.12e-07
0,0,0,0,0,0,0,0,0,0,0,0,0,0,0,0,0,0,0,0,0,0,0,0,0,0,0,0,0,0,0,0,0,0,0,0,0,0,0,0,0,0,0,0,0,0,0,0,0
4th quartile
1.325e+12,1.462e+12,1.611e+12,1.775e+12,1.961e+12,2.163e+12,2.387e+12,2.635e+12,2.912e+12,3.214e+12,3.549e+12,3.917e+12,4.321e+12,4.767e+12,5.258e+12,5.803e+12,6.403e+12,7.068e+12,7.797e+12,8.608e+12,9.496e+12,1.049e+13,1.156e+13,1.273e+13,1.408e+13,1.553e+13,1.71e+13,1.898e+13,2.085e+13,2.312e+13,2.557e+13,2.819e+13,3.108e+13,3.42e+13,3.785e+13,4.183e+13,4.598e+13,5.086e+13,5.623e+13,6.236e+13,6.833e+13,7.573e+13,8.359e+13,9.203e+13,1.007e+14,1.123e+14,1.245e+14,1.378e+14,1.507e+14
0.000665,0.000709,0.0006064,0.0006024,0.0005105,0.00045,0.0003867,0.0003368,0.0002788,0.0002409,0.0002108,0.0001868,0.0001622,0.0001317,0.0001076,8.351e-05,6.254e-05,4.744e-05,3.669e-05,2.773e-05,1.977e-05,1.346e-05,1e-05,7.114e-06,4.165e-06,2.989e-06,1.834e-06,1.317e-06,1.155e-06,9.627e-07,9.019e-07,1.034e-06,1.013e-06,9.12e-07,8.715e-07,9.12e-07,1.023e-06,8.816e-07,9.728e-07,8.918e-07,7.701e-07,8.107e-07,8.614e-07,7.803e-07,7.803e-07,5.979e-07,6.08e-07,5.472e-07,4.763e-07
0.0006756,0.0007104,0.0006124,0.0006097,0.0005111,0.0004471,0.0003892,0.0003415,0.0002818,0.000244,0.0002127,0.0001883,0.0001623,0.0001352,0.0001093,8.354e-05,6.381e-05,5.023e-05,3.601e-05,2.727e-05,2.056e-05,1.447e-05,9.728e-06,7.499e-06,4.864e-06,3.07e-06,2.351e-06,1.5e-06,1.044e-06,9.931e-07,9.424e-07,8.614e-07,9.222e-07,1.023e-06,9.83e-07,9.424e-07,1.054e-06,9.323e-07,1.023e-06,8.715e-07,8.614e-07,9.222e-07,8.005e-07,8.614e-07,6.891e-07,5.877e-07,4.256e-07,4.155e-07,5.269e-07
0.0006789,0.0007134,0.0006135,0.0006091,0.0005164,0.0004512,0.0003858,0.0003414,0.0002864,0.0002483,0.0002164,0.0001913,0.0001604,0.0001339,0.0001079,8.394e-05,6.428e-05,5.103e-05,3.822e-05,2.671e-05,2.064e-05,1.465e-05,1.048e-05,7.256e-06,4.996e-06,3.314e-06,2.361e-06,1.601e-06,1.226e-06,1.054e-06,9.222e-07,9.424e-07,7.6e-07,9.526e-07,8.816e-07,9.931e-07,9.728e-07,1.023e-06,8.512e-07,9.424e-07,8.614e-07,9.526e-07,6.587e-07,8.816e-07,6.891e-07,6.283e-07,5.168e-07,4.053e-07,5.168e-07
0.0006748,0.0007121,0.0006112,0.0006029,0.0005085,0.0004496,0.0003856,0.0003415,0.0002823,0.0002445,0.0002124,0.0001871,0.00016,0.0001321,0.0001083,8.498e-05,6.35e-05,4.914e-05,3.547e-05,2.739e-05,2.01e-05,1.42e-05,1.046e-05,7.468e-06,4.489e-06,3.131e-06,2.27e-06,1.682e-06,1.196e-06,1.135e-06,1.023e-06,9.222e-07,9.12e-07,7.904e-07,1.034e-06,9.526e-07,8.107e-07,9.019e-07,1.054e-06,9.424e-07,9.019e-07,9.323e-07,6.688e-07,8.411e-07,5.675e-07,7.195e-07,6.08e-07,5.776e-07,5.979e-07
0.0006708,0.0007111,0.0006067,0.0006058,0.0005076,0.0004503,0.0003869,0.0003382,0.0002814,0.0002447,0.0002127,0.0001855,0.0001618,0.0001348,0.0001092,8.141e-05,6.332e-05,4.88e-05,3.616e-05,2.753e-05,1.991e-05,1.399e-05,9.607e-06,6.658e-06,4.783e-06,2.949e-06,1.682e-06,1.682e-06,1.105e-06,1.034e-06,1.034e-06,8.31e-07,9.424e-07,9.526e-07,9.526e-07,9.019e-07,7.904e-07,9.222e-07,8.715e-07,1.155e-06,9.83e-07,9.019e-07,8.31e-07,7.803e-07,7.803e-07,6.587e-07,5.168e-07,5.371e-07,4.763e-07
0.0006664,0.0007027,0.0006035,0.0006056,0.000509,0.0004481,0.0003835,0.0003383,0.0002779,0.0002434,0.0002129,0.0001839,0.0001602,0.0001308,0.000105,8.085e-05,6.214e-05,4.818e-05,3.559e-05,2.728e-05,1.988e-05,1.385e-05,9.698e-06,6.759e-06,4.449e-06,3.03e-06,1.763e-06,1.419e-06,1.246e-06,1.125e-06,7.904e-07,1.013e-06,8.816e-07,8.918e-07,9.83e-07,8.614e-07,9.12e-07,7.701e-07,1.044e-06,8.107e-07,8.411e-07,8.31e-07,8.208e-07,7.904e-07,5.573e-07,5.472e-07,5.067e-07,4.56e-07,5.371e-07
0.0006783,0.0007122,0.000611,0.0006019,0.0005131,0.0004498,0.0003862,0.0003407,0.0002819,0.0002447,0.0002124,0.0001861,0.0001617,0.0001333,0.000108,8.427e-05,6.355e-05,4.976e-05,3.69e-05,2.745e-05,2.094e-05,1.439e-05,1.03e-05,7.083e-06,5.036e-06,3.496e-06,2.219e-06,1.449e-06,1.226e-06,9.728e-07,9.627e-07,8.411e-07,9.019e-07,9.526e-07,8.816e-07,8.816e-07,9.728e-07,8.31e-07,1.003e-06,9.526e-07,9.424e-07,1.003e-06,6.992e-07,8.715e-07,7.904e-07,6.688e-07,5.979e-07,4.053e-07,5.573e-07
0.0006651,0.0007064,0.0006053,0.0006045,0.0005119,0.0004499,0.000386,0.0003381,0.0002798,0.000242,0.0002111,0.0001855,0.0001622,0.0001311,0.0001063,8.152e-05,6.017e-05,4.841e-05,3.532e-05,2.633e-05,1.998e-05,1.411e-05,9.647e-06,7.489e-06,4.499e-06,3.324e-06,1.824e-06,1.378e-06,1.236e-06,9.728e-07,9.323e-07,8.411e-07,7.904e-07,9.12e-07,9.931e-07,1.034e-06,9.83e-07,9.83e-07,1.115e-06,9.222e-07,8.816e-07,8.614e-07,7.904e-07,7.093e-07,8.208e-07,7.296e-07,4.763e-07,5.472e-07,5.371e-07
0.0006604,0.0007005,0.0006031,0.000599,0.0005117,0.0004449,0.0003821,0.0003356,0.0002764,0.0002409,0.0002122,0.000184,0.000159,0.0001322,0.0001055,8.063e-05,6.164e-05,4.871e-05,3.62e-05,2.667e-05,1.936e-05,1.354e-05,9.698e-06,6.415e-06,4.753e-06,3.06e-06,2.128e-06,1.388e-06,1.307e-06,1.074e-06,9.424e-07,6.789e-07,9.627e-07,9.222e-07,9.019e-07,7.803e-07,9.12e-07,1.094e-06,8.918e-07,9.728e-07,1.165e-06,8.208e-07,8.512e-07,6.789e-07,6.789e-07,7.397e-07,5.067e-07,5.067e-07,4.459e-07
0.0006776,0.0007047,0.0006089,0.0006063,0.0005141,0.0004536,0.0003843,0.0003382,0.0002823,0.0002417,0.0002128,0.0001856,0.0001623,0.0001332,0.000107,8.283e-05,6.281e-05,4.852e-05,3.539e-05,2.563e-05,2.022e-05,1.443e-05,9.9e-06,7.286e-06,4.854e-06,3.07e-06,2.077e-06,1.439e-06,1.246e-06,9.222e-07,8.816e-07,9.019e-07,9.12e-07,9.627e-07,9.12e-07,8.107e-07,8.31e-07,1.074e-06,9.931e-07,9.222e-07,8.208e-07,8.107e-07,7.296e-07,8.411e-07,6.384e-07,6.587e-07,5.573e-07,5.776e-07,4.661e-07
0.0006604,0.0006976,0.0006021,0.0006064,0.0005068,0.0004452,0.0003847,0.0003367,0.0002796,0.0002412,0.0002104,0.000186,0.0001616,0.0001301,0.0001062,8.214e-05,6.12e-05,4.668e-05,3.518e-05,2.598e-05,1.899e-05,1.379e-05,9.333e-06,7.023e-06,4.712e-06,3.202e-06,1.936e-06,1.702e-06,1.155e-06,9.526e-07,9.83e-07,7.397e-07,9.83e-07,7.195e-07,7.803e-07,8.816e-07,8.918e-07,8.715e-07,9.424e-07,9.728e-07,8.918e-07,7.296e-07,9.627e-07,6.992e-07,6.891e-07,6.587e-07,5.269e-07,5.472e-07,5.573e-07
0.0006726,0.0007109,0.0006053,0.0006075,0.0005142,0.0004494,0.0003849,0.0003394,0.0002805,0.0002439,0.0002109,0.0001882,0.0001613,0.0001324,0.0001075,8.351e-05,6.272e-05,4.862e-05,3.682e-05,2.668e-05,2.079e-05,1.491e-05,1.023e-05,7.367e-06,5.067e-06,2.979e-06,2.128e-06,1.54e-06,1.135e-06,1.064e-06,8.31e-07,1.054e-06,8.614e-07,1.013e-06,7.397e-07,1.023e-06,9.222e-07,9.222e-07,1.125e-06,9.424e-07,9.931e-07,9.222e-07,9.12e-07,6.08e-07,7.499e-07,5.675e-07,5.168e-07,5.877e-07,4.864e-07
0.0006765,0.0007109,0.00061,0.0006091,0.0005109,0.0004543,0.0003878,0.0003384,0.0002818,0.0002455,0.0002139,0.0001873,0.0001641,0.0001346,0.000109,8.381e-05,6.424e-05,5.016e-05,3.761e-05,2.832e-05,2.007e-05,1.44e-05,1.125e-05,6.81e-06,4.489e-06,3.354e-06,2.432e-06,1.561e-06,1.165e-06,1.145e-06,8.918e-07,9.12e-07,1.165e-06,1.034e-06,9.222e-07,8.31e-07,1.054e-06,1.003e-06,8.614e-07,9.627e-07,1.023e-06,9.323e-07,8.005e-07,8.816e-07,6.384e-07,6.688e-07,6.891e-07,6.384e-07,4.256e-07
0.0006542,0.0006989,0.0005991,0.0006003,0.000508,0.0004491,0.0003828,0.0003367,0.0002757,0.0002403,0.0002082,0.0001819,0.0001587,0.0001281,0.0001051,8.053e-05,6.022e-05,4.694e-05,3.619e-05,2.605e-05,1.922e-05,1.24e-05,1.031e-05,6.465e-06,4.449e-06,2.888e-06,2.067e-06,1.327e-06,1.054e-06,8.715e-07,8.816e-07,7.6e-07,8.208e-07,8.715e-07,8.715e-07,7.499e-07,8.512e-07,9.83e-07,9.424e-07,7.397e-07,7.904e-07,1.003e-06,6.992e-07,6.485e-07,6.992e-07,7.296e-07,6.181e-07,3.952e-07,3.952e-07
0.0006767,0.0007092,0.00061,0.0006049,0.000509,0.0004517,0.000385,0.0003378,0.000282,0.0002411,0.0002157,0.0001864,0.0001624,0.0001311,0.0001056,8.449e-05,6.232e-05,4.871e-05,3.505e-05,2.66e-05,2.041e-05,1.366e-05,9.819e-06,7.114e-06,5.117e-06,3.172e-06,2.108e-06,1.52e-06,1.216e-06,9.83e-07,7.904e-07,9.526e-07,9.424e-07,8.512e-07,1.145e-06,9.931e-07,8.816e-07,9.12e-07,7.701e-07,9.12e-07,8.411e-07,8.918e-07,7.296e-07,8.411e-07,7.397e-07,6.08e-07,5.776e-07,6.485e-07,4.256e-07
0.0006776,0.0007108,0.0006087,0.000606,0.0005113,0.0004538,0.0003852,0.0003386,0.0002814,0.0002445,0.0002133,0.000187,0.0001663,0.0001324,0.0001054,8.304e-05,6.255e-05,4.935e-05,3.677e-05,2.681e-05,1.999e-05,1.419e-05,1.015e-05,7.195e-06,4.449e-06,3.263e-06,2.158e-06,1.54e-06,1.196e-06,1.064e-06,1.044e-06,7.296e-07,7.499e-07,9.12e-07,8.411e-07,8.005e-07,8.918e-07,8.816e-07,1.034e-06,1.094e-06,1.003e-06,8.512e-07,7.093e-07,7.195e-07,8.614e-07,6.485e-07,7.296e-07,4.56e-07,6.587e-07
0.0006687,0.0007078,0.0006066,0.0006063,0.0005119,0.0004483,0.0003823,0.0003335,0.0002804,0.0002428,0.0002082,0.0001854,0.0001603,0.0001308,0.0001071,8.188e-05,6.152e-05,4.918e-05,3.691e-05,2.712e-05,2.019e-05,1.447e-05,9.819e-06,7.215e-06,4.894e-06,3.202e-06,2.544e-06,1.429e-06,1.034e-06,1.236e-06,8.512e-07,7.296e-07,8.31e-07,8.816e-07,7.904e-07,9.526e-07,7.803e-07,7.803e-07,8.005e-07,1.064e-06,9.019e-07,9.222e-07,7.499e-07,7.093e-07,6.789e-07,8.512e-07,5.675e-07,5.776e-07,3.952e-07
0.0006615,0.0007054,0.0006025,0.0006033,0.0005104,0.0004507,0.0003871,0.000337,0.000278,0.0002399,0.000208,0.0001843,0.0001591,0.0001327,0.000107,8e-05,6.023e-05,4.631e-05,3.533e-05,2.638e-05,1.91e-05,1.393e-05,9.505e-06,6.749e-06,4.479e-06,3.02e-06,2.017e-06,1.439e-06,1.064e-06,1.044e-06,9.12e-07,1.003e-06,9.019e-07,1.003e-06,1.034e-06,8.107e-07,8.918e-07,9.12e-07,9.931e-07,7.904e-07,8.614e-07,8.816e-07,7.195e-07,7.803e-07,7.701e-07,6.992e-07,6.587e-07,5.675e-07,4.155e-07
0.0006652,0.0007058,0.0006046,0.0006054,0.0005091,0.0004528,0.0003859,0.0003389,0.000279,0.0002413,0.0002107,0.0001838,0.0001608,0.0001321,0.0001075,8.345e-05,6.282e-05,4.798e-05,3.567e-05,2.653e-05,1.984e-05,1.336e-05,9.627e-06,7.195e-06,4.631e-06,2.969e-06,2.037e-06,1.267e-06,1.327e-06,1.023e-06,8.614e-07,1.003e-06,1.003e-06,7.701e-07,9.728e-07,7.904e-07,8.816e-07,8.918e-07,9.12e-07,1.013e-06,7.6e-07,6.992e-07,8.411e-07,7.499e-07,6.688e-07,6.08e-07,5.979e-07,6.384e-07,4.864e-07
0.0006698,0.0007107,0.0006075,0.0006061,0.0005096,0.0004475,0.0003862,0.0003366,0.0002797,0.0002439,0.000211,0.0001844,0.0001606,0.0001328,0.0001056,8.183e-05,6.167e-05,4.828e-05,3.564e-05,2.695e-05,1.984e-05,1.418e-05,9.617e-06,6.769e-06,4.438e-06,2.918e-06,2.088e-06,1.469e-06,1.064e-06,8.715e-07,9.222e-07,9.83e-07,9.12e-07,1.054e-06,7.6e-07,7.093e-07,9.526e-07,8.715e-07,8.918e-07,8.715e-07,8.31e-07,8.614e-07,8.512e-07,7.195e-07,6.891e-07,6.283e-07,5.472e-07,5.269e-07,4.155e-07
0.0006609,0.0007024,0.0006072,0.0006019,0.0005157,0.0004436,0.0003832,0.0003348,0.0002818,0.0002439,0.0002112,0.0001834,0.0001592,0.0001312,0.0001037,8.207e-05,6.227e-05,4.763e-05,3.506e-05,2.633e-05,2.042e-05,1.355e-05,9.809e-06,6.789e-06,4.195e-06,2.696e-06,1.936e-06,1.398e-06,1.044e-06,1.094e-06,7.904e-07,8.208e-07,7.803e-07,7.904e-07,9.526e-07,8.715e-07,8.715e-07,9.627e-07,7.701e-07,6.992e-07,8.208e-07,7.195e-07,1.115e-06,6.384e-07,8.512e-07,5.877e-07,5.675e-07,4.256e-07,5.168e-07
0.0006679,0.0007106,0.0006077,0.0006078,0.0005122,0.0004492,0.0003841,0.0003404,0.0002829,0.0002428,0.0002137,0.0001861,0.0001627,0.0001339,0.0001071,8.443e-05,6.251e-05,4.939e-05,3.523e-05,2.737e-05,1.962e-05,1.447e-05,9.85e-06,6.546e-06,4.712e-06,3.162e-06,2.28e-06,1.368e-06,1.196e-06,9.019e-07,8.816e-07,9.931e-07,7.803e-07,1.145e-06,1.034e-06,8.512e-07,8.918e-07,9.627e-07,9.728e-07,1.084e-06,9.627e-07,8.411e-07,8.715e-07,5.675e-07,7.499e-07,6.789e-07,6.485e-07,5.776e-07,5.067e-07
0.0006774,0.0007106,0.0006035,0.000609,0.0005163,0.0004546,0.0003839,0.0003366,0.0002821,0.0002429,0.0002129,0.000186,0.0001609,0.0001345,0.000107,8.403e-05,6.391e-05,4.933e-05,3.71e-05,2.776e-05,2.025e-05,1.398e-05,1.002e-05,6.931e-06,4.621e-06,3.253e-06,2.006e-06,1.49e-06,9.526e-07,1.155e-06,1.145e-06,7.296e-07,8.918e-07,9.424e-07,8.107e-07,6.992e-07,8.512e-07,9.526e-07,9.526e-07,7.6e-07,9.424e-07,8.614e-07,8.31e-07,7.904e-07,6.891e-07,7.195e-07,6.891e-07,5.472e-07,4.864e-07
0.0006778,0.0007099,0.0006055,0.0006027,0.0005123,0.0004512,0.0003838,0.000339,0.0002847,0.0002426,0.0002141,0.0001852,0.0001636,0.0001347,0.0001065,8.371e-05,6.332e-05,4.786e-05,3.634e-05,2.724e-05,2.081e-05,1.438e-05,1e-05,6.891e-06,5.391e-06,3.222e-06,2.189e-06,1.53e-06,1.196e-06,8.715e-07,8.512e-07,8.005e-07,7.701e-07,9.12e-07,9.627e-07,9.526e-07,8.107e-07,9.931e-07,7.397e-07,8.005e-07,8.816e-07,8.411e-07,8.816e-07,8.107e-07,7.904e-07,7.499e-07,6.08e-07,5.979e-07,4.864e-07
0.0006691,0.0007046,0.0006019,0.00061,0.0005125,0.000448,0.000386,0.0003357,0.000279,0.0002434,0.0002112,0.0001851,0.0001608,0.0001318,0.0001053,8.376e-05,6.217e-05,4.827e-05,3.622e-05,2.612e-05,1.97e-05,1.355e-05,1.021e-05,7.225e-06,4.996e-06,3.07e-06,2.209e-06,1.439e-06,1.135e-06,1.115e-06,9.424e-07,9.83e-07,1.175e-06,1.003e-06,9.222e-07,8.918e-07,9.83e-07,7.803e-07,9.424e-07,9.424e-07,8.512e-07,8.614e-07,8.918e-07,6.992e-07,7.397e-07,6.891e-07,5.573e-07,4.965e-07,4.459e-07
0.0006657,0.0007011,0.0006044,0.0006009,0.0005111,0.0004501,0.0003815,0.0003394,0.0002757,0.000241,0.0002067,0.0001838,0.000159,0.0001307,0.000105,8.1e-05,6.304e-05,4.784e-05,3.555e-05,2.822e-05,1.933e-05,1.392e-05,1.01e-05,6.202e-06,4.661e-06,2.797e-06,1.956e-06,1.53e-06,1.206e-06,1.013e-06,9.019e-07,9.019e-07,1.094e-06,9.222e-07,1.074e-06,1.115e-06,8.918e-07,9.627e-07,7.6e-07,9.323e-07,9.019e-07,9.424e-07,6.181e-07,7.499e-07,7.499e-07,7.296e-07,6.08e-07,4.864e-07,5.877e-07
0.0006559,0.0007034,0.000604,0.0005991,0.00051,0.0004493,0.000385,0.0003357,0.0002814,0.0002418,0.0002078,0.0001829,0.0001577,0.0001288,0.0001053,8.004e-05,6.127e-05,4.763e-05,3.39e-05,2.648e-05,1.953e-05,1.445e-05,9.86e-06,6.455e-06,4.732e-06,2.817e-06,1.966e-06,1.621e-06,1.206e-06,9.931e-07,9.83e-07,8.614e-07,8.411e-07,9.424e-07,9.323e-07,7.6e-07,8.512e-07,9.526e-07,9.728e-07,8.31e-07,9.019e-07,8.005e-07,7.803e-07,6.891e-07,7.904e-07,5.067e-07,5.675e-07,3.648e-07,4.459e-07
0.0006714,0.0007016,0.0006048,0.0006075,0.0005129,0.0004473,0.0003858,0.0003366,0.0002813,0.0002417,0.0002125,0.0001885,0.0001617,0.0001325,0.0001076,8.323e-05,6.373e-05,4.898e-05,3.647e-05,2.622e-05,2.069e-05,1.45e-05,9.961e-06,7.083e-06,4.793e-06,3.334e-06,1.966e-06,1.52e-06,1.145e-06,9.222e-07,1.064e-06,1.054e-06,8.512e-07,9.728e-07,1.003e-06,1.054e-06,8.715e-07,8.005e-07,7.397e-07,9.627e-07,9.12e-07,8.715e-07,9.222e-07,1.003e-06,6.789e-07,7.296e-07,5.371e-07,5.472e-07,5.371e-07
0.0006665,0.0007041,0.0006013,0.0006072,0.0005108,0.0004471,0.0003839,0.000339,0.0002834,0.00024,0.0002112,0.0001838,0.0001632,0.0001309,0.0001048,8.371e-05,6.313e-05,4.847e-05,3.588e-05,2.597e-05,1.957e-05,1.373e-05,9.9e-06,7.083e-06,4.864e-06,2.989e-06,1.844e-06,1.53e-06,1.013e-06,1.003e-06,1.023e-06,8.107e-07,1.023e-06,8.715e-07,8.411e-07,1.013e-06,8.614e-07,7.803e-07,1.023e-06,9.424e-07,8.614e-07,9.526e-07,8.512e-07,8.816e-07,8.107e-07,7.296e-07,4.864e-07,4.459e-07,5.269e-07
0.0006753,0.0007124,0.0006052,0.0006076,0.0005081,0.0004551,0.000391,0.0003398,0.0002824,0.0002406,0.0002145,0.0001869,0.0001625,0.0001312,0.0001069,8.428e-05,6.302e-05,4.822e-05,3.664e-05,2.728e-05,2.041e-05,1.434e-05,1.051e-05,7.256e-06,4.682e-06,3.06e-06,2.179e-06,1.753e-06,1.155e-06,1.013e-06,9.424e-07,8.005e-07,8.918e-07,9.424e-07,9.323e-07,1.064e-06,8.715e-07,7.803e-07,9.424e-07,8.614e-07,8.31e-07,8.614e-07,9.019e-07,6.789e-07,6.485e-07,5.776e-07,7.701e-07,5.269e-07,5.067e-07
0.0006625,0.0007054,0.0006109,0.0006015,0.0005111,0.0004505,0.0003843,0.0003354,0.0002825,0.0002413,0.0002114,0.0001848,0.0001589,0.0001314,0.0001059,8.286e-05,6.44e-05,4.829e-05,3.56e-05,2.773e-05,1.928e-05,1.412e-05,9.87e-06,7.124e-06,4.682e-06,3.415e-06,2.158e-06,1.5e-06,9.931e-07,1.125e-06,1.064e-06,6.789e-07,8.512e-07,9.019e-07,1.074e-06,7.701e-07,8.411e-07,1.023e-06,8.208e-07,9.424e-07,9.222e-07,8.918e-07,7.499e-07,8.918e-07,7.397e-07,7.296e-07,5.371e-07,3.952e-07,3.952e-07
0.0006663,0.0007107,0.0006082,0.0006065,0.0005099,0.0004503,0.000384,0.0003364,0.0002805,0.0002433,0.0002129,0.0001849,0.0001603,0.0001324,0.0001061,8.283e-05,6.229e-05,4.742e-05,3.485e-05,2.63e-05,2.015e-05,1.393e-05,1.036e-05,6.698e-06,4.763e-06,3.212e-06,2.138e-06,1.459e-06,1.155e-06,1.023e-06,7.904e-07,9.931e-07,8.208e-07,8.107e-07,9.12e-07,9.424e-07,9.627e-07,9.728e-07,8.512e-07,8.31e-07,1.084e-06,8.107e-07,9.019e-07,7.701e-07,8.31e-07,6.688e-07,6.789e-07,6.789e-07,3.749e-07
0.0006627,0.0007001,0.0005982,0.000603,0.0005082,0.0004439,0.0003833,0.0003369,0.000278,0.0002392,0.00021,0.0001835,0.0001603,0.0001315,0.0001042,8.145e-05,6.088e-05,4.64e-05,3.444e-05,2.66e-05,1.914e-05,1.371e-05,9.708e-06,6.252e-06,4.205e-06,3.334e-06,2.219e-06,1.55e-06,9.424e-07,9.83e-07,1.125e-06,8.816e-07,8.816e-07,9.728e-07,9.526e-07,7.701e-07,9.728e-07,9.12e-07,8.816e-07,7.296e-07,8.31e-07,8.918e-07,8.816e-07,8.918e-07,6.587e-07,6.789e-07,5.573e-07,6.789e-07,5.776e-07
0.0006826,0.0007154,0.0006113,0.0006047,0.0005116,0.0004486,0.0003842,0.0003408,0.0002855,0.0002421,0.0002168,0.0001892,0.0001634,0.0001365,0.000109,8.546e-05,6.533e-05,4.99e-05,3.687e-05,2.78e-05,2.027e-05,1.495e-05,1.001e-05,7.002e-06,5.219e-06,3.486e-06,2.209e-06,1.865e-06,1.388e-06,1.186e-06,8.715e-07,1.175e-06,8.918e-07,8.816e-07,9.019e-07,8.614e-07,9.728e-07,9.222e-07,1.044e-06,9.526e-07,8.31e-07,7.904e-07,7.701e-07,6.688e-07,7.296e-07,7.093e-07,5.675e-07,4.661e-07,4.459e-07
0.0006774,0.0007099,0.0006089,0.0006084,0.0005111,0.000449,0.0003842,0.0003394,0.0002811,0.0002436,0.0002144,0.0001874,0.0001607,0.0001332,0.0001082,8.277e-05,6.281e-05,4.891e-05,3.771e-05,2.689e-05,2.045e-05,1.413e-05,9.657e-06,7.063e-06,5.036e-06,3.05e-06,1.925e-06,1.378e-06,1.419e-06,8.411e-07,9.424e-07,8.715e-07,7.904e-07,9.222e-07,9.728e-07,8.208e-07,9.424e-07,9.931e-07,9.424e-07,8.614e-07,8.715e-07,8.512e-07,8.715e-07,7.803e-07,7.093e-07,5.573e-07,5.067e-07,5.675e-07,4.56e-07
0.0006791,0.0007203,0.0006062,0.0006142,0.0005123,0.0004497,0.0003837,0.0003388,0.0002843,0.0002471,0.0002128,0.0001883,0.0001647,0.0001322,0.0001094,8.356e-05,6.472e-05,4.951e-05,3.665e-05,2.776e-05,2.115e-05,1.392e-05,1.008e-05,7.154e-06,5.249e-06,3.111e-06,2.067e-06,1.398e-06,1.196e-06,9.728e-07,9.83e-07,1.105e-06,8.512e-07,9.931e-07,9.323e-07,8.918e-07,9.728e-07,7.904e-07,9.526e-07,8.512e-07,8.614e-07,7.701e-07,7.093e-07,8.31e-07,5.472e-07,7.701e-07,7.904e-07,5.776e-07,5.371e-07
0.0006705,0.0007129,0.0006098,0.0006073,0.0005134,0.0004506,0.0003872,0.000337,0.0002812,0.0002396,0.000215,0.0001869,0.0001621,0.000135,0.0001071,8.412e-05,6.472e-05,4.94e-05,3.624e-05,2.738e-05,2.062e-05,1.411e-05,1.065e-05,7.124e-06,4.915e-06,2.949e-06,2.138e-06,1.591e-06,1.145e-06,9.323e-07,1.013e-06,9.728e-07,9.12e-07,7.6e-07,8.715e-07,8.512e-07,1.034e-06,1.003e-06,8.816e-07,9.83e-07,9.627e-07,9.424e-07,8.918e-07,7.195e-07,7.195e-07,6.181e-07,5.877e-07,5.675e-07,5.269e-07
0.0006702,0.0007099,0.0006037,0.0006044,0.0005156,0.0004494,0.0003863,0.0003383,0.0002808,0.0002428,0.000212,0.0001882,0.0001636,0.0001297,0.0001056,8.153e-05,6.299e-05,4.811e-05,3.648e-05,2.706e-05,1.957e-05,1.375e-05,9.759e-06,6.678e-06,4.864e-06,3.354e-06,1.976e-06,1.49e-06,1.064e-06,9.019e-07,1.074e-06,9.323e-07,9.323e-07,9.323e-07,8.411e-07,9.12e-07,9.222e-07,9.019e-07,1.135e-06,9.019e-07,8.005e-07,9.019e-07,8.208e-07,7.904e-07,6.587e-07,6.384e-07,6.08e-07,4.256e-07,4.459e-07
0.0006777,0.0007105,0.0006088,0.0006109,0.000516,0.0004524,0.0003899,0.0003419,0.0002857,0.0002458,0.000214,0.0001876,0.000162,0.000133,0.0001105,8.393e-05,6.597e-05,4.919e-05,3.647e-05,2.761e-05,2.009e-05,1.456e-05,1.053e-05,7.357e-06,4.52e-06,3.405e-06,2.067e-06,1.733e-06,1.145e-06,9.627e-07,1.074e-06,9.931e-07,9.12e-07,8.918e-07,8.614e-07,9.323e-07,9.627e-07,9.627e-07,1.125e-06,8.918e-07,8.715e-07,8.411e-07,7.499e-07,9.526e-07,8.31e-07,7.397e-07,5.067e-07,5.371e-07,3.952e-07
0.0006765,0.0007101,0.0006045,0.0006042,0.0005111,0.0004508,0.0003842,0.0003432,0.0002789,0.0002455,0.0002131,0.0001853,0.0001617,0.0001344,0.0001082,8.514e-05,6.48e-05,4.885e-05,3.633e-05,2.802e-05,2.1e-05,1.425e-05,1.089e-05,7.215e-06,5.047e-06,2.868e-06,1.854e-06,1.459e-06,1.287e-06,1.054e-06,9.424e-07,9.12e-07,9.627e-07,9.323e-07,1.074e-06,9.728e-07,9.83e-07,8.005e-07,1.034e-06,1.155e-06,9.627e-07,9.12e-07,8.107e-07,9.323e-07,7.093e-07,6.992e-07,7.195e-07,5.877e-07,5.371e-07
0.0006642,0.0007018,0.0006022,0.0006047,0.0005094,0.0004488,0.00038,0.0003375,0.0002797,0.0002399,0.0002087,0.0001838,0.0001577,0.0001289,0.0001035,8.087e-05,6.18e-05,4.716e-05,3.56e-05,2.651e-05,1.891e-05,1.409e-05,9.465e-06,6.607e-06,4.793e-06,2.848e-06,2.26e-06,1.429e-06,1.064e-06,9.019e-07,9.627e-07,1.023e-06,7.904e-07,1.074e-06,7.397e-07,7.397e-07,8.107e-07,1.013e-06,7.6e-07,8.614e-07,7.803e-07,8.816e-07,8.816e-07,8.411e-07,6.992e-07,6.384e-07,6.181e-07,6.485e-07,3.547e-07
0.0006775,0.0007091,0.0006076,0.0006082,0.000512,0.0004497,0.0003822,0.0003379,0.0002838,0.0002475,0.0002115,0.0001869,0.0001624,0.0001322,0.0001088,8.243e-05,6.225e-05,4.788e-05,3.573e-05,2.783e-05,1.985e-05,1.399e-05,9.465e-06,7.316e-06,4.651e-06,2.918e-06,2.442e-06,1.652e-06,1.165e-06,1.074e-06,1.084e-06,8.31e-07,1.034e-06,1.074e-06,8.816e-07,7.397e-07,1.023e-06,9.222e-07,8.512e-07,9.019e-07,7.397e-07,1.044e-06,9.323e-07,7.701e-07,8.614e-07,6.283e-07,5.979e-07,5.371e-07,4.053e-07
0.0006675,0.0007107,0.0006095,0.0006038,0.0005116,0.0004459,0.0003858,0.0003355,0.0002812,0.0002417,0.000211,0.0001852,0.0001604,0.0001311,0.0001052,8.102e-05,6.236e-05,4.834e-05,3.515e-05,2.668e-05,2.012e-05,1.443e-05,1.076e-05,6.546e-06,4.57e-06,3.081e-06,1.905e-06,1.449e-06,1.297e-06,1.165e-06,1.003e-06,9.627e-07,9.019e-07,8.512e-07,9.424e-07,9.222e-07,1.084e-06,8.208e-07,8.816e-07,1.034e-06,9.526e-07,9.12e-07,8.31e-07,7.904e-07,5.979e-07,7.701e-07,7.701e-07,4.56e-07,4.357e-07
0.0006749,0.0007101,0.0006024,0.0006112,0.0005126,0.0004506,0.0003842,0.0003363,0.0002818,0.0002438,0.0002145,0.0001885,0.0001635,0.0001341,0.0001076,8.354e-05,6.278e-05,4.975e-05,3.635e-05,2.745e-05,2.032e-05,1.366e-05,1.027e-05,6.759e-06,4.388e-06,2.969e-06,2.361e-06,1.5e-06,1.115e-06,8.816e-07,1.003e-06,9.12e-07,9.323e-07,8.715e-07,9.323e-07,1.054e-06,1.034e-06,1.115e-06,8.918e-07,9.526e-07,9.019e-07,8.918e-07,8.107e-07,7.803e-07,6.181e-07,6.891e-07,5.776e-07,4.56e-07,4.965e-07
0,0,0,0,0,0,0,0,0,0,0,0,0,0,0,0,0,0,0,0,0,0,0,0,0,0,0,0,0,0,0,0,0,0,0,0,0,0,0,0,0,0,0,0,0,0,0,0,0
