  z   OmegaM  h
0.3167 0.3071 0.678
Mass_Bins    dn/dlnM ... 
Here follow 4 mass functions, one for each quartile of the parameter Xoff
1st quartile
bin0,bin1,bin2,bin3,bin4,bin5,bin6,bin7,bin8,bin9,bin10,bin11,bin12,bin13,bin14,bin15,bin16,bin17,bin18,bin19,bin20,bin21,bin22,bin23,bin24,bin25,bin26,bin27,bin28,bin29,bin30,bin31,bin32,bin33,bin34,bin35,bin36,bin37,bin38,bin39,bin40,bin41,bin42,bin43,bin44,bin45,bin46,bin47,bin48
1.326e+12,1.464e+12,1.613e+12,1.778e+12,1.964e+12,2.167e+12,2.389e+12,2.64e+12,2.919e+12,3.222e+12,3.554e+12,3.921e+12,4.325e+12,4.772e+12,5.266e+12,5.812e+12,6.416e+12,7.078e+12,7.815e+12,8.624e+12,9.521e+12,1.051e+13,1.159e+13,1.279e+13,1.413e+13,1.56e+13,1.721e+13,1.899e+13,2.096e+13,2.314e+13,2.553e+13,2.817e+13,3.109e+13,3.433e+13,3.788e+13,4.18e+13,4.614e+13,5.088e+13,5.619e+13,6.196e+13,6.844e+13,7.555e+13,8.338e+13,9.2e+13,1.015e+14,1.121e+14,1.237e+14,1.363e+14,1.506e+14
0.0001156,0.0001362,0.000135,0.0001614,0.0001666,0.0001787,0.0001894,0.000213,0.0002244,0.0002508,0.0002658,0.0002674,0.0002733,0.0002691,0.0002689,0.0002672,0.0002633,0.0002576,0.0002502,0.0002442,0.0002416,0.0002322,0.0002247,0.0002182,0.0002084,0.0002003,0.0001887,0.0001794,0.000169,0.0001566,0.0001422,0.000131,0.0001167,0.0001063,9.153e-05,8.178e-05,7.115e-05,6.374e-05,5.539e-05,4.941e-05,4.165e-05,3.656e-05,3.087e-05,2.772e-05,2.395e-05,2.068e-05,1.664e-05,1.372e-05,1.151e-05
0.0001225,0.0001448,0.0001393,0.0001686,0.0001734,0.000186,0.0001982,0.0002162,0.0002311,0.0002592,0.0002716,0.0002712,0.0002747,0.0002723,0.000269,0.0002692,0.000264,0.0002564,0.0002475,0.0002427,0.00024,0.0002289,0.0002223,0.0002191,0.0002104,0.0001996,0.000188,0.0001789,0.0001656,0.000158,0.000142,0.0001298,0.0001171,0.0001062,9.057e-05,8.032e-05,7.223e-05,6.408e-05,5.468e-05,4.811e-05,4.167e-05,3.671e-05,3.009e-05,2.691e-05,2.356e-05,2.028e-05,1.661e-05,1.468e-05,1.159e-05
0.0001225,0.0001434,0.0001426,0.0001699,0.0001757,0.0001854,0.0001975,0.0002166,0.0002307,0.0002603,0.0002717,0.0002718,0.0002781,0.0002702,0.0002701,0.0002698,0.000259,0.0002618,0.0002494,0.0002469,0.0002414,0.0002342,0.0002256,0.0002161,0.0002094,0.0002016,0.0001912,0.0001806,0.0001699,0.0001553,0.0001435,0.00013,0.0001153,0.0001044,9.254e-05,8.524e-05,7.103e-05,6.429e-05,5.487e-05,4.896e-05,4.254e-05,3.58e-05,3.123e-05,2.691e-05,2.269e-05,1.995e-05,1.644e-05,1.413e-05,1.158e-05
0.0001187,0.0001391,0.0001397,0.0001659,0.0001705,0.0001835,0.0001943,0.0002156,0.0002302,0.0002587,0.0002679,0.0002709,0.0002752,0.0002685,0.0002683,0.0002661,0.0002615,0.0002558,0.0002497,0.0002441,0.0002415,0.0002287,0.0002251,0.0002179,0.0002127,0.0001997,0.0001909,0.000182,0.0001678,0.0001567,0.0001429,0.0001293,0.0001164,0.0001044,9.443e-05,8.268e-05,7.317e-05,6.357e-05,5.532e-05,4.792e-05,4.34e-05,3.646e-05,3.2e-05,2.65e-05,2.329e-05,1.966e-05,1.6e-05,1.408e-05,1.191e-05
0.0001166,0.00014,0.0001389,0.0001627,0.0001703,0.0001785,0.0001922,0.0002116,0.0002286,0.0002552,0.0002715,0.0002703,0.0002733,0.0002723,0.0002703,0.0002683,0.0002596,0.0002588,0.0002504,0.0002446,0.0002388,0.0002313,0.0002247,0.0002194,0.0002093,0.0002029,0.0001898,0.0001805,0.0001688,0.0001563,0.000144,0.0001333,0.0001184,0.0001041,9.184e-05,8.429e-05,7.169e-05,6.273e-05,5.635e-05,4.846e-05,4.133e-05,3.548e-05,3.033e-05,2.73e-05,2.305e-05,1.972e-05,1.585e-05,1.39e-05,1.16e-05
0.0001127,0.000133,0.0001309,0.0001553,0.0001631,0.0001763,0.0001885,0.0002057,0.0002228,0.0002533,0.0002631,0.0002655,0.0002711,0.0002722,0.0002679,0.0002663,0.0002579,0.0002605,0.0002499,0.000246,0.0002427,0.0002309,0.0002258,0.0002175,0.000209,0.0002013,0.0001884,0.0001808,0.000168,0.0001588,0.0001428,0.000131,0.000117,0.000105,9.369e-05,8.187e-05,7.276e-05,6.389e-05,5.472e-05,4.888e-05,4.163e-05,3.632e-05,3.06e-05,2.73e-05,2.409e-05,1.888e-05,1.623e-05,1.407e-05,1.108e-05
0.0001212,0.0001426,0.0001398,0.0001663,0.0001722,0.0001836,0.0001962,0.0002162,0.0002285,0.0002575,0.0002715,0.0002706,0.0002755,0.000274,0.0002693,0.0002672,0.0002573,0.0002583,0.000251,0.0002468,0.0002409,0.0002304,0.0002236,0.0002162,0.0002092,0.0002022,0.0001896,0.0001785,0.0001696,0.0001549,0.0001441,0.0001316,0.0001161,0.0001047,9.312e-05,8.109e-05,7.312e-05,6.4e-05,5.467e-05,4.888e-05,4.258e-05,3.727e-05,3.13e-05,2.73e-05,2.287e-05,1.937e-05,1.652e-05,1.465e-05,1.13e-05
0.0001161,0.000137,0.0001353,0.0001582,0.0001678,0.0001799,0.0001895,0.000207,0.0002253,0.0002537,0.0002659,0.0002677,0.0002765,0.0002717,0.0002729,0.000264,0.0002626,0.0002576,0.000247,0.0002435,0.0002394,0.0002335,0.0002244,0.0002185,0.0002114,0.0001998,0.0001892,0.0001788,0.0001678,0.0001588,0.0001442,0.000131,0.0001177,0.0001039,9.19e-05,8.189e-05,7.296e-05,6.372e-05,5.434e-05,4.854e-05,4.123e-05,3.602e-05,3.157e-05,2.59e-05,2.264e-05,1.987e-05,1.635e-05,1.42e-05,1.172e-05
0.0001117,0.0001302,0.0001303,0.000155,0.0001621,0.0001748,0.0001861,0.000206,0.0002221,0.0002462,0.0002639,0.0002625,0.0002691,0.0002705,0.0002719,0.0002668,0.0002598,0.0002585,0.0002494,0.0002433,0.0002406,0.0002321,0.0002244,0.0002183,0.0002088,0.0002,0.00019,0.00018,0.0001659,0.0001558,0.0001443,0.0001295,0.0001171,0.0001055,9.236e-05,8.229e-05,7.286e-05,6.403e-05,5.649e-05,4.89e-05,4.317e-05,3.612e-05,3.106e-05,2.64e-05,2.346e-05,2.049e-05,1.677e-05,1.388e-05,1.111e-05
0.0001196,0.0001381,0.000138,0.0001673,0.0001687,0.0001828,0.0001946,0.0002121,0.0002262,0.000256,0.0002688,0.000268,0.0002728,0.00027,0.0002733,0.0002672,0.0002595,0.0002581,0.0002482,0.0002456,0.0002392,0.0002287,0.0002267,0.0002167,0.0002077,0.0002012,0.00019,0.0001812,0.0001683,0.0001585,0.0001447,0.0001307,0.0001183,0.0001055,9.119e-05,8.28e-05,7.197e-05,6.236e-05,5.566e-05,4.873e-05,4.152e-05,3.701e-05,3.166e-05,2.701e-05,2.338e-05,1.998e-05,1.64e-05,1.356e-05,1.149e-05
0.0001115,0.0001317,0.0001308,0.0001569,0.0001615,0.0001741,0.0001861,0.0002045,0.0002196,0.0002478,0.0002611,0.0002673,0.0002698,0.0002697,0.0002705,0.000263,0.0002611,0.0002557,0.0002526,0.0002463,0.0002386,0.0002306,0.000225,0.0002178,0.0002093,0.0001995,0.0001897,0.0001801,0.0001704,0.0001573,0.0001436,0.0001287,0.0001164,0.000104,9.123e-05,8.417e-05,7.433e-05,6.236e-05,5.532e-05,4.835e-05,4.234e-05,3.74e-05,3.099e-05,2.748e-05,2.33e-05,1.995e-05,1.645e-05,1.405e-05,1.135e-05
0.0001191,0.0001385,0.0001388,0.0001663,0.0001675,0.0001817,0.000194,0.0002105,0.0002272,0.0002541,0.0002691,0.0002701,0.0002734,0.0002714,0.0002698,0.0002677,0.0002586,0.0002585,0.0002504,0.000247,0.0002401,0.0002339,0.0002236,0.0002187,0.0002118,0.0002022,0.0001911,0.0001801,0.0001716,0.0001555,0.0001444,0.0001276,0.000117,0.0001056,9.278e-05,8.195e-05,7.16e-05,6.219e-05,5.681e-05,4.842e-05,4.14e-05,3.621e-05,3.214e-05,2.643e-05,2.3e-05,1.894e-05,1.678e-05,1.338e-05,1.154e-05
0.0001242,0.0001432,0.0001423,0.0001688,0.0001737,0.0001834,0.0001987,0.0002153,0.0002318,0.0002577,0.0002706,0.0002726,0.0002766,0.0002764,0.0002725,0.0002641,0.0002609,0.0002539,0.0002494,0.0002494,0.0002419,0.0002297,0.0002227,0.0002182,0.0002088,0.0002014,0.000191,0.0001813,0.0001695,0.000157,0.0001454,0.0001292,0.0001174,0.0001039,9.461e-05,8.301e-05,7.237e-05,6.258e-05,5.467e-05,4.897e-05,4.218e-05,3.579e-05,3.109e-05,2.633e-05,2.336e-05,1.966e-05,1.691e-05,1.395e-05,1.181e-05
0.0001092,0.0001281,0.0001282,0.0001549,0.000161,0.000171,0.0001834,0.0002022,0.0002169,0.0002434,0.0002581,0.000265,0.0002658,0.0002655,0.0002673,0.0002634,0.0002601,0.0002586,0.0002483,0.0002449,0.0002401,0.0002301,0.0002253,0.0002169,0.0002103,0.0002019,0.0001916,0.0001801,0.0001666,0.0001571,0.0001428,0.0001308,0.0001161,0.0001069,9.093e-05,8.237e-05,7.23e-05,6.294e-05,5.657e-05,4.902e-05,4.118e-05,3.574e-05,3.134e-05,2.787e-05,2.479e-05,1.963e-05,1.629e-05,1.411e-05,1.131e-05
0.0001196,0.0001407,0.0001372,0.0001661,0.0001699,0.0001809,0.0001954,0.0002117,0.000228,0.0002539,0.0002699,0.000271,0.000269,0.0002721,0.0002724,0.0002676,0.0002604,0.0002584,0.0002496,0.0002457,0.000241,0.0002311,0.0002214,0.0002164,0.0002101,0.0002015,0.0001919,0.0001796,0.0001715,0.0001548,0.0001443,0.0001302,0.0001191,0.000105,9.355e-05,8.279e-05,7.236e-05,6.341e-05,5.405e-05,4.828e-05,4.196e-05,3.629e-05,3.12e-05,2.698e-05,2.255e-05,1.916e-05,1.654e-05,1.44e-05,1.167e-05
0.0001227,0.0001407,0.0001385,0.0001649,0.000174,0.000185,0.0001942,0.0002147,0.0002314,0.0002566,0.0002689,0.0002729,0.0002755,0.0002716,0.0002709,0.0002675,0.0002604,0.0002592,0.0002503,0.0002456,0.00024,0.0002336,0.0002252,0.0002189,0.0002083,0.0002015,0.0001906,0.0001776,0.0001687,0.000157,0.0001426,0.0001279,0.0001173,0.0001042,9.284e-05,8.331e-05,7.261e-05,6.325e-05,5.515e-05,4.772e-05,4.188e-05,3.607e-05,3.147e-05,2.714e-05,2.391e-05,2.05e-05,1.685e-05,1.333e-05,1.136e-05
0.0001152,0.0001367,0.0001352,0.0001601,0.0001647,0.0001777,0.0001903,0.0002094,0.0002275,0.0002558,0.0002667,0.0002696,0.0002738,0.000267,0.0002693,0.0002668,0.0002586,0.0002582,0.0002491,0.0002463,0.0002412,0.0002334,0.000223,0.0002167,0.0002097,0.000199,0.0001906,0.0001796,0.0001692,0.0001557,0.0001431,0.0001322,0.000117,0.0001042,9.269e-05,8.232e-05,7.25e-05,6.492e-05,5.694e-05,4.805e-05,4.168e-05,3.552e-05,3.061e-05,2.818e-05,2.312e-05,1.992e-05,1.697e-05,1.409e-05,1.12e-05
0.0001147,0.0001327,0.0001316,0.0001592,0.0001639,0.0001739,0.000189,0.0002063,0.0002234,0.0002495,0.0002637,0.000269,0.0002689,0.0002694,0.0002699,0.0002655,0.0002586,0.0002584,0.0002492,0.0002473,0.0002438,0.0002314,0.0002242,0.0002191,0.0002104,0.0001985,0.0001917,0.0001805,0.0001679,0.0001554,0.0001443,0.0001301,0.0001155,0.0001067,9.225e-05,8.26e-05,7.344e-05,6.419e-05,5.693e-05,4.985e-05,4.328e-05,3.647e-05,3.09e-05,2.68e-05,2.402e-05,1.972e-05,1.633e-05,1.369e-05,1.114e-05
0.0001157,0.0001338,0.0001342,0.0001615,0.0001641,0.0001777,0.0001866,0.000208,0.0002214,0.000251,0.0002642,0.000268,0.0002721,0.0002709,0.0002683,0.0002655,0.0002603,0.0002606,0.0002519,0.0002458,0.0002442,0.000231,0.0002235,0.00022,0.0002105,0.0002012,0.0001881,0.0001806,0.0001693,0.0001571,0.0001439,0.0001293,0.0001179,0.0001049,9.07e-05,8.2e-05,7.225e-05,6.41e-05,5.443e-05,4.82e-05,4.135e-05,3.611e-05,3.152e-05,2.719e-05,2.342e-05,2.035e-05,1.674e-05,1.422e-05,1.158e-05
0.0001165,0.0001372,0.0001348,0.0001614,0.0001669,0.0001794,0.0001918,0.0002094,0.0002257,0.0002555,0.0002684,0.0002709,0.0002718,0.0002696,0.0002701,0.0002687,0.0002609,0.0002571,0.0002504,0.0002462,0.0002416,0.0002266,0.000225,0.0002196,0.0002087,0.0001972,0.0001915,0.0001798,0.0001681,0.0001569,0.0001425,0.0001283,0.0001182,0.0001053,9.138e-05,8.331e-05,7.282e-05,6.411e-05,5.58e-05,4.812e-05,4.411e-05,3.587e-05,3.118e-05,2.727e-05,2.399e-05,1.981e-05,1.677e-05,1.395e-05,1.089e-05
0.0001143,0.0001319,0.0001332,0.0001565,0.0001614,0.0001757,0.000186,0.0002055,0.0002233,0.0002488,0.0002634,0.0002685,0.000271,0.0002694,0.0002701,0.0002671,0.0002604,0.0002579,0.000248,0.0002476,0.0002417,0.0002293,0.0002249,0.0002173,0.0002099,0.0002031,0.0001893,0.0001805,0.0001678,0.000156,0.0001423,0.0001319,0.0001196,0.000103,9.136e-05,8.172e-05,7.193e-05,6.361e-05,5.518e-05,4.805e-05,4.125e-05,3.663e-05,3.131e-05,2.722e-05,2.34e-05,1.988e-05,1.675e-05,1.391e-05,1.185e-05
0.0001187,0.0001389,0.0001371,0.0001626,0.0001666,0.0001825,0.0001943,0.0002116,0.0002303,0.0002533,0.0002693,0.0002731,0.0002736,0.0002734,0.0002702,0.0002652,0.0002605,0.0002593,0.0002505,0.0002462,0.0002414,0.000232,0.0002242,0.0002162,0.0002097,0.0002014,0.0001876,0.0001803,0.0001691,0.000155,0.0001435,0.0001306,0.0001163,0.0001041,9.233e-05,8.151e-05,7.155e-05,6.217e-05,5.58e-05,4.747e-05,4.184e-05,3.644e-05,3.093e-05,2.698e-05,2.3e-05,1.962e-05,1.662e-05,1.451e-05,1.088e-05
0.0001191,0.0001417,0.0001401,0.000166,0.0001714,0.0001849,0.0001956,0.0002166,0.0002279,0.0002568,0.0002715,0.0002707,0.0002736,0.0002726,0.0002686,0.0002655,0.0002582,0.0002585,0.0002475,0.0002453,0.0002407,0.0002323,0.0002238,0.0002168,0.0002106,0.0002013,0.0001875,0.0001808,0.0001691,0.0001578,0.0001452,0.0001298,0.0001176,0.0001033,9.44e-05,8.301e-05,7.175e-05,6.517e-05,5.613e-05,4.779e-05,4.191e-05,3.577e-05,3.07e-05,2.699e-05,2.331e-05,1.951e-05,1.597e-05,1.385e-05,1.159e-05
0.0001189,0.0001421,0.0001392,0.0001636,0.0001684,0.00018,0.0001935,0.0002145,0.0002285,0.0002541,0.000267,0.0002712,0.0002752,0.00027,0.000272,0.0002665,0.0002597,0.0002598,0.000249,0.0002455,0.000239,0.0002315,0.0002247,0.0002189,0.0002115,0.0002024,0.0001907,0.0001796,0.0001696,0.0001595,0.0001441,0.0001307,0.0001151,0.0001045,9.28e-05,8.266e-05,7.227e-05,6.414e-05,5.607e-05,4.829e-05,4.168e-05,3.642e-05,3.14e-05,2.746e-05,2.292e-05,1.937e-05,1.651e-05,1.419e-05,1.135e-05
0.000117,0.0001354,0.0001354,0.0001586,0.0001678,0.0001781,0.0001899,0.0002092,0.0002233,0.0002501,0.0002651,0.0002681,0.0002724,0.0002688,0.0002712,0.0002665,0.0002592,0.00026,0.0002518,0.0002469,0.0002411,0.0002298,0.0002252,0.0002205,0.0002085,0.0002,0.0001913,0.0001802,0.0001679,0.0001584,0.0001426,0.0001306,0.0001191,0.0001063,9.204e-05,8.179e-05,7.174e-05,6.321e-05,5.524e-05,4.82e-05,4.156e-05,3.65e-05,3.124e-05,2.74e-05,2.343e-05,1.92e-05,1.673e-05,1.438e-05,1.136e-05
0.0001141,0.0001342,0.0001307,0.0001587,0.0001609,0.0001767,0.000189,0.0002083,0.0002226,0.0002517,0.0002621,0.0002694,0.0002714,0.0002697,0.0002686,0.0002639,0.0002585,0.0002556,0.0002485,0.0002436,0.0002419,0.0002298,0.000224,0.0002154,0.0002101,0.0002037,0.0001897,0.0001791,0.0001693,0.0001551,0.0001444,0.0001296,0.000118,0.0001061,9.148e-05,8.347e-05,7.305e-05,6.289e-05,5.551e-05,4.792e-05,4.223e-05,3.571e-05,3.138e-05,2.639e-05,2.383e-05,1.888e-05,1.666e-05,1.4e-05,1.169e-05
0.0001113,0.0001299,0.0001306,0.0001555,0.0001597,0.0001759,0.000184,0.0002048,0.0002164,0.0002449,0.0002583,0.0002658,0.0002679,0.0002692,0.0002686,0.0002614,0.0002591,0.0002539,0.0002508,0.0002435,0.0002421,0.0002296,0.0002264,0.0002179,0.0002106,0.0002001,0.0001934,0.0001817,0.000171,0.0001585,0.0001439,0.0001302,0.0001208,0.0001043,9.312e-05,8.382e-05,7.159e-05,6.339e-05,5.599e-05,4.908e-05,4.112e-05,3.62e-05,3.076e-05,2.607e-05,2.346e-05,1.982e-05,1.664e-05,1.341e-05,1.133e-05
0.000118,0.0001397,0.0001379,0.0001644,0.0001666,0.0001831,0.000195,0.000212,0.0002269,0.0002566,0.0002694,0.0002697,0.0002729,0.0002712,0.0002703,0.0002671,0.0002593,0.0002573,0.000248,0.0002476,0.0002416,0.0002302,0.000223,0.0002166,0.0002061,0.0001999,0.0001897,0.0001816,0.0001679,0.0001549,0.0001433,0.0001283,0.0001174,0.0001044,9.131e-05,8.13e-05,7.223e-05,6.313e-05,5.656e-05,4.834e-05,4.175e-05,3.716e-05,3.12e-05,2.696e-05,2.322e-05,2.091e-05,1.704e-05,1.401e-05,1.223e-05
0.0001162,0.0001355,0.0001348,0.000161,0.0001696,0.0001777,0.0001929,0.0002076,0.000226,0.0002495,0.0002635,0.0002691,0.0002711,0.0002732,0.0002683,0.0002649,0.0002598,0.0002565,0.0002498,0.0002458,0.0002397,0.0002292,0.0002239,0.000218,0.0002102,0.0001993,0.0001881,0.0001781,0.0001687,0.0001574,0.0001452,0.0001299,0.0001166,0.0001042,9.198e-05,8.373e-05,7.311e-05,6.375e-05,5.568e-05,4.83e-05,4.254e-05,3.733e-05,3.081e-05,2.7e-05,2.325e-05,1.979e-05,1.658e-05,1.429e-05,1.171e-05
0.0001166,0.0001407,0.0001382,0.0001659,0.000171,0.0001827,0.0001941,0.0002139,0.0002312,0.0002549,0.0002704,0.0002696,0.0002744,0.0002724,0.0002716,0.0002675,0.00026,0.0002594,0.0002493,0.0002452,0.0002423,0.0002325,0.000223,0.0002176,0.0002088,0.0002011,0.0001899,0.0001795,0.0001692,0.000158,0.0001431,0.0001311,0.0001158,0.0001052,9.439e-05,8.201e-05,7.176e-05,6.56e-05,5.579e-05,4.864e-05,4.256e-05,3.675e-05,3.112e-05,2.728e-05,2.36e-05,2.045e-05,1.686e-05,1.363e-05,1.131e-05
0.0001138,0.0001359,0.000133,0.0001601,0.0001637,0.0001755,0.0001917,0.0002063,0.0002236,0.000253,0.000266,0.0002704,0.0002743,0.0002672,0.0002704,0.0002683,0.0002631,0.0002581,0.0002506,0.0002459,0.0002439,0.0002309,0.0002235,0.0002196,0.0002103,0.0002041,0.0001894,0.0001812,0.0001676,0.000157,0.0001419,0.0001312,0.0001161,0.0001061,9.189e-05,8.058e-05,7.28e-05,6.417e-05,5.523e-05,4.913e-05,4.26e-05,3.645e-05,3.035e-05,2.83e-05,2.262e-05,1.97e-05,1.662e-05,1.375e-05,1.114e-05
0.0001169,0.0001379,0.0001346,0.0001619,0.0001676,0.000182,0.000192,0.0002101,0.0002228,0.0002502,0.0002689,0.0002689,0.0002732,0.0002714,0.0002734,0.0002674,0.0002627,0.0002593,0.0002514,0.0002459,0.0002397,0.0002307,0.000224,0.000222,0.000208,0.0002008,0.00019,0.0001806,0.0001675,0.0001579,0.0001422,0.0001305,0.000116,0.0001031,9.094e-05,8.135e-05,7.261e-05,6.377e-05,5.584e-05,4.835e-05,4.254e-05,3.757e-05,3.108e-05,2.69e-05,2.315e-05,1.977e-05,1.658e-05,1.405e-05,1.166e-05
0.0001117,0.0001329,0.0001311,0.0001532,0.0001627,0.0001754,0.0001843,0.0002048,0.0002247,0.0002487,0.0002607,0.0002683,0.0002722,0.000266,0.0002722,0.0002652,0.0002584,0.0002539,0.0002482,0.0002477,0.0002408,0.0002327,0.0002246,0.0002185,0.0002087,0.0002027,0.0001887,0.0001811,0.0001701,0.0001575,0.0001421,0.0001282,0.0001152,0.0001049,9.305e-05,8.245e-05,7.211e-05,6.341e-05,5.55e-05,4.852e-05,4.111e-05,3.616e-05,3.113e-05,2.673e-05,2.404e-05,2.057e-05,1.665e-05,1.36e-05,1.121e-05
0.0001231,0.0001434,0.0001434,0.0001679,0.000174,0.000186,0.0001992,0.0002175,0.0002335,0.000259,0.0002697,0.0002725,0.0002758,0.0002725,0.0002717,0.0002686,0.0002635,0.0002603,0.0002485,0.0002452,0.0002409,0.0002322,0.0002241,0.0002185,0.0002076,0.0002021,0.0001926,0.0001796,0.0001687,0.0001558,0.0001426,0.0001289,0.0001163,0.0001049,9.358e-05,8.38e-05,7.182e-05,6.283e-05,5.548e-05,4.862e-05,4.22e-05,3.658e-05,3.095e-05,2.711e-05,2.315e-05,1.906e-05,1.678e-05,1.349e-05,1.171e-05
0.00012,0.0001401,0.0001403,0.0001675,0.0001685,0.0001816,0.0001925,0.0002108,0.0002296,0.0002551,0.0002682,0.0002721,0.0002746,0.0002685,0.0002677,0.0002701,0.000256,0.0002611,0.0002491,0.0002458,0.0002459,0.0002311,0.0002237,0.0002168,0.0002094,0.0002005,0.0001896,0.0001803,0.0001696,0.0001574,0.000143,0.0001308,0.0001184,0.0001048,9.162e-05,8.317e-05,7.253e-05,6.254e-05,5.592e-05,4.844e-05,4.299e-05,3.753e-05,3.155e-05,2.668e-05,2.258e-05,1.89e-05,1.692e-05,1.389e-05,1.138e-05
0.0001222,0.0001441,0.0001417,0.0001695,0.0001736,0.0001898,0.0002001,0.0002163,0.0002321,0.0002574,0.0002735,0.0002744,0.000275,0.0002701,0.0002743,0.0002653,0.0002602,0.0002586,0.0002503,0.0002443,0.0002385,0.0002323,0.0002236,0.0002164,0.0002093,0.0002003,0.0001887,0.0001795,0.0001697,0.0001561,0.0001455,0.00013,0.0001153,0.0001063,9.276e-05,8.148e-05,7.409e-05,6.275e-05,5.558e-05,4.838e-05,4.129e-05,3.732e-05,3.137e-05,2.641e-05,2.406e-05,1.91e-05,1.657e-05,1.432e-05,1.152e-05
0.0001227,0.0001398,0.0001383,0.0001656,0.0001685,0.0001835,0.0001948,0.0002142,0.0002267,0.000257,0.0002709,0.0002715,0.0002758,0.0002725,0.0002723,0.0002676,0.000259,0.0002571,0.0002494,0.0002437,0.0002404,0.0002307,0.0002251,0.0002211,0.0002091,0.0002018,0.0001904,0.0001786,0.0001663,0.0001593,0.0001418,0.0001294,0.0001176,0.0001063,9.385e-05,8.225e-05,7.109e-05,6.304e-05,5.666e-05,4.858e-05,4.153e-05,3.618e-05,3.228e-05,2.67e-05,2.338e-05,1.958e-05,1.702e-05,1.464e-05,1.168e-05
0.0001191,0.0001379,0.0001373,0.0001643,0.0001665,0.0001805,0.0001933,0.0002112,0.0002268,0.0002549,0.0002692,0.0002706,0.0002727,0.0002709,0.0002676,0.0002665,0.0002619,0.000257,0.0002526,0.0002468,0.00024,0.0002333,0.0002244,0.0002167,0.0002093,0.0002004,0.000191,0.000179,0.0001679,0.0001563,0.0001434,0.0001297,0.0001166,0.0001055,9.431e-05,8.138e-05,7.325e-05,6.253e-05,5.6e-05,4.718e-05,4.125e-05,3.653e-05,3.123e-05,2.715e-05,2.364e-05,2.002e-05,1.584e-05,1.366e-05,1.217e-05
0.0001196,0.0001432,0.0001393,0.0001671,0.0001703,0.0001857,0.0001982,0.0002141,0.0002289,0.0002583,0.0002719,0.000274,0.0002726,0.0002728,0.0002733,0.0002687,0.0002586,0.0002586,0.0002528,0.0002472,0.0002402,0.0002329,0.0002247,0.0002189,0.0002131,0.0002014,0.0001925,0.0001798,0.0001693,0.0001577,0.0001456,0.0001312,0.0001167,0.0001035,9.264e-05,8.363e-05,7.242e-05,6.299e-05,5.392e-05,4.776e-05,4.146e-05,3.62e-05,3.102e-05,2.865e-05,2.377e-05,1.982e-05,1.64e-05,1.327e-05,1.102e-05
0.0001186,0.000143,0.0001408,0.0001646,0.0001705,0.0001796,0.0001946,0.000215,0.0002314,0.000256,0.0002662,0.0002719,0.000277,0.0002734,0.0002724,0.0002667,0.0002613,0.0002578,0.0002513,0.0002453,0.0002428,0.0002288,0.000225,0.0002173,0.0002083,0.0002035,0.0001885,0.0001812,0.0001683,0.0001582,0.0001434,0.0001303,0.0001162,0.0001049,9.309e-05,8.203e-05,7.34e-05,6.394e-05,5.574e-05,4.96e-05,4.172e-05,3.648e-05,3.083e-05,2.686e-05,2.377e-05,1.905e-05,1.721e-05,1.423e-05,1.137e-05
0.0001122,0.0001322,0.0001312,0.000157,0.0001649,0.0001779,0.000187,0.0002048,0.0002214,0.0002461,0.0002634,0.0002637,0.0002714,0.0002699,0.000271,0.0002644,0.0002586,0.0002582,0.0002513,0.0002452,0.0002383,0.00023,0.0002228,0.0002181,0.0002121,0.0001981,0.0001896,0.0001803,0.0001698,0.0001573,0.0001431,0.0001321,0.0001182,0.0001053,9.152e-05,8.085e-05,7.214e-05,6.337e-05,5.474e-05,4.85e-05,4.297e-05,3.645e-05,3.142e-05,2.645e-05,2.315e-05,2.045e-05,1.619e-05,1.37e-05,1.148e-05
0.0001194,0.00014,0.000138,0.000164,0.000168,0.0001809,0.0001939,0.0002135,0.0002279,0.0002538,0.0002705,0.0002689,0.0002749,0.0002707,0.0002728,0.0002668,0.0002584,0.0002602,0.0002481,0.0002471,0.0002432,0.0002318,0.0002252,0.0002206,0.0002091,0.0002043,0.0001897,0.0001813,0.0001661,0.0001585,0.000143,0.0001283,0.0001162,0.0001054,9.244e-05,8.094e-05,7.213e-05,6.366e-05,5.667e-05,4.825e-05,4.13e-05,3.537e-05,3.129e-05,2.693e-05,2.392e-05,1.92e-05,1.668e-05,1.348e-05,1.108e-05
0.0001192,0.0001378,0.0001374,0.0001632,0.0001671,0.0001829,0.0001906,0.0002115,0.0002292,0.0002524,0.0002637,0.0002684,0.0002719,0.000269,0.0002698,0.0002666,0.0002586,0.0002578,0.0002469,0.0002437,0.0002405,0.000231,0.0002222,0.0002168,0.000211,0.0002001,0.0001906,0.0001797,0.0001677,0.0001567,0.0001421,0.0001313,0.0001166,0.0001065,9.173e-05,8.25e-05,7.257e-05,6.367e-05,5.517e-05,4.817e-05,4.127e-05,3.664e-05,3.186e-05,2.728e-05,2.378e-05,2.076e-05,1.69e-05,1.334e-05,1.204e-05
0.0001205,0.0001406,0.0001396,0.0001644,0.0001682,0.0001846,0.0001951,0.0002119,0.0002285,0.0002535,0.0002693,0.000267,0.0002755,0.0002734,0.000272,0.0002699,0.0002575,0.0002594,0.0002518,0.0002447,0.0002441,0.0002304,0.0002272,0.0002183,0.0002122,0.0002035,0.0001899,0.0001791,0.0001675,0.0001558,0.0001424,0.0001312,0.000116,0.0001057,9.106e-05,8.299e-05,7.267e-05,6.428e-05,5.6e-05,4.791e-05,4.275e-05,3.596e-05,3.213e-05,2.675e-05,2.375e-05,1.93e-05,1.698e-05,1.364e-05,1.184e-05
0,0,0,0,0,0,0,0,0,0,0,0,0,0,0,0,0,0,0,0,0,0,0,0,0,0,0,0,0,0,0,0,0,0,0,0,0,0,0,0,0,0,0,0,0,0,0,0,0
2nd quartile
1.326e+12,1.464e+12,1.613e+12,1.777e+12,1.963e+12,2.166e+12,2.389e+12,2.639e+12,2.916e+12,3.219e+12,3.553e+12,3.918e+12,4.322e+12,4.769e+12,5.262e+12,5.81e+12,6.409e+12,7.072e+12,7.808e+12,8.611e+12,9.511e+12,1.05e+13,1.158e+13,1.277e+13,1.411e+13,1.557e+13,1.717e+13,1.896e+13,2.09e+13,2.309e+13,2.552e+13,2.814e+13,3.101e+13,3.438e+13,3.784e+13,4.178e+13,4.607e+13,5.11e+13,5.634e+13,6.203e+13,6.872e+13,7.551e+13,8.328e+13,9.224e+13,1.014e+14,1.121e+14,1.239e+14,1.368e+14,1.51e+14
0.0003133,0.0003574,0.0003371,0.0003811,0.0003761,0.0003826,0.0003774,0.0003863,0.000382,0.0003988,0.0003925,0.0003635,0.0003389,0.0003057,0.0002794,0.0002479,0.0002174,0.0001991,0.0001719,0.0001468,0.0001314,0.0001095,9.261e-05,7.706e-05,6.264e-05,4.841e-05,3.609e-05,2.705e-05,2.02e-05,1.308e-05,8.624e-06,6.567e-06,5.158e-06,4.307e-06,4.408e-06,4.175e-06,4.307e-06,3.729e-06,3.526e-06,3.445e-06,3.344e-06,3.121e-06,2.979e-06,2.513e-06,2.219e-06,2.24e-06,2.493e-06,1.956e-06,2.189e-06
0.0003252,0.0003644,0.0003448,0.0003908,0.0003807,0.0003856,0.0003787,0.0003868,0.0003865,0.0003947,0.0003907,0.0003653,0.0003369,0.0003065,0.000279,0.00025,0.0002209,0.0001966,0.0001698,0.0001489,0.0001305,0.0001108,9.119e-05,7.783e-05,6.186e-05,4.707e-05,3.663e-05,2.691e-05,1.944e-05,1.372e-05,9.505e-06,6.171e-06,5.087e-06,4.783e-06,4.195e-06,4.053e-06,3.739e-06,3.648e-06,3.304e-06,3.364e-06,3.304e-06,3.03e-06,2.868e-06,2.837e-06,2.189e-06,2.098e-06,2.006e-06,1.885e-06,2.098e-06
0.0003254,0.000365,0.0003471,0.0003886,0.000381,0.000387,0.0003817,0.0003924,0.0003863,0.0003963,0.0003922,0.0003658,0.0003393,0.0003054,0.0002776,0.0002506,0.0002208,0.0001978,0.0001733,0.0001507,0.0001299,0.000111,9.219e-05,7.732e-05,6.144e-05,4.898e-05,3.592e-05,2.834e-05,1.987e-05,1.371e-05,9.678e-06,7.195e-06,5.584e-06,4.479e-06,4.064e-06,4.256e-06,3.678e-06,3.901e-06,3.577e-06,3.354e-06,3.182e-06,3.364e-06,2.584e-06,2.493e-06,2.533e-06,2.118e-06,2.341e-06,2.27e-06,2.27e-06
0.0003256,0.0003624,0.0003418,0.0003849,0.0003804,0.0003787,0.0003799,0.0003898,0.0003856,0.000402,0.0003893,0.000369,0.0003364,0.0003037,0.0002766,0.0002467,0.0002197,0.0001954,0.0001702,0.0001507,0.0001315,0.0001082,9.298e-05,7.644e-05,6.259e-05,4.85e-05,3.628e-05,2.754e-05,1.865e-05,1.325e-05,9.515e-06,6.455e-06,5.117e-06,4.824e-06,4.307e-06,3.841e-06,3.922e-06,4.043e-06,3.77e-06,3.243e-06,3.152e-06,3.192e-06,3.121e-06,2.888e-06,2.442e-06,2.341e-06,2.31e-06,2.108e-06,2.017e-06
0.0003213,0.0003569,0.0003427,0.0003833,0.000376,0.0003804,0.0003801,0.0003868,0.0003874,0.0003988,0.0003923,0.0003666,0.0003376,0.0003038,0.0002792,0.0002506,0.0002195,0.0001977,0.0001692,0.00015,0.000132,0.0001082,9.249e-05,7.615e-05,6.094e-05,4.899e-05,3.695e-05,2.703e-05,1.942e-05,1.299e-05,9.161e-06,6.739e-06,5.421e-06,5.057e-06,4.428e-06,4.226e-06,3.8e-06,3.901e-06,3.486e-06,3.547e-06,3.374e-06,2.959e-06,2.949e-06,2.716e-06,2.554e-06,2.077e-06,1.976e-06,2.24e-06,2.29e-06
0.0003081,0.0003518,0.0003336,0.0003789,0.0003686,0.0003783,0.0003709,0.0003848,0.0003831,0.0003977,0.0003933,0.0003628,0.0003387,0.0003066,0.0002786,0.0002517,0.0002223,0.0001979,0.0001716,0.0001494,0.0001297,0.0001096,9.145e-05,7.597e-05,6.286e-05,4.737e-05,3.639e-05,2.768e-05,1.913e-05,1.341e-05,9.84e-06,6.556e-06,5.259e-06,4.742e-06,4.803e-06,3.749e-06,3.658e-06,3.932e-06,3.668e-06,3.577e-06,3.162e-06,3.101e-06,2.665e-06,2.574e-06,2.118e-06,2.442e-06,2.037e-06,2.24e-06,1.784e-06
0.0003234,0.0003613,0.0003427,0.0003895,0.0003806,0.0003879,0.0003814,0.0003893,0.0003829,0.0003979,0.0003921,0.0003631,0.0003383,0.0003041,0.0002766,0.0002487,0.0002203,0.0001991,0.0001724,0.0001495,0.0001303,0.0001081,9.335e-05,7.775e-05,6.212e-05,4.785e-05,3.747e-05,2.713e-05,2.018e-05,1.326e-05,9.404e-06,6.485e-06,5.472e-06,4.611e-06,4.134e-06,4.246e-06,3.942e-06,3.851e-06,3.912e-06,3.354e-06,3.263e-06,2.979e-06,2.462e-06,2.554e-06,2.523e-06,2.098e-06,1.885e-06,2.088e-06,2.189e-06
0.0003136,0.0003546,0.0003378,0.0003813,0.0003707,0.00038,0.0003759,0.0003862,0.0003832,0.0003996,0.0003939,0.0003681,0.0003364,0.0003077,0.0002759,0.0002495,0.0002187,0.000199,0.0001704,0.0001491,0.0001316,0.0001097,9.388e-05,7.629e-05,6.135e-05,4.962e-05,3.665e-05,2.625e-05,1.9e-05,1.272e-05,9.161e-06,6.81e-06,5.351e-06,4.672e-06,4.53e-06,4.053e-06,4.226e-06,4.064e-06,3.942e-06,3.547e-06,3.131e-06,3.496e-06,2.837e-06,2.777e-06,2.422e-06,2.412e-06,2.321e-06,1.743e-06,2.229e-06
0.0003068,0.0003477,0.0003364,0.000374,0.000368,0.000375,0.0003684,0.0003821,0.0003829,0.000397,0.0003895,0.0003601,0.0003398,0.0003071,0.0002778,0.0002474,0.0002213,0.0001972,0.0001733,0.0001514,0.0001332,0.0001101,9.401e-05,7.714e-05,6.11e-05,4.905e-05,3.64e-05,2.701e-05,1.941e-05,1.367e-05,8.988e-06,6.516e-06,4.884e-06,4.378e-06,3.861e-06,4.449e-06,4.003e-06,3.547e-06,3.912e-06,3.385e-06,3.638e-06,2.908e-06,2.908e-06,2.746e-06,2.594e-06,2.422e-06,2.169e-06,2.057e-06,2.209e-06
0.0003225,0.0003598,0.0003399,0.0003851,0.0003771,0.0003834,0.0003809,0.0003834,0.0003868,0.0003955,0.0003898,0.0003658,0.000336,0.0003084,0.0002763,0.0002514,0.0002187,0.0001957,0.0001693,0.0001487,0.0001303,0.0001091,9.279e-05,7.707e-05,6.207e-05,4.901e-05,3.691e-05,2.761e-05,1.992e-05,1.325e-05,9.262e-06,6.435e-06,5.158e-06,4.428e-06,4.155e-06,4.023e-06,3.678e-06,4.226e-06,3.293e-06,3.648e-06,3.608e-06,2.908e-06,2.878e-06,2.918e-06,2.473e-06,2.533e-06,2.25e-06,2.158e-06,2.25e-06
0.0003054,0.0003468,0.0003304,0.0003737,0.0003676,0.0003743,0.000374,0.0003838,0.000385,0.0003992,0.0003873,0.0003658,0.0003394,0.0003084,0.000282,0.0002521,0.0002187,0.0001991,0.0001694,0.0001494,0.0001291,0.0001116,9.29e-05,7.727e-05,6.177e-05,4.795e-05,3.71e-05,2.707e-05,1.969e-05,1.291e-05,8.958e-06,6.719e-06,4.753e-06,5.107e-06,4.499e-06,4.509e-06,3.729e-06,3.942e-06,3.445e-06,3.435e-06,2.989e-06,3.01e-06,2.929e-06,2.777e-06,2.432e-06,2.28e-06,1.996e-06,2.24e-06,2.219e-06
0.0003209,0.0003606,0.0003412,0.0003849,0.0003768,0.0003804,0.0003805,0.0003867,0.0003834,0.0003996,0.0003902,0.0003648,0.0003421,0.0003062,0.0002785,0.0002492,0.0002199,0.0001969,0.0001721,0.0001509,0.00013,0.0001101,9.247e-05,7.729e-05,6.37e-05,4.893e-05,3.705e-05,2.73e-05,1.993e-05,1.359e-05,8.654e-06,6.729e-06,5.097e-06,4.398e-06,4.418e-06,3.891e-06,3.638e-06,3.77e-06,3.871e-06,3.354e-06,3.253e-06,2.807e-06,2.594e-06,2.584e-06,2.351e-06,2.169e-06,2.148e-06,2.28e-06,2.179e-06
0.0003266,0.0003645,0.0003474,0.000388,0.0003793,0.000386,0.0003835,0.0003896,0.0003849,0.0003989,0.0003904,0.0003633,0.0003396,0.0003051,0.0002777,0.0002456,0.0002204,0.0001956,0.0001705,0.0001509,0.0001314,0.0001111,9.246e-05,7.753e-05,6.223e-05,4.931e-05,3.816e-05,2.797e-05,1.927e-05,1.345e-05,9.303e-06,6.668e-06,5.239e-06,4.469e-06,3.972e-06,4.276e-06,4.094e-06,4.104e-06,3.8e-06,3.648e-06,3.101e-06,3.202e-06,2.696e-06,2.604e-06,2.351e-06,2.138e-06,1.986e-06,2.189e-06,2.24e-06
0.0003026,0.0003424,0.00033,0.0003732,0.0003649,0.0003698,0.0003727,0.0003828,0.0003792,0.0003978,0.0003892,0.000362,0.0003386,0.0003086,0.0002759,0.0002504,0.0002226,0.0001978,0.0001723,0.0001507,0.0001307,0.0001085,9.177e-05,7.527e-05,6.226e-05,4.792e-05,3.713e-05,2.693e-05,1.88e-05,1.401e-05,8.603e-06,6.516e-06,5.482e-06,4.834e-06,4.043e-06,3.709e-06,3.952e-06,4.226e-06,3.719e-06,3.273e-06,3.04e-06,3.162e-06,2.827e-06,2.523e-06,2.645e-06,2.25e-06,2.057e-06,2.027e-06,2.219e-06
0.0003229,0.0003639,0.0003421,0.0003849,0.0003767,0.0003821,0.0003789,0.0003869,0.0003857,0.0004023,0.000394,0.0003622,0.0003368,0.0003048,0.0002767,0.000248,0.0002172,0.0001944,0.0001696,0.0001509,0.0001296,0.0001105,9.17e-05,7.641e-05,6.188e-05,4.778e-05,3.797e-05,2.767e-05,1.794e-05,1.329e-05,9.546e-06,6.496e-06,5.786e-06,4.611e-06,4.418e-06,4.621e-06,3.608e-06,3.749e-06,3.658e-06,3.233e-06,3.233e-06,2.918e-06,2.523e-06,2.918e-06,2.381e-06,2.28e-06,2.128e-06,2.118e-06,2.098e-06
0.0003246,0.0003595,0.0003449,0.0003887,0.00038,0.0003803,0.0003784,0.0003897,0.000386,0.0003961,0.0003914,0.0003661,0.0003386,0.0003062,0.0002815,0.0002464,0.0002204,0.0001952,0.0001693,0.0001484,0.0001316,0.0001116,9.399e-05,7.648e-05,6.215e-05,4.993e-05,3.789e-05,2.658e-05,1.977e-05,1.309e-05,9.201e-06,6.465e-06,5.513e-06,4.834e-06,4.408e-06,4.175e-06,3.932e-06,3.891e-06,3.516e-06,3.628e-06,3.344e-06,2.756e-06,2.848e-06,2.675e-06,2.493e-06,2.331e-06,2.158e-06,2.189e-06,2.341e-06
0.0003121,0.0003558,0.0003398,0.0003832,0.0003743,0.0003802,0.0003779,0.0003856,0.0003827,0.0003993,0.0003884,0.0003663,0.0003377,0.0003084,0.0002778,0.000247,0.0002197,0.0001957,0.0001719,0.0001528,0.0001307,0.0001094,9.203e-05,7.607e-05,6.232e-05,4.911e-05,3.684e-05,2.681e-05,1.928e-05,1.392e-05,8.978e-06,6.729e-06,5.411e-06,4.611e-06,4.216e-06,3.932e-06,3.922e-06,3.476e-06,3.516e-06,3.324e-06,3.253e-06,3.374e-06,2.513e-06,2.827e-06,2.098e-06,2.067e-06,1.875e-06,2.179e-06,2.017e-06
0.0003122,0.0003502,0.0003341,0.0003779,0.0003709,0.0003779,0.0003733,0.0003822,0.000383,0.0003955,0.0003917,0.0003677,0.0003384,0.0003086,0.0002809,0.0002464,0.0002214,0.0001976,0.0001711,0.0001503,0.0001291,0.0001105,9.217e-05,7.719e-05,6.214e-05,4.839e-05,3.566e-05,2.637e-05,1.923e-05,1.334e-05,9.515e-06,6.556e-06,5.117e-06,4.459e-06,4.824e-06,4.266e-06,4.145e-06,3.82e-06,3.496e-06,3.587e-06,3.324e-06,2.584e-06,2.584e-06,2.483e-06,2.381e-06,2.371e-06,2.027e-06,2.3e-06,2.077e-06
0.0003125,0.0003542,0.0003338,0.0003818,0.0003698,0.0003789,0.0003781,0.0003849,0.0003855,0.0004001,0.0003925,0.0003615,0.0003387,0.0003059,0.0002781,0.0002482,0.0002192,0.0001952,0.0001701,0.0001501,0.0001324,0.00011,9.148e-05,7.619e-05,6.244e-05,4.782e-05,3.637e-05,2.81e-05,1.921e-05,1.313e-05,8.512e-06,6.192e-06,5.381e-06,4.905e-06,3.82e-06,4.236e-06,4.023e-06,3.993e-06,3.77e-06,3.516e-06,3.425e-06,2.918e-06,2.604e-06,2.493e-06,2.26e-06,2.128e-06,2.321e-06,2.219e-06,2.006e-06
0.0003149,0.0003573,0.0003394,0.0003829,0.0003775,0.0003793,0.000381,0.0003876,0.000382,0.0003976,0.0003925,0.000362,0.0003372,0.0003043,0.0002791,0.0002508,0.0002188,0.0001988,0.000172,0.0001497,0.0001301,0.0001114,9.322e-05,7.586e-05,6.047e-05,5.043e-05,3.596e-05,2.696e-05,1.891e-05,1.325e-05,8.745e-06,6.648e-06,5.3e-06,4.601e-06,4.368e-06,4.601e-06,3.658e-06,3.79e-06,3.719e-06,3.587e-06,3.222e-06,3e-06,2.908e-06,2.584e-06,2.574e-06,2.24e-06,2.321e-06,2.462e-06,2.128e-06
0.0003069,0.0003509,0.0003307,0.000378,0.0003685,0.0003768,0.0003729,0.0003864,0.0003838,0.0003991,0.0003912,0.000368,0.0003372,0.0003054,0.0002794,0.0002512,0.0002193,0.0001974,0.0001719,0.00015,0.000132,0.0001104,9.2e-05,7.688e-05,6.378e-05,4.834e-05,3.686e-05,2.726e-05,1.851e-05,1.325e-05,8.624e-06,6.972e-06,5.472e-06,5.269e-06,4.064e-06,4.185e-06,4.003e-06,3.567e-06,3.405e-06,3.537e-06,3.395e-06,3.182e-06,2.766e-06,2.716e-06,2.503e-06,2.341e-06,2.29e-06,2.077e-06,2.098e-06
0.0003168,0.0003584,0.000343,0.0003871,0.0003776,0.0003819,0.0003782,0.0003874,0.0003836,0.0003959,0.0003897,0.0003658,0.0003366,0.0003022,0.0002774,0.0002467,0.0002203,0.0001957,0.0001702,0.0001517,0.0001309,0.00011,9.192e-05,7.722e-05,6.334e-05,4.992e-05,3.812e-05,2.773e-05,1.864e-05,1.363e-05,9.384e-06,6.779e-06,4.945e-06,4.317e-06,4.064e-06,4.226e-06,4.124e-06,3.942e-06,3.638e-06,3.526e-06,3.162e-06,2.888e-06,2.584e-06,2.797e-06,2.837e-06,2.158e-06,2.189e-06,1.773e-06,2.027e-06
0.0003229,0.0003634,0.0003412,0.0003888,0.0003767,0.0003855,0.0003772,0.000389,0.0003873,0.0003998,0.0003909,0.0003625,0.0003345,0.0003023,0.0002754,0.000248,0.0002172,0.0001984,0.0001698,0.0001494,0.0001316,0.0001111,9.394e-05,7.668e-05,6.299e-05,4.943e-05,3.662e-05,2.701e-05,2.001e-05,1.343e-05,9.424e-06,6.992e-06,4.702e-06,4.783e-06,4.438e-06,3.912e-06,4.165e-06,3.668e-06,3.952e-06,3.374e-06,3.233e-06,3.364e-06,2.797e-06,2.777e-06,2.594e-06,2.108e-06,2.037e-06,1.996e-06,1.915e-06
0.0003205,0.0003572,0.0003394,0.0003887,0.0003754,0.0003808,0.0003811,0.0003909,0.0003834,0.0003992,0.0003902,0.000362,0.0003393,0.0003073,0.0002806,0.0002492,0.000219,0.0001977,0.0001741,0.0001502,0.0001315,0.0001109,9.304e-05,7.739e-05,6.31e-05,4.811e-05,3.622e-05,2.864e-05,1.837e-05,1.297e-05,9.333e-06,6.293e-06,4.945e-06,4.489e-06,4.276e-06,3.861e-06,4.094e-06,3.942e-06,3.79e-06,3.293e-06,2.929e-06,2.848e-06,2.706e-06,2.513e-06,2.554e-06,2.189e-06,2.341e-06,2.371e-06,2.169e-06
0.0003117,0.0003534,0.0003359,0.0003785,0.0003714,0.0003814,0.0003794,0.0003833,0.0003867,0.0003991,0.0003934,0.0003678,0.0003418,0.0003065,0.0002769,0.0002494,0.0002193,0.0001979,0.0001739,0.0001506,0.0001306,0.0001101,9.397e-05,7.798e-05,6.278e-05,4.835e-05,3.612e-05,2.725e-05,2.002e-05,1.304e-05,8.502e-06,6.729e-06,4.945e-06,4.894e-06,4.236e-06,4.023e-06,3.739e-06,3.567e-06,3.385e-06,3.385e-06,3.212e-06,2.989e-06,2.817e-06,2.685e-06,2.392e-06,2.341e-06,2.037e-06,2.24e-06,2.067e-06
0.000306,0.0003521,0.0003337,0.0003752,0.0003701,0.0003722,0.0003768,0.0003851,0.0003829,0.0003986,0.0003892,0.0003609,0.0003357,0.0003029,0.0002795,0.0002509,0.0002238,0.000196,0.0001712,0.0001519,0.0001311,0.0001099,9.113e-05,7.773e-05,6.164e-05,4.921e-05,3.698e-05,2.703e-05,2.017e-05,1.289e-05,9.029e-06,6.354e-06,5.067e-06,4.894e-06,4.56e-06,4.134e-06,3.82e-06,3.476e-06,3.78e-06,3.537e-06,3.405e-06,2.675e-06,2.898e-06,2.533e-06,2.746e-06,2.513e-06,2.128e-06,2.29e-06,2.098e-06
0.000305,0.0003493,0.000331,0.0003752,0.0003684,0.0003708,0.000373,0.000388,0.0003819,0.0003946,0.000393,0.0003654,0.0003434,0.0003061,0.0002804,0.0002512,0.0002175,0.0001969,0.0001716,0.0001491,0.000132,0.0001093,9.122e-05,7.651e-05,6.172e-05,4.867e-05,3.736e-05,2.788e-05,1.752e-05,1.346e-05,9.292e-06,6.496e-06,5.482e-06,4.368e-06,4.307e-06,4.388e-06,3.557e-06,3.638e-06,3.415e-06,3.364e-06,3.05e-06,3.131e-06,2.706e-06,2.766e-06,2.452e-06,2.31e-06,2.422e-06,2.422e-06,2.017e-06
0.0003202,0.0003588,0.000338,0.0003864,0.0003769,0.0003795,0.0003806,0.000387,0.0003844,0.0004007,0.0003932,0.0003596,0.0003371,0.000302,0.0002778,0.0002486,0.0002188,0.0001975,0.0001703,0.0001518,0.0001319,0.0001079,9.232e-05,7.769e-05,6.321e-05,4.802e-05,3.869e-05,2.741e-05,1.908e-05,1.335e-05,9.1e-06,6.678e-06,5.33e-06,4.702e-06,4.226e-06,3.871e-06,3.699e-06,3.658e-06,3.577e-06,3.547e-06,3.354e-06,2.858e-06,2.544e-06,2.665e-06,2.351e-06,2.118e-06,2.067e-06,2.29e-06,1.662e-06
0.0003165,0.0003547,0.000336,0.0003834,0.0003742,0.0003786,0.000376,0.0003831,0.0003835,0.0004001,0.0003901,0.0003652,0.0003384,0.0003073,0.0002774,0.0002473,0.000221,0.0001955,0.0001719,0.0001506,0.0001301,0.0001092,9.272e-05,7.646e-05,6.108e-05,4.994e-05,3.714e-05,2.748e-05,1.899e-05,1.271e-05,8.907e-06,6.333e-06,5.178e-06,4.712e-06,4.489e-06,3.962e-06,3.871e-06,3.79e-06,3.678e-06,3.567e-06,3.141e-06,2.766e-06,2.878e-06,2.28e-06,2.452e-06,2.27e-06,2.361e-06,2.169e-06,2.3e-06
0.0003221,0.0003648,0.0003416,0.0003864,0.0003771,0.000381,0.000383,0.0003887,0.0003855,0.0004018,0.0003865,0.0003665,0.0003359,0.0003094,0.0002792,0.0002489,0.0002186,0.0001976,0.0001717,0.0001497,0.0001306,0.0001105,9.379e-05,7.754e-05,6.233e-05,4.918e-05,3.651e-05,2.711e-05,1.957e-05,1.302e-05,8.999e-06,6.84e-06,5.239e-06,5.006e-06,4.368e-06,4.013e-06,3.942e-06,3.922e-06,3.466e-06,3.486e-06,3.07e-06,2.959e-06,2.827e-06,2.554e-06,2.341e-06,2.321e-06,2.037e-06,2.25e-06,2.077e-06
0.0003157,0.0003564,0.0003354,0.0003761,0.000373,0.0003795,0.0003779,0.0003853,0.0003821,0.0004004,0.0003917,0.0003663,0.000337,0.000308,0.0002821,0.0002516,0.0002196,0.0001965,0.0001714,0.0001505,0.0001301,0.0001112,9.067e-05,7.612e-05,6.147e-05,4.855e-05,3.713e-05,2.693e-05,1.951e-05,1.249e-05,9.404e-06,6.242e-06,5.543e-06,4.388e-06,4.428e-06,4.114e-06,4.276e-06,3.891e-06,3.385e-06,3.435e-06,3.324e-06,2.848e-06,2.706e-06,2.594e-06,2.422e-06,2.422e-06,2.209e-06,2.189e-06,2.037e-06
0.000319,0.0003531,0.0003391,0.0003838,0.0003761,0.000381,0.0003801,0.0003878,0.0003839,0.0003984,0.0003917,0.0003653,0.000339,0.0003052,0.0002762,0.0002497,0.0002209,0.0001977,0.0001714,0.0001529,0.0001296,0.0001093,9.297e-05,7.769e-05,6.184e-05,4.811e-05,3.638e-05,2.636e-05,1.869e-05,1.321e-05,8.907e-06,6.83e-06,5.199e-06,4.55e-06,4.236e-06,4.459e-06,4.195e-06,3.83e-06,3.304e-06,3.476e-06,3.172e-06,2.929e-06,2.898e-06,2.462e-06,2.493e-06,2.169e-06,2.148e-06,2.067e-06,1.865e-06
0.000306,0.0003503,0.0003313,0.0003711,0.0003653,0.0003774,0.0003709,0.0003831,0.0003832,0.0003974,0.0003913,0.0003647,0.0003387,0.0003048,0.0002785,0.0002523,0.0002216,0.0001983,0.0001735,0.0001496,0.000132,0.0001108,9.191e-05,7.641e-05,6.135e-05,4.886e-05,3.647e-05,2.641e-05,1.916e-05,1.244e-05,8.897e-06,6.313e-06,4.753e-06,4.418e-06,4.368e-06,4.317e-06,3.668e-06,3.516e-06,3.658e-06,3.405e-06,3.385e-06,3.02e-06,2.665e-06,2.746e-06,2.392e-06,2.321e-06,2.138e-06,2.179e-06,2.077e-06
0.0003268,0.0003682,0.000347,0.000392,0.0003775,0.0003868,0.0003842,0.0003881,0.0003872,0.0004022,0.0003922,0.000366,0.0003381,0.0003054,0.0002781,0.0002462,0.0002191,0.0001945,0.0001701,0.0001503,0.0001295,0.0001109,9.227e-05,7.649e-05,6.27e-05,5.063e-05,3.657e-05,2.66e-05,2.024e-05,1.399e-05,9.627e-06,6.739e-06,5.381e-06,4.844e-06,4.479e-06,4.459e-06,4.033e-06,3.547e-06,3.547e-06,3.385e-06,3.03e-06,3.162e-06,2.635e-06,2.766e-06,2.696e-06,2.29e-06,2.24e-06,2.027e-06,1.865e-06
0.0003162,0.000364,0.000342,0.0003879,0.0003743,0.0003859,0.0003766,0.0003924,0.0003875,0.0004,0.0003927,0.0003656,0.0003372,0.0003072,0.000276,0.0002471,0.0002202,0.0001979,0.0001721,0.000149,0.0001321,0.0001104,9.221e-05,7.803e-05,6.245e-05,4.843e-05,3.58e-05,2.741e-05,1.925e-05,1.37e-05,8.847e-06,6.374e-06,5.097e-06,4.337e-06,4.672e-06,3.83e-06,3.729e-06,3.699e-06,3.668e-06,3.304e-06,3.131e-06,2.848e-06,2.807e-06,2.665e-06,2.25e-06,2.006e-06,2.067e-06,2.088e-06,1.885e-06
0.0003288,0.000369,0.0003449,0.0003929,0.0003832,0.0003843,0.0003833,0.0003896,0.0003893,0.0003999,0.0003925,0.0003662,0.0003332,0.0003063,0.0002791,0.0002491,0.0002178,0.0001932,0.0001695,0.0001492,0.0001291,0.0001086,9.156e-05,7.708e-05,6.284e-05,4.793e-05,3.662e-05,2.794e-05,1.965e-05,1.289e-05,8.786e-06,6.891e-06,5.148e-06,4.56e-06,4.064e-06,4.134e-06,3.841e-06,3.587e-06,3.719e-06,3.526e-06,3.314e-06,3.05e-06,2.665e-06,2.544e-06,2.27e-06,2.24e-06,2.442e-06,2.088e-06,1.915e-06
0.0003233,0.0003639,0.0003424,0.0003905,0.0003768,0.0003813,0.0003781,0.0003862,0.0003814,0.0004016,0.0003947,0.0003637,0.0003371,0.0003066,0.0002799,0.0002489,0.0002176,0.000198,0.0001708,0.000151,0.0001312,0.0001083,9.306e-05,7.726e-05,6.206e-05,4.9e-05,3.698e-05,2.672e-05,1.892e-05,1.234e-05,8.695e-06,6.394e-06,5.036e-06,4.864e-06,4.064e-06,4.104e-06,3.628e-06,3.83e-06,3.516e-06,3.668e-06,3.314e-06,3.233e-06,3.081e-06,2.533e-06,2.513e-06,2.331e-06,1.915e-06,1.996e-06,2.169e-06
0.0003199,0.0003589,0.0003416,0.0003845,0.0003715,0.0003833,0.0003792,0.0003909,0.0003815,0.0003967,0.0003915,0.0003649,0.0003346,0.0003061,0.0002784,0.0002493,0.0002188,0.0001976,0.0001685,0.000153,0.0001286,0.000109,9.257e-05,7.667e-05,6.169e-05,4.863e-05,3.775e-05,2.732e-05,1.957e-05,1.292e-05,9.455e-06,6.374e-06,5.168e-06,5.067e-06,4.246e-06,4.043e-06,3.962e-06,3.739e-06,3.496e-06,3.678e-06,3.304e-06,2.888e-06,2.908e-06,2.837e-06,2.604e-06,2.24e-06,2.179e-06,2.503e-06,2.158e-06
0.0003244,0.0003647,0.0003449,0.0003885,0.0003766,0.0003818,0.0003839,0.0003904,0.0003869,0.0004032,0.0003953,0.0003639,0.0003391,0.0003059,0.0002778,0.0002503,0.0002207,0.0001973,0.0001725,0.0001514,0.0001304,0.0001101,9.159e-05,7.79e-05,6.101e-05,4.91e-05,3.795e-05,2.78e-05,1.956e-05,1.341e-05,9.495e-06,6.84e-06,5.31e-06,4.621e-06,4.145e-06,4.236e-06,3.922e-06,3.587e-06,3.739e-06,3.415e-06,3.283e-06,2.858e-06,2.756e-06,2.898e-06,2.483e-06,2.27e-06,2.047e-06,1.976e-06,2.169e-06
0.0003242,0.0003662,0.0003421,0.0003922,0.0003796,0.0003832,0.0003786,0.0003886,0.0003851,0.0004023,0.0003922,0.0003633,0.0003394,0.000308,0.0002748,0.0002465,0.0002187,0.000198,0.0001689,0.00015,0.0001309,0.0001082,9.218e-05,7.71e-05,6.126e-05,4.864e-05,3.634e-05,2.839e-05,1.906e-05,1.359e-05,9.11e-06,7.023e-06,5.31e-06,4.55e-06,3.912e-06,4.165e-06,3.729e-06,3.881e-06,3.597e-06,3.618e-06,3.06e-06,2.797e-06,2.848e-06,2.574e-06,2.402e-06,2.27e-06,2.169e-06,2.047e-06,1.966e-06
0.0003094,0.0003489,0.0003308,0.0003772,0.0003655,0.0003763,0.0003762,0.0003835,0.0003848,0.0003967,0.0003913,0.0003657,0.0003403,0.0003074,0.0002782,0.0002489,0.0002213,0.0001962,0.0001713,0.0001508,0.0001303,0.0001121,9.114e-05,7.79e-05,6.029e-05,4.861e-05,3.706e-05,2.702e-05,1.895e-05,1.29e-05,9.14e-06,6.374e-06,5.351e-06,4.692e-06,4.388e-06,4.003e-06,3.618e-06,3.597e-06,3.425e-06,3.415e-06,3.263e-06,2.807e-06,2.635e-06,2.533e-06,2.533e-06,2.584e-06,2.088e-06,2.158e-06,2.077e-06
0.000319,0.0003598,0.0003398,0.0003874,0.0003773,0.0003848,0.0003819,0.0003872,0.000387,0.0004001,0.0003933,0.0003618,0.0003346,0.0003087,0.000276,0.0002463,0.0002205,0.0001958,0.0001708,0.0001496,0.00013,0.0001106,9.182e-05,7.799e-05,6.225e-05,4.864e-05,3.771e-05,2.691e-05,1.881e-05,1.28e-05,8.725e-06,6.86e-06,5.117e-06,4.915e-06,4.368e-06,4.59e-06,3.881e-06,3.76e-06,3.172e-06,3.364e-06,3.05e-06,3.05e-06,2.858e-06,2.564e-06,2.402e-06,2.158e-06,2.442e-06,2.189e-06,2.148e-06
0.0003163,0.0003578,0.0003375,0.0003833,0.0003776,0.0003798,0.0003756,0.0003863,0.0003865,0.000398,0.0003895,0.0003641,0.0003343,0.0003046,0.0002789,0.0002501,0.0002179,0.0001959,0.0001705,0.0001528,0.0001283,0.00011,9.211e-05,7.68e-05,6.097e-05,4.809e-05,3.713e-05,2.68e-05,1.938e-05,1.312e-05,9.374e-06,7.104e-06,5.31e-06,4.317e-06,4.266e-06,4.043e-06,4.266e-06,3.871e-06,3.496e-06,3.374e-06,3.152e-06,3.091e-06,2.716e-06,2.898e-06,2.574e-06,2.493e-06,2.088e-06,2.189e-06,2.067e-06
0.0003258,0.000361,0.0003459,0.0003861,0.0003802,0.0003814,0.0003791,0.0003879,0.0003856,0.0003993,0.0003908,0.0003611,0.0003383,0.0003061,0.0002781,0.000249,0.0002204,0.0001952,0.0001715,0.0001522,0.0001303,0.0001112,9.284e-05,7.714e-05,6.139e-05,4.91e-05,3.708e-05,2.689e-05,1.918e-05,1.398e-05,9.424e-06,6.344e-06,4.935e-06,4.651e-06,4.307e-06,3.932e-06,3.749e-06,4.195e-06,3.344e-06,3.425e-06,3.385e-06,3.04e-06,2.797e-06,2.503e-06,2.442e-06,2.138e-06,1.895e-06,2.25e-06,2.179e-06
0,0,0,0,0,0,0,0,0,0,0,0,0,0,0,0,0,0,0,0,0,0,0,0,0,0,0,0,0,0,0,0,0,0,0,0,0,0,0,0,0,0,0,0,0,0,0,0,0
3rd quartile
1.325e+12,1.463e+12,1.612e+12,1.776e+12,1.963e+12,2.165e+12,2.387e+12,2.637e+12,2.914e+12,3.217e+12,3.552e+12,3.916e+12,4.32e+12,4.766e+12,5.258e+12,5.806e+12,6.405e+12,7.071e+12,7.805e+12,8.612e+12,9.508e+12,1.048e+13,1.157e+13,1.276e+13,1.409e+13,1.554e+13,1.715e+13,1.891e+13,2.094e+13,2.31e+13,2.557e+13,2.824e+13,3.106e+13,3.427e+13,3.778e+13,4.18e+13,4.622e+13,5.091e+13,5.611e+13,6.221e+13,6.851e+13,7.551e+13,8.332e+13,9.216e+13,1.015e+14,1.122e+14,1.239e+14,1.364e+14,1.505e+14
0.0005143,0.000556,0.0004946,0.0005285,0.0004778,0.0004522,0.0004181,0.000395,0.0003625,0.0003442,0.0003215,0.0002778,0.000242,0.0002009,0.0001712,0.0001412,0.0001159,9.723e-05,7.53e-05,6.193e-05,5.103e-05,3.868e-05,2.812e-05,2.283e-05,1.683e-05,1.142e-05,8.239e-06,5.644e-06,4.286e-06,3.496e-06,3.182e-06,2.736e-06,2.594e-06,2.858e-06,2.473e-06,2.614e-06,2.402e-06,2.736e-06,2.088e-06,2.381e-06,1.976e-06,1.946e-06,1.824e-06,1.5e-06,1.581e-06,1.206e-06,1.155e-06,9.019e-07,7.296e-07
0.0005211,0.0005625,0.0005057,0.0005289,0.0004791,0.0004531,0.0004209,0.0003943,0.0003611,0.0003437,0.0003222,0.0002781,0.000241,0.0002015,0.0001731,0.0001413,0.0001178,9.676e-05,7.714e-05,6.444e-05,4.972e-05,3.87e-05,3.054e-05,2.438e-05,1.683e-05,1.207e-05,8.482e-06,6.415e-06,4.864e-06,3.374e-06,3.081e-06,2.939e-06,2.746e-06,2.655e-06,2.503e-06,2.604e-06,2.361e-06,2.24e-06,2.341e-06,2.229e-06,1.956e-06,2.006e-06,1.763e-06,1.662e-06,1.51e-06,1.155e-06,1.206e-06,1.034e-06,6.384e-07
0.000531,0.0005673,0.0005025,0.0005331,0.000484,0.0004535,0.0004176,0.000396,0.0003607,0.00035,0.000322,0.0002808,0.0002419,0.0002052,0.0001722,0.0001426,0.0001168,9.769e-05,7.678e-05,6.275e-05,5.057e-05,3.923e-05,3.044e-05,2.284e-05,1.712e-05,1.191e-05,8.421e-06,5.867e-06,4.317e-06,3.496e-06,2.939e-06,2.665e-06,3.02e-06,2.594e-06,2.452e-06,2.422e-06,2.614e-06,2.219e-06,2.351e-06,1.854e-06,2.077e-06,1.936e-06,1.581e-06,1.682e-06,1.429e-06,1.338e-06,1.105e-06,8.918e-07,7.6e-07
0.0005188,0.0005641,0.000496,0.0005287,0.0004789,0.0004539,0.0004203,0.0003956,0.0003603,0.0003481,0.000322,0.0002805,0.000241,0.0002015,0.0001701,0.0001409,0.0001144,9.706e-05,7.709e-05,6.175e-05,5.095e-05,4.005e-05,2.981e-05,2.258e-05,1.675e-05,1.197e-05,8.279e-06,6.171e-06,4.368e-06,3.293e-06,3.172e-06,2.554e-06,2.726e-06,2.452e-06,2.584e-06,2.331e-06,2.452e-06,2.219e-06,2.554e-06,2.098e-06,2.128e-06,1.996e-06,1.743e-06,1.54e-06,1.287e-06,1.165e-06,1.388e-06,1.003e-06,7.195e-07
0.0005179,0.0005561,0.0004981,0.0005265,0.0004808,0.0004563,0.0004209,0.0003976,0.0003623,0.000345,0.0003226,0.0002789,0.0002405,0.0002035,0.000172,0.0001395,0.0001153,9.651e-05,7.744e-05,6.231e-05,5.148e-05,3.898e-05,3.02e-05,2.237e-05,1.622e-05,1.153e-05,8.056e-06,5.766e-06,3.901e-06,3.314e-06,3.07e-06,2.756e-06,2.675e-06,2.523e-06,2.716e-06,2.493e-06,2.655e-06,2.219e-06,2.077e-06,2.199e-06,2.158e-06,1.905e-06,2.108e-06,1.621e-06,1.429e-06,1.246e-06,1.105e-06,8.816e-07,7.296e-07
0.0005025,0.0005559,0.0004928,0.0005257,0.0004776,0.0004518,0.000415,0.0003989,0.000366,0.000347,0.000321,0.0002803,0.0002398,0.0002022,0.000172,0.000141,0.000115,9.588e-05,7.64e-05,6.173e-05,4.991e-05,3.855e-05,3.002e-05,2.164e-05,1.56e-05,1.171e-05,8.046e-06,5.877e-06,3.82e-06,3.496e-06,3e-06,2.392e-06,2.756e-06,2.635e-06,2.473e-06,2.392e-06,2.29e-06,2.169e-06,2.31e-06,2.473e-06,1.834e-06,1.915e-06,1.733e-06,1.713e-06,1.611e-06,1.257e-06,1.044e-06,1.003e-06,7.904e-07
0.0005241,0.0005611,0.0005029,0.0005314,0.0004841,0.0004539,0.0004173,0.0003991,0.0003611,0.0003453,0.0003205,0.0002803,0.0002458,0.0002028,0.0001715,0.0001414,0.0001151,9.749e-05,7.592e-05,6.3e-05,5.035e-05,3.929e-05,3.01e-05,2.335e-05,1.636e-05,1.174e-05,8.776e-06,6.1e-06,4.165e-06,3.496e-06,2.716e-06,2.564e-06,2.351e-06,2.766e-06,2.756e-06,2.503e-06,2.574e-06,1.905e-06,2.371e-06,2.199e-06,2.179e-06,1.834e-06,1.692e-06,1.804e-06,1.692e-06,1.054e-06,1.246e-06,8.208e-07,8.614e-07
0.0005157,0.0005524,0.0004961,0.0005287,0.0004798,0.0004517,0.0004227,0.0003945,0.000364,0.000348,0.0003226,0.0002792,0.0002418,0.0002017,0.0001707,0.0001402,0.0001162,9.464e-05,7.534e-05,6.066e-05,5.031e-05,3.854e-05,2.959e-05,2.283e-05,1.587e-05,1.14e-05,8.178e-06,5.979e-06,4.185e-06,3.04e-06,2.959e-06,2.199e-06,2.665e-06,2.736e-06,2.371e-06,2.584e-06,2.179e-06,2.28e-06,2.402e-06,2.219e-06,1.854e-06,1.784e-06,1.682e-06,1.692e-06,1.358e-06,1.165e-06,1.105e-06,9.424e-07,6.992e-07
0.0005084,0.0005449,0.0004908,0.0005267,0.0004764,0.0004519,0.0004186,0.0003971,0.0003625,0.0003454,0.0003218,0.0002798,0.0002437,0.000202,0.0001701,0.0001377,0.0001142,9.494e-05,7.51e-05,6.103e-05,4.955e-05,3.796e-05,2.914e-05,2.197e-05,1.577e-05,1.079e-05,8.117e-06,5.796e-06,4.185e-06,3.334e-06,3.182e-06,2.837e-06,2.706e-06,2.533e-06,2.351e-06,2.351e-06,2.077e-06,2.412e-06,2.108e-06,2.077e-06,2.057e-06,2.047e-06,1.763e-06,1.429e-06,1.55e-06,1.094e-06,1.054e-06,8.715e-07,7.195e-07
0.0005185,0.0005572,0.0005027,0.0005342,0.0004853,0.0004539,0.0004171,0.0003971,0.0003634,0.0003475,0.0003197,0.0002794,0.0002412,0.0002053,0.0001707,0.0001402,0.000115,9.547e-05,7.803e-05,6.193e-05,5.005e-05,3.901e-05,2.981e-05,2.277e-05,1.729e-05,1.167e-05,8.026e-06,6.313e-06,4.185e-06,3.385e-06,2.756e-06,2.766e-06,2.523e-06,2.361e-06,2.27e-06,2.361e-06,2.696e-06,2.138e-06,2.158e-06,2.25e-06,2.321e-06,1.956e-06,1.743e-06,1.662e-06,1.135e-06,1.257e-06,1.044e-06,1.034e-06,7.904e-07
0.0005032,0.0005434,0.0004913,0.0005257,0.000476,0.0004541,0.0004198,0.0003957,0.000361,0.0003472,0.0003207,0.00028,0.000243,0.0002032,0.0001714,0.0001397,0.0001132,9.613e-05,7.543e-05,6.206e-05,4.999e-05,3.838e-05,2.863e-05,2.251e-05,1.65e-05,1.119e-05,8.239e-06,5.503e-06,4.053e-06,3.385e-06,2.766e-06,2.574e-06,2.675e-06,2.412e-06,2.25e-06,2.25e-06,2.199e-06,2.432e-06,2.006e-06,2.26e-06,2.118e-06,1.692e-06,1.865e-06,1.814e-06,1.419e-06,1.267e-06,1.246e-06,9.424e-07,9.12e-07
0.0005162,0.0005602,0.0004993,0.0005281,0.0004841,0.0004536,0.0004215,0.0004018,0.0003614,0.0003447,0.0003185,0.0002815,0.0002431,0.0002028,0.0001699,0.0001408,0.0001135,9.679e-05,7.802e-05,6.329e-05,5.071e-05,3.943e-05,2.996e-05,2.262e-05,1.661e-05,1.169e-05,7.894e-06,5.604e-06,4.438e-06,3.587e-06,3.02e-06,2.949e-06,2.473e-06,2.473e-06,2.604e-06,2.27e-06,2.341e-06,2.371e-06,2.544e-06,2.077e-06,2.341e-06,1.834e-06,1.702e-06,1.5e-06,1.277e-06,1.378e-06,1.094e-06,9.019e-07,9.323e-07
0.0005261,0.0005675,0.0005037,0.0005343,0.0004838,0.0004527,0.000416,0.0003995,0.0003596,0.0003493,0.0003172,0.0002813,0.0002407,0.0002038,0.0001724,0.0001431,0.0001172,9.446e-05,7.798e-05,6.35e-05,5.042e-05,3.861e-05,3.037e-05,2.278e-05,1.662e-05,1.198e-05,8.046e-06,6.141e-06,4.438e-06,3.121e-06,3.233e-06,2.787e-06,2.746e-06,2.462e-06,2.696e-06,2.402e-06,2.635e-06,2.017e-06,2.554e-06,2.017e-06,2.108e-06,2.047e-06,1.652e-06,1.723e-06,1.449e-06,1.277e-06,1.155e-06,9.83e-07,7.296e-07
0.0004991,0.0005379,0.0004876,0.0005178,0.0004735,0.0004494,0.0004192,0.000398,0.0003662,0.0003448,0.0003215,0.000281,0.0002438,0.0002019,0.0001681,0.0001393,0.0001127,9.53e-05,7.553e-05,6.094e-05,4.858e-05,3.773e-05,2.886e-05,2.214e-05,1.537e-05,1.122e-05,7.549e-06,5.614e-06,4.155e-06,3.405e-06,2.959e-06,2.533e-06,2.381e-06,2.493e-06,2.31e-06,2.381e-06,2.544e-06,2.351e-06,2.158e-06,2.229e-06,2.006e-06,1.784e-06,1.611e-06,1.743e-06,1.479e-06,1.064e-06,1.064e-06,9.019e-07,1.044e-06
0.0005183,0.0005585,0.0004974,0.0005299,0.0004796,0.0004531,0.0004199,0.000394,0.0003607,0.0003466,0.0003216,0.000278,0.0002439,0.0002037,0.0001713,0.0001408,0.0001148,9.648e-05,7.735e-05,6.318e-05,5.192e-05,3.933e-05,2.969e-05,2.307e-05,1.626e-05,1.159e-05,8.208e-06,5.452e-06,4.216e-06,3.466e-06,3.131e-06,2.908e-06,2.604e-06,2.655e-06,2.412e-06,2.361e-06,2.138e-06,2.3e-06,2.29e-06,2.209e-06,2.26e-06,1.743e-06,1.905e-06,1.561e-06,1.277e-06,1.236e-06,1.186e-06,1.094e-06,8.31e-07
0.0005272,0.0005646,0.0005,0.0005311,0.0004855,0.0004549,0.0004184,0.0003935,0.0003592,0.0003486,0.0003208,0.0002811,0.0002434,0.000203,0.0001706,0.000141,0.0001146,9.775e-05,7.625e-05,6.318e-05,4.912e-05,3.838e-05,3.007e-05,2.218e-05,1.638e-05,1.159e-05,8.836e-06,6.415e-06,4.317e-06,3.678e-06,2.645e-06,2.655e-06,2.594e-06,2.554e-06,2.473e-06,2.523e-06,2.26e-06,2.25e-06,2.381e-06,2.148e-06,2.189e-06,2.209e-06,2.108e-06,1.5e-06,1.439e-06,1.388e-06,1.186e-06,1.165e-06,7.904e-07
0.0005176,0.000555,0.000493,0.0005289,0.0004809,0.0004562,0.0004177,0.0003942,0.00036,0.0003456,0.0003201,0.0002759,0.0002412,0.0002002,0.0001697,0.000142,0.000115,9.561e-05,7.635e-05,6.224e-05,4.901e-05,3.87e-05,2.958e-05,2.305e-05,1.606e-05,1.157e-05,7.864e-06,6.09e-06,4.428e-06,3.374e-06,3.081e-06,2.513e-06,2.827e-06,2.473e-06,2.381e-06,2.412e-06,2.341e-06,2.392e-06,1.966e-06,2.108e-06,2.027e-06,2.138e-06,2.128e-06,1.439e-06,1.449e-06,1.317e-06,1.074e-06,8.512e-07,7.904e-07
0.0005104,0.0005537,0.0004954,0.0005246,0.0004778,0.0004533,0.0004192,0.0003959,0.0003603,0.000345,0.0003215,0.0002825,0.0002419,0.0002027,0.0001699,0.0001418,0.0001148,9.446e-05,7.775e-05,6.217e-05,4.967e-05,3.701e-05,2.89e-05,2.128e-05,1.548e-05,1.161e-05,8.502e-06,6.019e-06,4.469e-06,3.76e-06,3.111e-06,2.544e-06,2.645e-06,2.392e-06,2.716e-06,2.229e-06,2.696e-06,2.746e-06,2.574e-06,2.047e-06,2.158e-06,2.067e-06,1.854e-06,1.844e-06,1.51e-06,1.378e-06,1.064e-06,9.526e-07,8.816e-07
0.0005101,0.0005515,0.0004967,0.000529,0.0004802,0.0004534,0.0004221,0.0003967,0.0003622,0.0003446,0.0003215,0.0002816,0.0002414,0.0002037,0.0001718,0.0001421,0.0001144,9.5e-05,7.681e-05,6.315e-05,4.955e-05,3.876e-05,2.945e-05,2.088e-05,1.617e-05,1.235e-05,7.833e-06,5.685e-06,4.246e-06,3.293e-06,3.081e-06,2.554e-06,2.918e-06,2.169e-06,2.483e-06,2.29e-06,2.331e-06,2.28e-06,2.462e-06,2.169e-06,2.209e-06,1.875e-06,1.561e-06,1.561e-06,1.368e-06,1.105e-06,9.83e-07,1.186e-06,1.074e-06
0.0005174,0.0005556,0.0004967,0.0005247,0.0004817,0.0004543,0.0004213,0.0004003,0.0003599,0.0003453,0.0003181,0.0002801,0.0002448,0.0002024,0.0001699,0.0001425,0.0001137,9.576e-05,7.782e-05,6.229e-05,4.902e-05,3.873e-05,2.938e-05,2.222e-05,1.564e-05,1.144e-05,7.965e-06,5.665e-06,4.074e-06,3.841e-06,2.898e-06,2.746e-06,2.614e-06,2.604e-06,2.554e-06,2.462e-06,2.341e-06,2.665e-06,2.219e-06,2.047e-06,1.956e-06,1.763e-06,1.733e-06,1.702e-06,1.196e-06,1.105e-06,1.175e-06,8.31e-07,7.499e-07
0.0005054,0.0005493,0.0004956,0.0005226,0.0004809,0.0004509,0.000419,0.0003986,0.0003622,0.000345,0.0003208,0.0002782,0.0002406,0.0002025,0.0001702,0.000141,0.0001147,9.738e-05,7.753e-05,6.134e-05,5.18e-05,3.902e-05,2.953e-05,2.183e-05,1.628e-05,1.161e-05,8.249e-06,5.695e-06,3.972e-06,3.608e-06,2.817e-06,2.756e-06,2.604e-06,2.777e-06,2.614e-06,2.158e-06,2.3e-06,2.321e-06,2.158e-06,2.442e-06,2.067e-06,2.047e-06,1.672e-06,1.54e-06,1.51e-06,1.216e-06,1.155e-06,8.918e-07,8.31e-07
0.0005191,0.0005609,0.0005005,0.0005304,0.0004836,0.0004494,0.0004158,0.0003966,0.0003628,0.0003435,0.000319,0.0002802,0.0002429,0.0002051,0.0001737,0.0001413,0.0001152,9.511e-05,7.777e-05,6.299e-05,4.991e-05,3.851e-05,3.003e-05,2.192e-05,1.697e-05,1.199e-05,7.985e-06,6.09e-06,3.972e-06,3.729e-06,2.949e-06,2.513e-06,3.05e-06,2.402e-06,2.422e-06,2.219e-06,2.756e-06,2.432e-06,2.047e-06,2.219e-06,1.976e-06,2.067e-06,1.753e-06,1.692e-06,1.439e-06,1.439e-06,1.094e-06,9.424e-07,8.512e-07
0.000524,0.0005605,0.0005024,0.0005362,0.0004822,0.0004522,0.0004209,0.0003922,0.0003619,0.0003428,0.0003226,0.0002794,0.0002423,0.0002015,0.0001689,0.0001414,0.0001165,9.614e-05,7.899e-05,6.47e-05,5.07e-05,3.924e-05,2.949e-05,2.361e-05,1.712e-05,1.166e-05,8.715e-06,6.141e-06,4.56e-06,3.202e-06,3.04e-06,3.03e-06,2.706e-06,2.604e-06,2.422e-06,2.26e-06,2.169e-06,2.118e-06,2.169e-06,2.128e-06,1.915e-06,1.713e-06,1.936e-06,1.743e-06,1.449e-06,1.317e-06,9.019e-07,1.135e-06,8.918e-07
0.0005232,0.0005589,0.0004983,0.0005306,0.0004836,0.0004489,0.0004209,0.0004,0.0003591,0.0003474,0.0003209,0.0002817,0.0002453,0.000202,0.0001702,0.0001397,0.0001161,9.547e-05,7.723e-05,6.34e-05,5.018e-05,3.939e-05,2.874e-05,2.212e-05,1.609e-05,1.232e-05,8.836e-06,5.898e-06,4.347e-06,3.83e-06,3e-06,2.625e-06,2.837e-06,2.696e-06,2.716e-06,2.381e-06,2.594e-06,2.361e-06,2.057e-06,1.814e-06,2.006e-06,1.966e-06,1.591e-06,1.358e-06,1.5e-06,1.388e-06,1.094e-06,9.931e-07,9.424e-07
0.0005103,0.0005512,0.0004951,0.0005287,0.0004803,0.0004527,0.0004192,0.0003959,0.0003645,0.0003444,0.0003215,0.0002839,0.0002443,0.0002059,0.0001711,0.0001389,0.0001143,9.552e-05,7.707e-05,6.285e-05,5.1e-05,3.744e-05,3.047e-05,2.301e-05,1.624e-05,1.172e-05,8.705e-06,6.019e-06,4.327e-06,3.374e-06,2.858e-06,2.837e-06,2.746e-06,2.513e-06,2.351e-06,2.088e-06,2.564e-06,2.3e-06,2.533e-06,2.088e-06,2.189e-06,1.713e-06,1.946e-06,1.652e-06,1.53e-06,1.277e-06,9.83e-07,1.013e-06,7.296e-07
0.0005088,0.0005516,0.0004926,0.0005271,0.0004781,0.0004529,0.0004185,0.0003971,0.0003611,0.0003445,0.0003196,0.00028,0.0002397,0.0002026,0.0001722,0.0001392,0.0001164,9.569e-05,7.779e-05,6.219e-05,4.897e-05,3.692e-05,2.906e-05,2.212e-05,1.635e-05,1.105e-05,8.239e-06,6.192e-06,4.205e-06,3.07e-06,2.736e-06,2.797e-06,2.696e-06,2.716e-06,2.3e-06,2.503e-06,2.381e-06,2.148e-06,2.28e-06,2.199e-06,2.006e-06,1.925e-06,1.723e-06,1.54e-06,1.449e-06,1.358e-06,1.044e-06,1.034e-06,9.83e-07
0.0005006,0.0005398,0.0004891,0.000524,0.0004786,0.0004559,0.0004191,0.0003979,0.0003652,0.0003469,0.0003209,0.0002816,0.0002381,0.0002025,0.0001677,0.0001407,0.0001118,9.414e-05,7.677e-05,6.085e-05,4.9e-05,3.818e-05,2.759e-05,2.148e-05,1.579e-05,1.138e-05,7.924e-06,5.31e-06,4.428e-06,3.395e-06,3.182e-06,2.483e-06,2.706e-06,2.584e-06,2.392e-06,2.462e-06,2.331e-06,2.523e-06,2.169e-06,1.996e-06,2.057e-06,1.865e-06,1.672e-06,1.55e-06,1.327e-06,1.277e-06,1.287e-06,1.023e-06,7.195e-07
0.0005218,0.0005557,0.0004969,0.0005277,0.000476,0.0004545,0.0004171,0.000398,0.0003591,0.0003426,0.0003176,0.0002778,0.0002388,0.0002045,0.0001683,0.0001434,0.0001153,9.533e-05,7.751e-05,6.373e-05,4.969e-05,3.855e-05,3.084e-05,2.341e-05,1.658e-05,1.179e-05,8.33e-06,5.938e-06,4.276e-06,3.942e-06,3.141e-06,2.807e-06,2.766e-06,2.452e-06,2.523e-06,2.3e-06,2.209e-06,2.26e-06,2.209e-06,2.098e-06,1.804e-06,1.723e-06,1.966e-06,1.936e-06,1.378e-06,1.165e-06,1.125e-06,1.013e-06,1.074e-06
0.0005101,0.000552,0.0004964,0.0005287,0.0004781,0.0004528,0.0004187,0.0003929,0.0003618,0.0003467,0.0003182,0.0002782,0.0002418,0.0002035,0.0001732,0.0001415,0.0001145,9.75e-05,7.674e-05,6.358e-05,5.015e-05,3.959e-05,2.892e-05,2.195e-05,1.681e-05,1.17e-05,8.046e-06,5.867e-06,4.824e-06,2.888e-06,2.797e-06,2.432e-06,2.756e-06,2.371e-06,2.321e-06,2.736e-06,2.513e-06,2.037e-06,2.219e-06,2.057e-06,1.804e-06,1.936e-06,1.976e-06,1.895e-06,1.591e-06,1.277e-06,1.267e-06,1.105e-06,8.614e-07
0.0005228,0.0005636,0.0005035,0.0005287,0.0004836,0.0004538,0.000417,0.0003971,0.000361,0.0003452,0.0003198,0.0002798,0.0002433,0.0002021,0.0001723,0.0001432,0.0001166,9.63e-05,7.895e-05,6.296e-05,4.966e-05,3.875e-05,3.059e-05,2.322e-05,1.649e-05,1.157e-05,8.239e-06,5.979e-06,3.993e-06,3.334e-06,2.979e-06,2.513e-06,2.726e-06,2.584e-06,2.392e-06,2.523e-06,2.483e-06,2.442e-06,2.199e-06,2.209e-06,2.006e-06,1.702e-06,1.601e-06,1.49e-06,1.51e-06,1.155e-06,1.044e-06,9.526e-07,9.323e-07
0.0005135,0.0005532,0.0004943,0.0005303,0.0004801,0.0004514,0.0004184,0.000398,0.0003591,0.0003497,0.0003222,0.000278,0.0002399,0.0002012,0.0001701,0.0001408,0.0001165,9.561e-05,7.812e-05,6.307e-05,4.993e-05,3.823e-05,2.909e-05,2.193e-05,1.608e-05,1.132e-05,8.269e-06,6.121e-06,3.932e-06,3.324e-06,2.949e-06,2.685e-06,2.797e-06,2.696e-06,2.138e-06,2.594e-06,2.31e-06,2.199e-06,2.371e-06,2.138e-06,1.915e-06,1.743e-06,1.621e-06,1.631e-06,1.348e-06,1.338e-06,1.135e-06,9.222e-07,8.411e-07
0.0005157,0.0005585,0.0004982,0.0005318,0.0004782,0.0004576,0.0004212,0.0003955,0.0003635,0.0003458,0.0003222,0.0002796,0.0002412,0.0002027,0.0001702,0.0001399,0.0001158,9.354e-05,7.599e-05,6.179e-05,5.059e-05,3.87e-05,2.963e-05,2.275e-05,1.647e-05,1.2e-05,8.35e-06,5.746e-06,4.175e-06,3.081e-06,2.726e-06,2.787e-06,2.675e-06,2.574e-06,2.675e-06,2.473e-06,2.655e-06,2.321e-06,1.996e-06,2.381e-06,2.118e-06,1.905e-06,1.733e-06,1.642e-06,1.388e-06,1.297e-06,9.83e-07,9.728e-07,7.701e-07
0.0005032,0.0005465,0.0004902,0.0005225,0.0004756,0.0004523,0.0004169,0.000396,0.0003626,0.000347,0.0003179,0.0002822,0.0002407,0.0002034,0.0001706,0.0001388,0.0001134,9.438e-05,7.557e-05,6.29e-05,4.984e-05,3.834e-05,2.915e-05,2.284e-05,1.654e-05,1.19e-05,8.228e-06,5.948e-06,4.256e-06,3.729e-06,2.969e-06,2.797e-06,2.533e-06,2.584e-06,2.361e-06,2.392e-06,2.412e-06,2.392e-06,2.442e-06,2.381e-06,2.006e-06,1.915e-06,1.702e-06,1.581e-06,1.429e-06,1.297e-06,1.105e-06,8.715e-07,9.222e-07
0.0005324,0.0005667,0.0005051,0.0005356,0.0004847,0.0004519,0.0004179,0.0003954,0.0003608,0.0003405,0.0003205,0.0002792,0.0002424,0.0002011,0.0001724,0.000142,0.0001161,9.713e-05,7.868e-05,6.468e-05,5.125e-05,3.905e-05,3.034e-05,2.303e-05,1.729e-05,1.262e-05,8.553e-06,5.766e-06,4.236e-06,3.82e-06,2.726e-06,2.868e-06,2.564e-06,2.756e-06,2.442e-06,2.483e-06,2.513e-06,2.493e-06,2.503e-06,2.179e-06,2.017e-06,1.976e-06,1.784e-06,1.682e-06,1.419e-06,1.226e-06,1.297e-06,9.627e-07,8.411e-07
0.0005236,0.0005622,0.0004997,0.0005283,0.0004837,0.0004557,0.0004203,0.0003956,0.0003615,0.0003437,0.0003197,0.0002791,0.0002422,0.0002034,0.0001708,0.0001396,0.0001155,9.505e-05,7.787e-05,6.162e-05,4.892e-05,3.994e-05,2.938e-05,2.244e-05,1.593e-05,1.189e-05,8.026e-06,5.786e-06,4.236e-06,3.385e-06,2.807e-06,2.989e-06,2.625e-06,2.442e-06,2.412e-06,2.685e-06,2.473e-06,2.179e-06,2.098e-06,2.371e-06,1.996e-06,1.966e-06,1.875e-06,1.692e-06,1.449e-06,1.257e-06,1.236e-06,8.107e-07,8.208e-07
0.0005295,0.0005699,0.0005041,0.0005353,0.0004812,0.0004506,0.0004216,0.0003956,0.0003624,0.000342,0.0003191,0.0002791,0.0002401,0.0002006,0.0001706,0.0001412,0.0001161,9.641e-05,7.897e-05,6.311e-05,5.133e-05,3.916e-05,3.009e-05,2.367e-05,1.697e-05,1.244e-05,8.32e-06,6.029e-06,4.56e-06,3.324e-06,2.939e-06,2.969e-06,2.655e-06,2.544e-06,2.422e-06,2.098e-06,2.614e-06,2.229e-06,2.28e-06,2.392e-06,2.158e-06,1.723e-06,1.773e-06,1.571e-06,1.277e-06,1.338e-06,1.175e-06,9.323e-07,9.728e-07
0.0005216,0.0005584,0.000501,0.0005352,0.0004797,0.0004576,0.0004209,0.0003955,0.0003625,0.0003443,0.0003209,0.0002773,0.0002438,0.0002047,0.0001723,0.0001416,0.0001163,9.698e-05,7.658e-05,6.276e-05,5.06e-05,3.936e-05,2.975e-05,2.287e-05,1.615e-05,1.158e-05,8.563e-06,6.242e-06,4.053e-06,3.476e-06,3.03e-06,2.837e-06,2.574e-06,2.523e-06,2.837e-06,2.158e-06,2.229e-06,2.28e-06,2.331e-06,2.28e-06,2.098e-06,2.169e-06,1.936e-06,1.561e-06,1.317e-06,1.206e-06,1.054e-06,9.019e-07,8.614e-07
0.0005165,0.0005578,0.0004977,0.0005318,0.0004854,0.0004524,0.0004206,0.0003965,0.0003588,0.0003458,0.00032,0.0002809,0.0002404,0.0002028,0.0001709,0.0001411,0.0001163,9.488e-05,7.673e-05,6.075e-05,4.892e-05,3.761e-05,2.962e-05,2.307e-05,1.628e-05,1.129e-05,8.411e-06,5.969e-06,4.357e-06,3.344e-06,3.152e-06,2.878e-06,2.25e-06,2.462e-06,2.392e-06,2.331e-06,2.29e-06,2.29e-06,2.26e-06,1.905e-06,2.179e-06,1.875e-06,1.753e-06,1.53e-06,1.561e-06,1.175e-06,1.145e-06,9.019e-07,1.013e-06
0.0005264,0.0005657,0.000504,0.0005359,0.0004791,0.0004546,0.0004183,0.0004005,0.0003605,0.0003432,0.0003193,0.0002845,0.0002411,0.0002013,0.0001718,0.0001406,0.0001171,9.814e-05,7.884e-05,6.47e-05,4.891e-05,3.873e-05,2.995e-05,2.307e-05,1.681e-05,1.199e-05,8.614e-06,5.918e-06,4.52e-06,3.658e-06,3.111e-06,2.604e-06,2.493e-06,2.777e-06,2.462e-06,2.716e-06,2.361e-06,2.331e-06,2.098e-06,1.966e-06,2.006e-06,1.976e-06,1.794e-06,1.53e-06,1.409e-06,1.074e-06,1.155e-06,9.12e-07,9.424e-07
0.0005215,0.0005567,0.0005017,0.0005275,0.0004832,0.0004554,0.0004188,0.0004005,0.0003578,0.0003478,0.0003197,0.0002798,0.0002435,0.0002043,0.0001722,0.0001424,0.0001164,9.513e-05,7.904e-05,6.414e-05,5.022e-05,4.002e-05,3.065e-05,2.277e-05,1.616e-05,1.186e-05,8.299e-06,6.415e-06,4.155e-06,3.638e-06,2.797e-06,2.564e-06,2.716e-06,2.645e-06,2.432e-06,2.766e-06,2.402e-06,2.189e-06,2.594e-06,2.402e-06,2.199e-06,2.037e-06,1.915e-06,1.388e-06,1.571e-06,1.236e-06,1.175e-06,1.175e-06,9.424e-07
0.0005033,0.0005496,0.0004891,0.0005242,0.0004806,0.0004541,0.0004191,0.0003982,0.0003611,0.0003421,0.0003192,0.0002806,0.0002416,0.0002013,0.0001698,0.0001398,0.0001155,9.468e-05,7.681e-05,6.309e-05,5.003e-05,3.874e-05,2.854e-05,2.089e-05,1.645e-05,1.157e-05,8.218e-06,5.351e-06,4.124e-06,3.141e-06,3.101e-06,2.868e-06,2.645e-06,2.442e-06,2.189e-06,2.442e-06,2.402e-06,2.371e-06,2.199e-06,2.3e-06,1.865e-06,2.006e-06,1.936e-06,1.54e-06,1.388e-06,1.226e-06,1.094e-06,1.023e-06,8.107e-07
0.0005204,0.0005578,0.0005011,0.0005287,0.0004755,0.0004559,0.0004197,0.0003983,0.0003605,0.000346,0.0003197,0.0002792,0.0002427,0.0002032,0.0001718,0.0001424,0.0001149,9.345e-05,7.817e-05,6.182e-05,4.906e-05,3.785e-05,3.074e-05,2.227e-05,1.657e-05,1.184e-05,8.451e-06,6.09e-06,4.043e-06,3.121e-06,3.07e-06,2.949e-06,2.888e-06,2.442e-06,2.31e-06,2.371e-06,2.503e-06,2.503e-06,2.148e-06,2.442e-06,2.189e-06,1.976e-06,1.865e-06,1.621e-06,1.327e-06,1.459e-06,1.023e-06,9.83e-07,1.054e-06
0.0005177,0.0005598,0.0004975,0.0005274,0.0004804,0.0004541,0.0004189,0.0003926,0.000359,0.0003473,0.0003167,0.0002777,0.0002414,0.0002042,0.0001706,0.0001398,0.0001144,9.796e-05,7.822e-05,6.194e-05,5.007e-05,3.925e-05,3.039e-05,2.304e-05,1.602e-05,1.155e-05,8.563e-06,5.746e-06,4.134e-06,3.567e-06,3.222e-06,2.655e-06,2.807e-06,2.533e-06,2.432e-06,2.189e-06,2.412e-06,2.483e-06,2.27e-06,2.28e-06,2.26e-06,1.956e-06,1.49e-06,1.591e-06,1.5e-06,1.206e-06,1.125e-06,1.074e-06,8.411e-07
0.0005229,0.0005627,0.0005018,0.0005273,0.0004817,0.0004537,0.000419,0.0004024,0.0003633,0.0003448,0.0003206,0.0002814,0.0002401,0.0002024,0.0001707,0.0001403,0.0001168,9.504e-05,7.745e-05,6.302e-05,5.012e-05,3.877e-05,2.994e-05,2.267e-05,1.651e-05,1.217e-05,8.228e-06,5.979e-06,4.094e-06,3.749e-06,2.989e-06,2.726e-06,2.817e-06,2.452e-06,2.604e-06,2.645e-06,2.341e-06,2.371e-06,2.341e-06,2.017e-06,1.976e-06,1.794e-06,1.53e-06,1.784e-06,1.226e-06,1.135e-06,1.155e-06,9.222e-07,7.397e-07
0,0,0,0,0,0,0,0,0,0,0,0,0,0,0,0,0,0,0,0,0,0,0,0,0,0,0,0,0,0,0,0,0,0,0,0,0,0,0,0,0,0,0,0,0,0,0,0,0
4th quartile
1.325e+12,1.462e+12,1.611e+12,1.775e+12,1.961e+12,2.163e+12,2.385e+12,2.636e+12,2.911e+12,3.214e+12,3.55e+12,3.916e+12,4.318e+12,4.762e+12,5.253e+12,5.797e+12,6.403e+12,7.065e+12,7.798e+12,8.587e+12,9.482e+12,1.049e+13,1.155e+13,1.28e+13,1.404e+13,1.55e+13,1.721e+13,1.905e+13,2.103e+13,2.315e+13,2.542e+13,2.814e+13,3.094e+13,3.424e+13,3.788e+13,4.166e+13,4.612e+13,5.103e+13,5.632e+13,6.188e+13,6.832e+13,7.555e+13,8.349e+13,9.253e+13,1.015e+14,1.128e+14,1.244e+14,1.372e+14,1.516e+14
0.0007225,0.0007514,0.0006323,0.0006192,0.0005188,0.0004578,0.0003933,0.0003337,0.0002794,0.0002438,0.000216,0.0001777,0.000152,0.0001186,8.974e-05,7.042e-05,5.032e-05,3.861e-05,2.776e-05,2.098e-05,1.416e-05,9.546e-06,6.85e-06,4.59e-06,3.121e-06,1.996e-06,1.378e-06,1.105e-06,9.83e-07,1.409e-06,1.003e-06,8.918e-07,1.105e-06,9.931e-07,1.023e-06,1.105e-06,1.064e-06,1.013e-06,1.044e-06,9.12e-07,8.512e-07,9.019e-07,7.093e-07,7.499e-07,5.675e-07,6.688e-07,6.384e-07,4.357e-07,3.648e-07
0.000728,0.0007531,0.0006339,0.0006279,0.0005237,0.0004519,0.0003848,0.0003416,0.0002837,0.0002499,0.0002204,0.000183,0.0001504,0.0001186,9.282e-05,6.916e-05,5.301e-05,3.954e-05,2.851e-05,2.052e-05,1.402e-05,9.799e-06,6.587e-06,4.53e-06,3.233e-06,2.108e-06,1.53e-06,1.307e-06,1.226e-06,1.287e-06,1.023e-06,1.074e-06,9.424e-07,1.155e-06,8.715e-07,1.196e-06,1.044e-06,1.023e-06,1.054e-06,9.931e-07,8.816e-07,1.003e-06,8.512e-07,8.411e-07,6.283e-07,6.485e-07,5.877e-07,5.168e-07,4.155e-07
0.0007335,0.0007582,0.0006383,0.0006269,0.0005265,0.000458,0.0003895,0.0003413,0.0002852,0.0002499,0.0002194,0.0001832,0.0001525,0.0001186,9.359e-05,7.009e-05,5.185e-05,3.94e-05,2.849e-05,2.061e-05,1.557e-05,1.02e-05,6.668e-06,4.155e-06,2.868e-06,2.047e-06,1.459e-06,1.175e-06,1.034e-06,1.013e-06,9.526e-07,1.034e-06,1.013e-06,1.003e-06,7.195e-07,8.715e-07,1.013e-06,1.135e-06,9.83e-07,1.115e-06,9.019e-07,7.6e-07,7.499e-07,8.31e-07,6.891e-07,5.675e-07,5.573e-07,5.371e-07,3.04e-07
0.0007281,0.0007526,0.0006351,0.0006242,0.0005229,0.0004546,0.0003892,0.0003396,0.0002801,0.0002481,0.0002173,0.0001814,0.0001509,0.0001191,9.251e-05,6.937e-05,5.235e-05,3.878e-05,2.886e-05,1.988e-05,1.507e-05,9.323e-06,6.526e-06,4.459e-06,3.121e-06,1.915e-06,1.459e-06,1.348e-06,1.003e-06,9.728e-07,1.003e-06,1.054e-06,1.105e-06,8.715e-07,1.135e-06,9.323e-07,9.424e-07,8.918e-07,8.005e-07,1.145e-06,8.512e-07,1.034e-06,9.019e-07,6.992e-07,5.776e-07,6.891e-07,6.485e-07,5.979e-07,3.344e-07
0.0007217,0.0007526,0.0006342,0.0006239,0.000523,0.0004554,0.0003872,0.0003401,0.0002834,0.0002455,0.0002142,0.0001834,0.0001503,0.000117,9.193e-05,6.983e-05,5.159e-05,3.802e-05,2.895e-05,2.064e-05,1.555e-05,9.617e-06,7.053e-06,4.753e-06,3.121e-06,1.824e-06,1.51e-06,1.175e-06,1.054e-06,1.135e-06,1.084e-06,8.005e-07,1.165e-06,1.064e-06,1.044e-06,1.246e-06,9.627e-07,1.044e-06,7.904e-07,9.12e-07,1.003e-06,8.005e-07,5.979e-07,7.499e-07,6.283e-07,5.877e-07,6.08e-07,5.877e-07,3.141e-07
0.0007158,0.0007484,0.0006314,0.0006216,0.0005202,0.0004545,0.0003853,0.0003327,0.0002789,0.0002461,0.0002133,0.0001793,0.0001467,0.0001181,9.017e-05,6.803e-05,5.071e-05,3.798e-05,2.724e-05,2.055e-05,1.417e-05,9.941e-06,5.817e-06,4.084e-06,3.445e-06,1.875e-06,1.672e-06,1.155e-06,1.257e-06,9.627e-07,1.135e-06,1.003e-06,1.105e-06,8.918e-07,9.526e-07,8.107e-07,1.094e-06,1.023e-06,9.12e-07,7.904e-07,7.499e-07,9.019e-07,8.005e-07,7.093e-07,8.31e-07,5.472e-07,5.675e-07,3.851e-07,4.56e-07
0.0007276,0.0007559,0.0006328,0.0006246,0.0005253,0.0004545,0.0003907,0.0003379,0.0002836,0.0002476,0.0002172,0.0001829,0.0001521,0.0001186,9.137e-05,7.203e-05,5.222e-05,3.885e-05,2.978e-05,2.067e-05,1.449e-05,1.017e-05,6.617e-06,4.509e-06,3.04e-06,2.219e-06,1.51e-06,1.216e-06,1.145e-06,1.034e-06,1.003e-06,9.526e-07,1.186e-06,9.222e-07,1.115e-06,1.074e-06,1.003e-06,9.12e-07,9.222e-07,9.728e-07,1.165e-06,7.296e-07,9.019e-07,8.512e-07,6.992e-07,5.371e-07,7.397e-07,4.256e-07,3.243e-07
0.000721,0.0007501,0.0006295,0.0006241,0.0005203,0.0004549,0.0003831,0.0003382,0.0002784,0.0002429,0.0002178,0.0001824,0.0001491,0.000117,8.99e-05,6.841e-05,5.103e-05,3.789e-05,2.827e-05,2.015e-05,1.427e-05,9.961e-06,6.587e-06,4.611e-06,2.777e-06,2.26e-06,1.327e-06,1.105e-06,9.526e-07,9.019e-07,9.931e-07,9.931e-07,9.222e-07,8.31e-07,1.003e-06,1.034e-06,9.222e-07,9.728e-07,8.918e-07,9.12e-07,9.627e-07,8.31e-07,8.31e-07,8.208e-07,7.701e-07,6.283e-07,5.675e-07,4.357e-07,2.939e-07
0.0007142,0.0007483,0.0006286,0.0006217,0.0005182,0.0004498,0.0003812,0.0003348,0.0002802,0.0002426,0.0002136,0.00018,0.0001476,0.0001172,9.035e-05,6.683e-05,5.037e-05,3.758e-05,2.747e-05,1.997e-05,1.449e-05,9.029e-06,7.175e-06,4.286e-06,2.848e-06,1.976e-06,1.723e-06,1.175e-06,9.931e-07,1.054e-06,8.208e-07,8.512e-07,9.627e-07,7.397e-07,9.323e-07,8.512e-07,1.054e-06,8.411e-07,1.023e-06,8.512e-07,8.512e-07,8.918e-07,7.701e-07,9.019e-07,5.675e-07,6.283e-07,4.053e-07,4.155e-07,3.851e-07
0.0007204,0.0007521,0.0006376,0.0006208,0.0005223,0.0004545,0.0003855,0.000342,0.0002797,0.0002461,0.0002188,0.0001837,0.0001512,0.0001156,9.11e-05,7.015e-05,5.076e-05,3.809e-05,2.747e-05,2.035e-05,1.497e-05,1.063e-05,6.86e-06,4.337e-06,3.162e-06,2.118e-06,1.672e-06,1.145e-06,1.034e-06,9.526e-07,1.206e-06,9.424e-07,1.074e-06,9.019e-07,1.023e-06,8.512e-07,1.105e-06,9.019e-07,1.003e-06,9.83e-07,9.627e-07,9.526e-07,9.83e-07,7.6e-07,7.499e-07,5.979e-07,5.067e-07,4.459e-07,3.749e-07
0.0007132,0.00074,0.000628,0.0006212,0.0005214,0.0004531,0.0003853,0.0003306,0.0002785,0.0002452,0.0002137,0.0001795,0.0001467,0.000115,9.029e-05,6.802e-05,5.022e-05,3.822e-05,2.761e-05,2.017e-05,1.421e-05,9.303e-06,6.313e-06,4.114e-06,2.706e-06,1.844e-06,1.287e-06,1.115e-06,1.054e-06,1.013e-06,1.074e-06,9.222e-07,9.526e-07,9.019e-07,1.054e-06,9.12e-07,8.614e-07,7.904e-07,9.323e-07,9.12e-07,9.728e-07,7.701e-07,7.6e-07,7.6e-07,6.587e-07,5.675e-07,5.979e-07,3.04e-07,3.952e-07
0.000728,0.0007544,0.0006339,0.0006241,0.0005229,0.0004574,0.0003896,0.0003393,0.0002816,0.0002444,0.000216,0.0001835,0.0001507,0.0001169,9.162e-05,6.92e-05,5.138e-05,3.843e-05,2.871e-05,2.009e-05,1.472e-05,9.85e-06,6.516e-06,4.195e-06,3.06e-06,2.31e-06,1.398e-06,1.419e-06,1.013e-06,1.175e-06,1.064e-06,1.145e-06,9.222e-07,1.044e-06,1.003e-06,9.728e-07,8.614e-07,1.054e-06,1.196e-06,9.323e-07,7.803e-07,7.904e-07,8.816e-07,6.992e-07,6.384e-07,5.371e-07,4.965e-07,4.864e-07,4.661e-07
0.0007319,0.0007549,0.0006375,0.0006277,0.0005243,0.0004566,0.0003878,0.0003405,0.0002836,0.0002468,0.0002192,0.0001845,0.0001518,0.000122,9.319e-05,7.155e-05,5.239e-05,3.893e-05,2.888e-05,2.073e-05,1.509e-05,9.647e-06,6.881e-06,4.54e-06,2.949e-06,2.027e-06,1.5e-06,1.398e-06,1.003e-06,1.013e-06,1.013e-06,9.424e-07,1.125e-06,9.019e-07,1.084e-06,1.115e-06,1.054e-06,9.931e-07,1.074e-06,1.084e-06,9.83e-07,7.701e-07,8.31e-07,8.005e-07,6.992e-07,4.965e-07,6.283e-07,4.661e-07,3.243e-07
0.0007055,0.0007377,0.0006247,0.0006185,0.0005203,0.0004519,0.0003829,0.000336,0.0002746,0.000241,0.0002121,0.0001801,0.0001477,0.000115,8.778e-05,6.72e-05,5.066e-05,3.768e-05,2.718e-05,2.016e-05,1.38e-05,9.404e-06,6.333e-06,4.205e-06,3.01e-06,1.956e-06,1.581e-06,1.034e-06,8.411e-07,1.084e-06,8.005e-07,1.054e-06,8.512e-07,8.31e-07,9.424e-07,9.323e-07,1.044e-06,1.084e-06,9.019e-07,8.614e-07,9.019e-07,8.614e-07,8.816e-07,6.485e-07,9.12e-07,6.283e-07,3.547e-07,4.256e-07,4.763e-07
0.0007246,0.0007537,0.0006357,0.0006226,0.000523,0.0004533,0.0003864,0.0003407,0.0002794,0.0002464,0.0002191,0.0001823,0.0001484,0.0001188,9.289e-05,6.954e-05,5.22e-05,3.911e-05,2.771e-05,2.07e-05,1.419e-05,1.022e-05,6.81e-06,4.155e-06,3.06e-06,1.925e-06,1.561e-06,1.145e-06,1.115e-06,1.044e-06,9.222e-07,1.105e-06,1.054e-06,1.105e-06,1.074e-06,9.019e-07,9.728e-07,9.627e-07,1.044e-06,1.013e-06,8.411e-07,9.627e-07,8.107e-07,8.411e-07,7.195e-07,6.992e-07,6.587e-07,5.067e-07,4.965e-07
0.0007282,0.0007566,0.0006311,0.000627,0.0005252,0.0004581,0.0003878,0.0003362,0.000283,0.0002469,0.0002174,0.0001841,0.0001514,0.0001192,9.269e-05,7.045e-05,5.155e-05,4.004e-05,2.833e-05,2.084e-05,1.494e-05,9.678e-06,6.05e-06,4.489e-06,3.182e-06,2.077e-06,1.419e-06,1.327e-06,1.125e-06,1.054e-06,1.003e-06,9.627e-07,1.094e-06,9.323e-07,1.094e-06,9.728e-07,1.206e-06,1.034e-06,1.145e-06,8.31e-07,1.044e-06,7.904e-07,7.296e-07,6.789e-07,6.181e-07,5.675e-07,4.864e-07,3.547e-07,3.344e-07
0.0007202,0.0007516,0.0006286,0.0006225,0.000523,0.0004493,0.0003872,0.0003379,0.0002786,0.0002478,0.0002128,0.000181,0.0001494,0.0001199,9.21e-05,6.876e-05,5.085e-05,3.84e-05,2.748e-05,2.093e-05,1.452e-05,1.037e-05,6.749e-06,4.347e-06,3.253e-06,1.854e-06,1.409e-06,1.044e-06,1.115e-06,1.186e-06,8.816e-07,1.094e-06,1.115e-06,8.715e-07,9.323e-07,9.323e-07,1.003e-06,1.196e-06,8.31e-07,9.222e-07,8.715e-07,8.107e-07,8.715e-07,7.499e-07,6.08e-07,5.979e-07,5.371e-07,3.952e-07,3.141e-07
0.0007171,0.0007427,0.0006331,0.0006209,0.0005258,0.0004521,0.0003846,0.0003379,0.0002809,0.0002456,0.0002114,0.0001804,0.0001476,0.0001158,9.012e-05,6.752e-05,5.076e-05,3.709e-05,2.653e-05,2.031e-05,1.331e-05,9.586e-06,6.739e-06,4.205e-06,3.131e-06,1.946e-06,1.561e-06,1.094e-06,1.115e-06,1.155e-06,1.125e-06,9.12e-07,1.175e-06,9.222e-07,1.013e-06,1.034e-06,1.023e-06,1.034e-06,1.034e-06,8.107e-07,9.12e-07,8.614e-07,9.12e-07,8.005e-07,6.485e-07,6.688e-07,5.675e-07,3.141e-07,3.952e-07
0.0007178,0.0007502,0.0006278,0.0006225,0.0005276,0.0004518,0.0003859,0.0003348,0.0002781,0.0002467,0.0002144,0.0001801,0.0001471,0.0001181,9.027e-05,6.978e-05,5.038e-05,3.734e-05,2.759e-05,1.967e-05,1.363e-05,1.012e-05,6.708e-06,4.52e-06,2.979e-06,1.925e-06,1.479e-06,1.074e-06,1.216e-06,9.222e-07,9.019e-07,1.023e-06,9.728e-07,1.094e-06,9.931e-07,1.287e-06,1.084e-06,8.816e-07,1.145e-06,8.411e-07,1.013e-06,9.627e-07,7.904e-07,6.283e-07,6.384e-07,5.472e-07,4.661e-07,4.357e-07,4.256e-07
0.0007248,0.000753,0.0006312,0.000626,0.0005203,0.0004543,0.0003846,0.0003374,0.0002802,0.0002439,0.0002153,0.0001821,0.0001493,0.0001171,9.026e-05,6.962e-05,5.153e-05,3.819e-05,2.833e-05,1.992e-05,1.397e-05,9.738e-06,6.496e-06,4.783e-06,2.665e-06,2.128e-06,1.327e-06,1.287e-06,9.931e-07,1.196e-06,8.918e-07,1.023e-06,1.074e-06,9.12e-07,1.023e-06,1.003e-06,1.064e-06,1.084e-06,8.208e-07,9.931e-07,8.411e-07,8.715e-07,7.6e-07,6.891e-07,5.979e-07,5.573e-07,6.181e-07,5.067e-07,3.749e-07
0.0007159,0.0007436,0.0006335,0.0006233,0.0005216,0.0004508,0.0003864,0.0003363,0.0002798,0.0002446,0.0002125,0.000178,0.0001466,0.0001145,9.085e-05,6.731e-05,5.036e-05,3.765e-05,2.652e-05,2.007e-05,1.349e-05,9.485e-06,5.908e-06,4.631e-06,3.141e-06,2.027e-06,1.449e-06,1.034e-06,1.074e-06,1.094e-06,1.206e-06,8.31e-07,9.526e-07,8.005e-07,1.074e-06,9.323e-07,9.83e-07,8.816e-07,1.094e-06,7.296e-07,1.003e-06,7.701e-07,6.789e-07,8.107e-07,6.992e-07,5.877e-07,4.56e-07,4.864e-07,3.749e-07
0.0007257,0.000754,0.0006351,0.0006248,0.000522,0.0004542,0.0003898,0.0003378,0.0002817,0.0002478,0.0002178,0.0001809,0.0001506,0.0001171,9.253e-05,6.911e-05,5.146e-05,3.962e-05,2.755e-05,2.085e-05,1.477e-05,9.617e-06,6.83e-06,4.327e-06,3.02e-06,2.128e-06,1.591e-06,1.196e-06,1.003e-06,8.512e-07,1.003e-06,8.411e-07,1.155e-06,9.526e-07,8.918e-07,1.196e-06,9.931e-07,9.627e-07,1.013e-06,1.054e-06,9.424e-07,9.83e-07,6.587e-07,8.31e-07,7.6e-07,4.965e-07,6.181e-07,4.965e-07,3.749e-07
0.0007288,0.0007535,0.0006339,0.0006233,0.0005247,0.0004542,0.0003865,0.0003374,0.0002839,0.0002476,0.0002171,0.0001838,0.0001519,0.000119,9.381e-05,7.116e-05,5.156e-05,3.989e-05,2.852e-05,2.121e-05,1.468e-05,9.941e-06,6.82e-06,4.327e-06,3.273e-06,1.885e-06,1.297e-06,1.429e-06,1.125e-06,1.064e-06,1.044e-06,1.044e-06,1.064e-06,9.728e-07,1.115e-06,1.094e-06,1.105e-06,1.084e-06,1.175e-06,9.222e-07,8.614e-07,9.627e-07,7.499e-07,1.003e-06,5.877e-07,5.472e-07,5.979e-07,4.155e-07,4.053e-07
0.0007247,0.000752,0.0006336,0.0006301,0.0005268,0.0004521,0.0003855,0.0003388,0.0002824,0.0002468,0.0002159,0.0001808,0.0001517,0.0001181,9.154e-05,7.091e-05,5.259e-05,3.932e-05,2.824e-05,2.077e-05,1.439e-05,1.035e-05,6.962e-06,4.094e-06,2.959e-06,1.885e-06,1.52e-06,1.5e-06,1.257e-06,8.512e-07,1.145e-06,1.064e-06,8.31e-07,8.411e-07,1.216e-06,1.236e-06,1.175e-06,9.627e-07,9.019e-07,9.728e-07,9.728e-07,7.499e-07,7.499e-07,6.283e-07,6.384e-07,5.573e-07,4.56e-07,4.256e-07,4.053e-07
0.0007212,0.0007523,0.0006325,0.0006235,0.000523,0.0004551,0.0003853,0.0003375,0.0002783,0.000244,0.0002147,0.0001813,0.0001485,0.000118,8.975e-05,6.898e-05,5.136e-05,3.764e-05,2.778e-05,2.075e-05,1.449e-05,9.89e-06,6.648e-06,4.59e-06,2.716e-06,2.037e-06,1.591e-06,1.034e-06,8.614e-07,9.728e-07,9.931e-07,8.918e-07,9.12e-07,1.236e-06,9.12e-07,9.728e-07,1.084e-06,1.135e-06,1.003e-06,1.013e-06,9.526e-07,8.005e-07,1.094e-06,8.918e-07,6.485e-07,5.776e-07,5.472e-07,3.445e-07,2.432e-07
0.0007162,0.0007443,0.0006284,0.0006242,0.00052,0.0004511,0.0003856,0.0003342,0.0002764,0.0002419,0.000211,0.0001798,0.0001481,0.0001134,9.099e-05,6.893e-05,5.015e-05,3.824e-05,2.642e-05,1.951e-05,1.394e-05,9.951e-06,6.8e-06,4.611e-06,2.939e-06,2.088e-06,1.459e-06,1.084e-06,1.206e-06,1.084e-06,9.222e-07,1.044e-06,1.013e-06,1.084e-06,1.094e-06,1.054e-06,9.424e-07,1.013e-06,9.627e-07,9.728e-07,9.12e-07,7.803e-07,7.904e-07,8.31e-07,5.067e-07,6.485e-07,6.08e-07,5.168e-07,3.851e-07
0.00071,0.0007405,0.0006288,0.0006215,0.0005209,0.0004491,0.000386,0.0003374,0.0002822,0.0002454,0.0002099,0.0001782,0.0001464,0.0001146,8.98e-05,6.776e-05,4.986e-05,3.662e-05,2.772e-05,1.912e-05,1.334e-05,9.424e-06,6.658e-06,4.986e-06,2.827e-06,2.108e-06,1.672e-06,1.226e-06,1.013e-06,8.715e-07,8.208e-07,1.175e-06,9.627e-07,8.411e-07,9.526e-07,1.135e-06,8.614e-07,1.125e-06,9.323e-07,9.323e-07,9.019e-07,9.323e-07,8.512e-07,7.093e-07,4.965e-07,7.296e-07,4.864e-07,3.749e-07,3.851e-07
0.0007236,0.0007555,0.0006336,0.0006209,0.000525,0.000454,0.0003832,0.0003396,0.0002806,0.0002477,0.0002162,0.0001799,0.0001502,0.0001185,9.152e-05,7.043e-05,5.16e-05,3.82e-05,2.786e-05,1.986e-05,1.483e-05,9.87e-06,6.506e-06,4.216e-06,3.06e-06,2.077e-06,1.631e-06,1.125e-06,1.155e-06,1.115e-06,1.064e-06,1.023e-06,1.155e-06,1.145e-06,1.196e-06,1.115e-06,1.267e-06,9.222e-07,9.323e-07,9.323e-07,8.411e-07,7.701e-07,7.701e-07,7.499e-07,7.093e-07,5.979e-07,5.472e-07,4.56e-07,4.357e-07
0.0007275,0.0007462,0.0006285,0.0006232,0.0005253,0.0004549,0.000385,0.0003364,0.0002781,0.0002452,0.0002126,0.0001811,0.0001488,0.0001185,9.153e-05,6.734e-05,5.052e-05,3.869e-05,2.786e-05,2.067e-05,1.445e-05,9.657e-06,6.333e-06,4.449e-06,2.959e-06,1.936e-06,1.662e-06,1.246e-06,1.155e-06,1.013e-06,9.12e-07,7.803e-07,1.013e-06,1.044e-06,9.627e-07,8.512e-07,9.222e-07,1.186e-06,8.411e-07,8.614e-07,1.013e-06,7.6e-07,8.715e-07,7.904e-07,7.6e-07,5.675e-07,5.269e-07,3.344e-07,3.344e-07
0.0007295,0.0007567,0.0006368,0.0006279,0.0005219,0.0004542,0.0003915,0.0003337,0.0002807,0.0002468,0.0002162,0.0001814,0.0001508,0.0001157,9.248e-05,6.966e-05,5.146e-05,3.861e-05,2.815e-05,2.094e-05,1.499e-05,9.303e-06,6.415e-06,4.388e-06,2.716e-06,2.28e-06,1.54e-06,1.277e-06,1.094e-06,1.013e-06,1.064e-06,9.627e-07,9.12e-07,1.044e-06,7.6e-07,1.023e-06,1.074e-06,9.222e-07,9.12e-07,8.005e-07,9.83e-07,8.614e-07,1.044e-06,7.701e-07,4.864e-07,5.979e-07,5.371e-07,4.357e-07,4.155e-07
0.000723,0.0007467,0.0006324,0.0006238,0.0005206,0.0004563,0.0003864,0.0003379,0.0002822,0.0002504,0.0002154,0.0001793,0.0001485,0.0001163,9.081e-05,6.733e-05,4.974e-05,3.888e-05,2.673e-05,2.023e-05,1.485e-05,9.596e-06,6.536e-06,4.499e-06,2.706e-06,2.037e-06,1.429e-06,1.277e-06,1.186e-06,1.175e-06,1.003e-06,1.084e-06,8.614e-07,1.044e-06,1.074e-06,1.125e-06,9.83e-07,1.034e-06,9.424e-07,1.013e-06,8.005e-07,9.222e-07,7.195e-07,6.688e-07,7.296e-07,6.587e-07,5.168e-07,3.749e-07,3.243e-07
0.0007252,0.0007483,0.0006345,0.000623,0.0005216,0.0004527,0.0003895,0.0003361,0.000282,0.0002458,0.0002145,0.0001806,0.0001484,0.0001157,9.23e-05,6.95e-05,5.082e-05,3.888e-05,2.766e-05,2e-05,1.393e-05,9.718e-06,7.175e-06,4.489e-06,2.989e-06,2.118e-06,1.368e-06,1.246e-06,9.12e-07,1.125e-06,1.084e-06,9.424e-07,8.005e-07,9.222e-07,1.034e-06,9.931e-07,1.023e-06,9.323e-07,1.084e-06,1.003e-06,9.323e-07,9.12e-07,7.499e-07,7.093e-07,6.485e-07,6.384e-07,6.992e-07,3.344e-07,4.459e-07
0.0007147,0.0007473,0.0006259,0.0006196,0.0005163,0.0004499,0.0003849,0.0003372,0.0002794,0.0002416,0.0002152,0.000178,0.0001475,0.000116,9.115e-05,6.791e-05,4.988e-05,3.861e-05,2.788e-05,1.969e-05,1.399e-05,9.384e-06,6.455e-06,4.753e-06,2.766e-06,1.824e-06,1.338e-06,1.206e-06,1.044e-06,9.222e-07,9.526e-07,7.803e-07,9.83e-07,7.803e-07,1.206e-06,8.107e-07,9.526e-07,9.526e-07,1.155e-06,1.175e-06,1.023e-06,9.12e-07,8.512e-07,8.107e-07,6.283e-07,4.965e-07,4.763e-07,4.256e-07,4.053e-07
0.0007319,0.0007576,0.0006324,0.0006293,0.0005269,0.000455,0.0003863,0.0003413,0.0002847,0.0002468,0.0002202,0.0001848,0.0001533,0.0001223,9.201e-05,7.18e-05,5.218e-05,3.947e-05,2.802e-05,2.086e-05,1.509e-05,1.067e-05,7.327e-06,4.955e-06,3.182e-06,2.047e-06,1.601e-06,1.327e-06,1.023e-06,9.627e-07,1.054e-06,1.023e-06,8.614e-07,1.165e-06,1.084e-06,1.034e-06,1.105e-06,9.728e-07,9.222e-07,1.054e-06,9.019e-07,9.12e-07,8.107e-07,7.6e-07,6.992e-07,5.269e-07,5.776e-07,5.573e-07,4.965e-07
0.0007321,0.0007539,0.0006378,0.0006252,0.0005244,0.0004545,0.0003856,0.0003388,0.0002827,0.0002459,0.0002171,0.0001839,0.0001515,0.0001192,9.247e-05,7.001e-05,5.248e-05,3.818e-05,2.864e-05,2.004e-05,1.485e-05,9.89e-06,7.093e-06,4.661e-06,2.979e-06,1.854e-06,1.682e-06,1.216e-06,9.728e-07,1.145e-06,1.013e-06,9.526e-07,9.526e-07,9.12e-07,1.115e-06,8.614e-07,1.044e-06,1.155e-06,1.074e-06,8.816e-07,1.094e-06,8.918e-07,6.485e-07,6.181e-07,6.789e-07,6.08e-07,5.168e-07,4.965e-07,4.053e-07
0.0007337,0.0007577,0.0006366,0.0006277,0.0005236,0.0004534,0.0003907,0.0003412,0.0002833,0.0002477,0.0002191,0.0001826,0.0001534,0.0001212,9.398e-05,7.08e-05,5.225e-05,3.998e-05,2.765e-05,2.122e-05,1.476e-05,1.035e-05,7.235e-06,4.692e-06,3.162e-06,2.088e-06,1.53e-06,1.196e-06,1.135e-06,1.155e-06,8.411e-07,8.715e-07,1.044e-06,1.064e-06,9.83e-07,9.323e-07,1.023e-06,9.728e-07,9.019e-07,1.064e-06,1.044e-06,1.013e-06,8.411e-07,6.891e-07,7.499e-07,6.485e-07,6.384e-07,3.445e-07,4.357e-07
0.0007306,0.0007538,0.0006363,0.0006255,0.0005276,0.0004559,0.0003923,0.0003376,0.0002842,0.0002454,0.0002153,0.0001843,0.0001518,0.0001193,9.2e-05,6.932e-05,5.077e-05,4.05e-05,2.86e-05,1.995e-05,1.419e-05,9.85e-06,6.637e-06,4.631e-06,3.05e-06,2.128e-06,1.581e-06,1.479e-06,9.526e-07,9.424e-07,1.105e-06,8.512e-07,9.627e-07,1.074e-06,1.064e-06,1.064e-06,9.627e-07,9.424e-07,1.034e-06,8.614e-07,9.222e-07,1.044e-06,8.614e-07,6.789e-07,4.256e-07,6.688e-07,4.965e-07,3.851e-07,3.445e-07
0.0007236,0.0007542,0.0006271,0.0006223,0.0005256,0.000456,0.0003886,0.0003386,0.0002778,0.0002473,0.0002156,0.000181,0.0001511,0.0001163,9.194e-05,6.929e-05,5.082e-05,3.819e-05,2.779e-05,2.022e-05,1.465e-05,9.475e-06,7.043e-06,4.793e-06,3.01e-06,1.966e-06,1.338e-06,1.186e-06,1.135e-06,9.019e-07,1.064e-06,1.054e-06,1.034e-06,9.424e-07,1.074e-06,9.526e-07,1.003e-06,1.064e-06,9.728e-07,9.424e-07,8.208e-07,8.614e-07,9.526e-07,7.6e-07,6.789e-07,6.283e-07,5.675e-07,4.56e-07,3.749e-07
0.0007295,0.000759,0.0006366,0.0006318,0.0005246,0.0004556,0.0003911,0.0003422,0.0002833,0.0002509,0.0002188,0.0001832,0.0001506,0.0001212,9.261e-05,6.964e-05,5.161e-05,3.93e-05,2.74e-05,2.152e-05,1.429e-05,1.028e-05,6.81e-06,4.327e-06,2.756e-06,1.996e-06,1.419e-06,1.125e-06,1.429e-06,1.013e-06,9.424e-07,1.023e-06,9.424e-07,9.12e-07,1.003e-06,9.627e-07,9.12e-07,9.222e-07,9.627e-07,9.222e-07,1.034e-06,8.107e-07,1.034e-06,6.485e-07,6.587e-07,4.763e-07,5.573e-07,5.067e-07,4.155e-07
0.0007296,0.0007517,0.0006377,0.0006304,0.0005221,0.0004555,0.0003867,0.0003406,0.000281,0.0002482,0.00022,0.0001828,0.00015,0.0001173,9.278e-05,7.142e-05,5.313e-05,3.89e-05,2.833e-05,2.047e-05,1.496e-05,1.002e-05,6.485e-06,4.195e-06,3.141e-06,2.158e-06,1.723e-06,1.226e-06,1.074e-06,1.105e-06,9.931e-07,1.084e-06,9.12e-07,9.83e-07,1.034e-06,1.125e-06,1.226e-06,1.034e-06,9.12e-07,9.728e-07,1.013e-06,1.084e-06,7.803e-07,6.789e-07,6.992e-07,7.093e-07,6.181e-07,4.864e-07,2.635e-07
0.0007177,0.0007444,0.0006289,0.0006249,0.0005196,0.0004497,0.0003839,0.0003331,0.0002784,0.0002422,0.000214,0.0001784,0.0001472,0.0001175,9.062e-05,6.793e-05,4.957e-05,3.84e-05,2.766e-05,1.956e-05,1.387e-05,9.465e-06,6.648e-06,4.023e-06,3.06e-06,2.128e-06,1.429e-06,1.125e-06,9.12e-07,1.003e-06,1.054e-06,9.627e-07,1.145e-06,9.728e-07,9.222e-07,1.115e-06,1.034e-06,9.728e-07,9.627e-07,8.208e-07,9.424e-07,7.904e-07,8.614e-07,7.296e-07,6.891e-07,5.573e-07,5.168e-07,4.357e-07,4.155e-07
0.0007283,0.0007529,0.0006353,0.000625,0.0005235,0.0004554,0.000386,0.000338,0.0002831,0.0002483,0.0002141,0.0001797,0.0001519,0.0001182,9.251e-05,7.097e-05,5.326e-05,3.884e-05,2.813e-05,2.056e-05,1.483e-05,9.992e-06,6.546e-06,4.297e-06,3.131e-06,2.128e-06,1.459e-06,1.257e-06,1.034e-06,1.064e-06,1.023e-06,8.614e-07,1.135e-06,9.526e-07,1.125e-06,9.019e-07,1.125e-06,1.196e-06,9.627e-07,1.074e-06,7.296e-07,8.614e-07,9.019e-07,8.208e-07,6.992e-07,5.877e-07,4.965e-07,3.547e-07,5.371e-07
0.0007238,0.0007503,0.0006341,0.000621,0.0005212,0.0004506,0.0003885,0.0003357,0.000279,0.0002467,0.0002134,0.0001813,0.0001499,0.0001169,9.172e-05,6.852e-05,5.124e-05,3.887e-05,2.805e-05,2.077e-05,1.449e-05,1.02e-05,7.316e-06,4.54e-06,2.837e-06,2.037e-06,1.692e-06,1.277e-06,1.206e-06,8.918e-07,9.931e-07,1.165e-06,1.064e-06,9.323e-07,9.12e-07,9.019e-07,9.728e-07,8.918e-07,9.222e-07,1.054e-06,7.6e-07,8.614e-07,7.499e-07,7.701e-07,4.965e-07,6.08e-07,3.547e-07,5.675e-07,3.952e-07
0.0007273,0.0007554,0.0006338,0.0006249,0.000527,0.000455,0.0003896,0.0003366,0.0002822,0.000247,0.0002166,0.0001836,0.0001504,0.0001178,9.241e-05,6.902e-05,5.23e-05,3.861e-05,2.976e-05,2.037e-05,1.471e-05,9.971e-06,6.374e-06,4.053e-06,3.222e-06,2.229e-06,1.439e-06,1.044e-06,1.236e-06,1.074e-06,1.044e-06,1.236e-06,1.074e-06,1.084e-06,1.074e-06,1.054e-06,9.627e-07,9.323e-07,1.054e-06,1.003e-06,9.931e-07,6.587e-07,7.093e-07,6.891e-07,5.168e-07,5.573e-07,5.269e-07,4.965e-07,2.229e-07
0,0,0,0,0,0,0,0,0,0,0,0,0,0,0,0,0,0,0,0,0,0,0,0,0,0,0,0,0,0,0,0,0,0,0,0,0,0,0,0,0,0,0,0,0,0,0,0,0
