  z   OmegaM  h
0.3436 0.3071 0.678
Mass_Bins    dn/dlnM ... 
Here follow 4 mass functions, one for each quartile of the parameter Xoff
1st quartile
bin0,bin1,bin2,bin3,bin4,bin5,bin6,bin7,bin8,bin9,bin10,bin11,bin12,bin13,bin14,bin15,bin16,bin17,bin18,bin19,bin20,bin21,bin22,bin23,bin24,bin25,bin26,bin27,bin28,bin29,bin30,bin31,bin32,bin33,bin34,bin35,bin36,bin37,bin38,bin39,bin40,bin41,bin42,bin43,bin44,bin45,bin46,bin47,bin48
1.326e+12,1.465e+12,1.613e+12,1.778e+12,1.964e+12,2.166e+12,2.39e+12,2.64e+12,2.918e+12,3.221e+12,3.554e+12,3.922e+12,4.323e+12,4.771e+12,5.266e+12,5.812e+12,6.417e+12,7.08e+12,7.814e+12,8.623e+12,9.52e+12,1.051e+13,1.159e+13,1.28e+13,1.413e+13,1.56e+13,1.721e+13,1.899e+13,2.095e+13,2.313e+13,2.553e+13,2.817e+13,3.109e+13,3.433e+13,3.789e+13,4.18e+13,4.616e+13,5.09e+13,5.62e+13,6.198e+13,6.843e+13,7.553e+13,8.33e+13,9.203e+13,1.016e+14,1.121e+14,1.238e+14,1.366e+14,1.505e+14
0.0001165,0.0001385,0.0001368,0.0001613,0.0001677,0.0001833,0.0001916,0.0002134,0.0002306,0.0002574,0.0002699,0.0002704,0.0002769,0.0002691,0.0002726,0.0002695,0.0002639,0.0002602,0.0002513,0.0002469,0.0002421,0.0002335,0.0002248,0.0002164,0.0002106,0.0002008,0.0001888,0.0001801,0.0001682,0.0001558,0.0001414,0.0001286,0.0001157,0.0001051,9.091e-05,7.918e-05,6.963e-05,6.236e-05,5.466e-05,4.741e-05,4.079e-05,3.502e-05,3.017e-05,2.624e-05,2.349e-05,1.932e-05,1.588e-05,1.306e-05,1.115e-05
0.0001239,0.0001461,0.0001427,0.0001711,0.0001751,0.0001869,0.0001999,0.000217,0.0002395,0.0002623,0.0002745,0.0002729,0.0002766,0.000275,0.0002706,0.0002735,0.000263,0.0002589,0.0002478,0.0002456,0.0002419,0.0002323,0.0002237,0.0002178,0.0002099,0.0002014,0.0001873,0.0001782,0.0001648,0.0001572,0.0001409,0.0001282,0.0001148,0.000105,8.823e-05,7.913e-05,7.098e-05,6.205e-05,5.293e-05,4.748e-05,4.078e-05,3.503e-05,2.989e-05,2.608e-05,2.316e-05,1.874e-05,1.606e-05,1.38e-05,1.084e-05
0.0001233,0.0001466,0.0001437,0.0001705,0.0001768,0.0001871,0.0001988,0.0002202,0.0002366,0.000263,0.0002753,0.0002766,0.0002789,0.0002743,0.0002713,0.0002731,0.0002639,0.0002601,0.0002533,0.000247,0.0002443,0.0002342,0.000225,0.0002175,0.0002081,0.0002029,0.0001913,0.0001813,0.0001683,0.0001546,0.000144,0.0001286,0.000113,0.0001027,9.057e-05,8.228e-05,7.017e-05,6.13e-05,5.393e-05,4.755e-05,4.111e-05,3.431e-05,3.045e-05,2.568e-05,2.148e-05,1.957e-05,1.606e-05,1.322e-05,1.073e-05
0.0001206,0.0001426,0.0001428,0.0001668,0.0001721,0.0001851,0.0001974,0.000218,0.0002335,0.0002624,0.000272,0.0002725,0.0002758,0.0002704,0.0002726,0.0002684,0.000259,0.00026,0.0002494,0.0002467,0.0002412,0.0002307,0.0002266,0.0002204,0.0002124,0.0002012,0.0001904,0.0001798,0.0001678,0.000156,0.0001422,0.0001269,0.0001145,0.0001029,9.189e-05,8.071e-05,7.099e-05,6.378e-05,5.343e-05,4.719e-05,4.22e-05,3.609e-05,3.052e-05,2.566e-05,2.191e-05,1.913e-05,1.63e-05,1.351e-05,1.061e-05
0.0001206,0.0001407,0.0001407,0.0001634,0.000171,0.000182,0.0001953,0.0002129,0.0002353,0.0002609,0.0002744,0.0002744,0.0002762,0.0002719,0.0002699,0.0002704,0.0002621,0.0002606,0.0002516,0.0002466,0.000241,0.0002298,0.0002258,0.0002194,0.00021,0.000203,0.0001887,0.0001804,0.0001687,0.0001563,0.0001412,0.0001316,0.0001164,0.0001033,9.108e-05,8.197e-05,7.032e-05,6.152e-05,5.477e-05,4.698e-05,4.023e-05,3.447e-05,3.053e-05,2.666e-05,2.135e-05,1.928e-05,1.51e-05,1.312e-05,1.117e-05
0.0001149,0.0001349,0.0001352,0.0001582,0.0001648,0.0001794,0.0001892,0.0002087,0.0002275,0.0002554,0.0002642,0.0002682,0.0002726,0.0002712,0.0002714,0.0002689,0.0002613,0.0002625,0.0002513,0.0002485,0.0002433,0.0002332,0.0002247,0.0002177,0.0002106,0.0002012,0.0001892,0.0001791,0.0001683,0.0001572,0.0001423,0.0001294,0.0001153,0.000104,9.136e-05,7.966e-05,7.162e-05,6.25e-05,5.312e-05,4.719e-05,4.05e-05,3.561e-05,2.978e-05,2.632e-05,2.212e-05,1.914e-05,1.527e-05,1.322e-05,1.111e-05
0.0001239,0.0001451,0.0001428,0.0001668,0.0001743,0.0001872,0.0001979,0.0002195,0.0002349,0.0002605,0.0002744,0.0002744,0.000278,0.0002753,0.0002729,0.0002684,0.0002599,0.0002624,0.0002518,0.0002464,0.0002412,0.0002333,0.0002238,0.0002208,0.0002074,0.0002024,0.0001889,0.0001788,0.0001668,0.0001539,0.0001437,0.0001289,0.0001145,0.0001033,9.061e-05,7.897e-05,7.179e-05,6.158e-05,5.356e-05,4.713e-05,4.132e-05,3.614e-05,2.983e-05,2.629e-05,2.263e-05,1.828e-05,1.569e-05,1.361e-05,1.096e-05
0.0001175,0.0001379,0.0001367,0.0001637,0.0001672,0.0001832,0.0001911,0.0002108,0.000232,0.0002562,0.0002702,0.0002699,0.0002783,0.0002741,0.0002742,0.0002671,0.0002635,0.0002569,0.0002495,0.0002443,0.000242,0.0002346,0.0002257,0.0002194,0.0002118,0.0001994,0.0001891,0.0001777,0.0001679,0.0001576,0.0001424,0.0001296,0.0001142,0.0001038,8.975e-05,8.16e-05,7.079e-05,6.311e-05,5.331e-05,4.704e-05,4.088e-05,3.448e-05,3.048e-05,2.522e-05,2.169e-05,1.874e-05,1.574e-05,1.321e-05,1.147e-05
0.0001143,0.0001326,0.0001305,0.0001575,0.0001622,0.0001759,0.0001854,0.00021,0.0002266,0.0002526,0.0002657,0.0002668,0.0002717,0.0002722,0.0002743,0.0002671,0.0002623,0.0002608,0.0002489,0.0002468,0.0002424,0.0002346,0.0002255,0.0002194,0.0002078,0.0002022,0.0001884,0.0001811,0.0001645,0.0001544,0.0001438,0.0001278,0.0001155,0.0001032,9.117e-05,8.035e-05,7.094e-05,6.39e-05,5.472e-05,4.761e-05,4.171e-05,3.507e-05,3.009e-05,2.521e-05,2.305e-05,1.936e-05,1.592e-05,1.31e-05,1.071e-05
0.0001207,0.0001407,0.0001398,0.0001685,0.0001707,0.000186,0.0001982,0.0002142,0.0002296,0.0002625,0.0002695,0.0002698,0.0002742,0.0002751,0.0002736,0.0002694,0.0002603,0.0002614,0.000249,0.0002473,0.0002415,0.0002307,0.0002276,0.0002159,0.0002094,0.0002013,0.0001912,0.0001814,0.0001668,0.0001589,0.0001441,0.0001282,0.000116,0.0001035,8.98e-05,8.054e-05,6.904e-05,6.102e-05,5.552e-05,4.807e-05,4.149e-05,3.544e-05,3.042e-05,2.601e-05,2.215e-05,1.981e-05,1.554e-05,1.293e-05,1.079e-05
0.0001131,0.0001316,0.0001333,0.0001586,0.0001627,0.0001758,0.0001885,0.00021,0.0002261,0.0002528,0.0002642,0.0002689,0.0002724,0.0002709,0.0002713,0.0002681,0.0002606,0.0002581,0.0002542,0.000246,0.0002399,0.0002308,0.000226,0.0002175,0.0002099,0.0002002,0.0001897,0.0001793,0.0001694,0.0001564,0.0001426,0.0001265,0.0001149,0.0001024,9.118e-05,8.214e-05,7.109e-05,6.157e-05,5.41e-05,4.741e-05,4.128e-05,3.626e-05,2.987e-05,2.672e-05,2.258e-05,1.923e-05,1.517e-05,1.353e-05,1.092e-05
0.0001209,0.000142,0.0001384,0.0001678,0.0001699,0.0001836,0.0001944,0.000214,0.0002335,0.0002591,0.0002702,0.0002737,0.0002764,0.0002744,0.000272,0.0002677,0.0002611,0.0002625,0.0002524,0.0002486,0.000241,0.0002336,0.000225,0.0002201,0.0002113,0.0002021,0.0001901,0.0001818,0.0001699,0.0001544,0.0001416,0.0001266,0.0001143,0.0001035,9.049e-05,8.046e-05,7.048e-05,6.159e-05,5.504e-05,4.718e-05,3.936e-05,3.598e-05,2.995e-05,2.605e-05,2.187e-05,1.887e-05,1.564e-05,1.302e-05,1.108e-05
0.0001244,0.0001429,0.0001445,0.0001702,0.0001758,0.0001872,0.0002012,0.0002188,0.0002358,0.0002609,0.0002736,0.0002754,0.0002799,0.0002774,0.0002704,0.0002667,0.0002637,0.000256,0.0002526,0.0002484,0.0002441,0.000232,0.0002226,0.0002195,0.0002092,0.0002012,0.0001908,0.0001821,0.0001685,0.0001569,0.0001437,0.0001279,0.0001148,0.0001039,9.178e-05,8.081e-05,7.083e-05,6.136e-05,5.379e-05,4.763e-05,4.1e-05,3.409e-05,3.038e-05,2.564e-05,2.182e-05,1.897e-05,1.6e-05,1.37e-05,1.121e-05
0.0001108,0.0001296,0.0001293,0.0001565,0.0001621,0.0001719,0.0001864,0.0002059,0.0002225,0.0002479,0.0002615,0.0002661,0.0002681,0.0002689,0.0002694,0.0002666,0.0002603,0.0002609,0.0002495,0.0002463,0.0002411,0.0002309,0.0002253,0.0002194,0.0002113,0.0002028,0.0001917,0.0001797,0.0001674,0.0001553,0.0001421,0.0001278,0.0001158,0.0001044,8.968e-05,8.047e-05,6.997e-05,6.292e-05,5.413e-05,4.759e-05,4.042e-05,3.502e-05,3.024e-05,2.731e-05,2.298e-05,1.916e-05,1.55e-05,1.358e-05,1.092e-05
0.0001215,0.0001417,0.0001393,0.0001668,0.0001715,0.0001848,0.0001963,0.0002171,0.0002334,0.0002585,0.0002713,0.0002739,0.0002726,0.0002755,0.0002732,0.0002695,0.0002626,0.0002617,0.0002499,0.0002467,0.0002422,0.0002339,0.0002218,0.0002171,0.0002082,0.0002026,0.0001915,0.0001799,0.0001681,0.0001552,0.0001421,0.000129,0.0001166,0.0001031,9.314e-05,8.148e-05,7.04e-05,6.192e-05,5.336e-05,4.629e-05,4.134e-05,3.501e-05,3.038e-05,2.591e-05,2.184e-05,1.877e-05,1.554e-05,1.38e-05,1.147e-05
0.0001233,0.0001427,0.0001417,0.0001663,0.0001759,0.0001862,0.0001951,0.000218,0.0002356,0.0002604,0.0002722,0.0002766,0.000276,0.0002749,0.0002715,0.0002697,0.000261,0.0002618,0.0002498,0.0002457,0.0002436,0.0002355,0.0002241,0.0002206,0.0002092,0.0002024,0.0001901,0.0001776,0.0001691,0.000155,0.0001417,0.0001273,0.0001156,0.0001024,9.086e-05,8.126e-05,7.116e-05,6.071e-05,5.478e-05,4.704e-05,4.033e-05,3.57e-05,3.093e-05,2.601e-05,2.313e-05,1.901e-05,1.638e-05,1.275e-05,1.124e-05
0.0001176,0.0001397,0.0001393,0.0001607,0.0001692,0.000182,0.0001917,0.0002123,0.0002331,0.000255,0.0002704,0.0002738,0.0002739,0.0002717,0.0002719,0.0002689,0.0002582,0.0002617,0.0002516,0.0002475,0.0002423,0.000234,0.0002237,0.0002179,0.0002091,0.0002012,0.0001913,0.0001792,0.0001672,0.0001573,0.0001412,0.0001294,0.0001147,0.0001022,9.123e-05,8.046e-05,7.133e-05,6.319e-05,5.484e-05,4.707e-05,4.05e-05,3.48e-05,2.952e-05,2.657e-05,2.261e-05,1.89e-05,1.592e-05,1.324e-05,1.083e-05
0.0001159,0.0001342,0.0001343,0.0001607,0.0001663,0.0001762,0.0001904,0.0002078,0.0002277,0.0002568,0.0002654,0.000271,0.0002725,0.0002722,0.0002727,0.0002679,0.0002596,0.0002591,0.0002519,0.0002492,0.0002418,0.0002301,0.0002263,0.0002199,0.0002094,0.0002017,0.0001918,0.0001796,0.0001671,0.0001551,0.0001423,0.0001281,0.0001156,0.0001047,9.083e-05,8.206e-05,7.219e-05,6.339e-05,5.526e-05,4.855e-05,4.084e-05,3.575e-05,2.982e-05,2.59e-05,2.304e-05,1.925e-05,1.514e-05,1.292e-05,1.078e-05
0.0001177,0.0001354,0.0001371,0.0001643,0.0001647,0.0001793,0.00019,0.000211,0.0002286,0.0002564,0.0002689,0.0002699,0.0002744,0.0002728,0.0002704,0.0002673,0.0002614,0.0002628,0.0002513,0.0002486,0.0002448,0.0002331,0.0002259,0.0002191,0.0002117,0.0001993,0.0001879,0.0001816,0.0001686,0.0001558,0.0001417,0.0001276,0.0001161,0.0001021,9.032e-05,8.048e-05,7.076e-05,6.213e-05,5.386e-05,4.696e-05,4.01e-05,3.49e-05,2.978e-05,2.572e-05,2.289e-05,1.941e-05,1.568e-05,1.391e-05,1.123e-05
0.0001187,0.0001393,0.0001386,0.0001627,0.0001673,0.0001839,0.0001933,0.0002152,0.0002287,0.000259,0.0002712,0.0002714,0.0002743,0.0002728,0.000271,0.0002696,0.0002604,0.000262,0.0002512,0.0002492,0.0002405,0.000232,0.0002232,0.0002193,0.0002111,0.0001979,0.0001909,0.0001794,0.0001687,0.0001566,0.0001406,0.0001277,0.0001164,0.0001043,9.069e-05,8.164e-05,7.14e-05,6.206e-05,5.496e-05,4.669e-05,4.208e-05,3.545e-05,2.966e-05,2.598e-05,2.251e-05,1.936e-05,1.617e-05,1.3e-05,1.064e-05
0.0001158,0.0001338,0.0001326,0.0001595,0.0001635,0.0001762,0.0001888,0.000209,0.0002282,0.0002524,0.0002659,0.0002719,0.0002713,0.0002728,0.0002737,0.0002679,0.0002619,0.0002596,0.000249,0.0002482,0.0002425,0.0002327,0.0002258,0.0002172,0.0002119,0.0002014,0.0001902,0.0001786,0.0001685,0.0001542,0.0001424,0.0001294,0.0001164,0.0001023,8.968e-05,7.969e-05,7.113e-05,6.181e-05,5.409e-05,4.758e-05,3.955e-05,3.572e-05,3.035e-05,2.635e-05,2.287e-05,1.911e-05,1.577e-05,1.317e-05,1.153e-05
0.0001196,0.0001403,0.0001412,0.0001641,0.0001706,0.0001858,0.000194,0.0002162,0.000234,0.0002581,0.0002704,0.0002744,0.0002774,0.0002727,0.0002722,0.0002658,0.0002636,0.0002593,0.0002523,0.0002482,0.0002433,0.0002336,0.0002251,0.0002175,0.0002085,0.0002027,0.0001898,0.0001787,0.0001695,0.0001562,0.0001423,0.0001278,0.000115,0.0001019,9.075e-05,7.959e-05,6.907e-05,6.216e-05,5.321e-05,4.696e-05,4.077e-05,3.456e-05,3.025e-05,2.553e-05,2.242e-05,1.927e-05,1.572e-05,1.333e-05,1.086e-05
0.0001234,0.0001435,0.0001404,0.0001682,0.0001725,0.0001895,0.0001988,0.000219,0.0002366,0.0002619,0.0002709,0.000273,0.0002763,0.0002726,0.0002686,0.0002689,0.0002608,0.0002584,0.0002472,0.000247,0.0002404,0.000233,0.0002257,0.0002174,0.0002114,0.0002023,0.0001879,0.0001798,0.0001699,0.0001576,0.000144,0.0001278,0.0001146,0.0001028,9.259e-05,8.129e-05,7.046e-05,6.354e-05,5.461e-05,4.61e-05,4.045e-05,3.624e-05,2.988e-05,2.587e-05,2.244e-05,1.85e-05,1.51e-05,1.325e-05,1.103e-05
0.0001204,0.000143,0.0001402,0.0001679,0.0001696,0.0001844,0.0001964,0.0002161,0.0002312,0.0002601,0.0002704,0.0002739,0.000278,0.0002749,0.0002746,0.0002679,0.0002608,0.0002603,0.0002487,0.0002499,0.0002432,0.0002301,0.0002266,0.0002182,0.0002125,0.000203,0.0001907,0.0001808,0.000167,0.0001588,0.0001417,0.0001281,0.0001145,0.0001019,9.175e-05,8.09e-05,7.062e-05,6.218e-05,5.521e-05,4.66e-05,4.042e-05,3.531e-05,3.024e-05,2.617e-05,2.12e-05,1.946e-05,1.546e-05,1.359e-05,1.111e-05
0.000118,0.0001357,0.000136,0.0001619,0.0001679,0.0001801,0.0001933,0.0002127,0.0002294,0.0002573,0.0002684,0.0002714,0.0002723,0.0002712,0.0002722,0.0002675,0.0002621,0.0002604,0.0002534,0.0002473,0.0002423,0.0002318,0.0002274,0.0002209,0.0002104,0.0002017,0.0001905,0.0001805,0.0001666,0.0001572,0.0001436,0.0001275,0.0001174,0.0001041,9.041e-05,7.961e-05,6.965e-05,6.235e-05,5.449e-05,4.641e-05,4.094e-05,3.51e-05,3.007e-05,2.652e-05,2.218e-05,1.872e-05,1.59e-05,1.313e-05,1.118e-05
0.0001153,0.0001347,0.0001345,0.0001601,0.0001639,0.0001759,0.0001904,0.0002125,0.0002283,0.0002549,0.0002655,0.0002707,0.0002723,0.0002707,0.0002697,0.0002658,0.0002615,0.0002608,0.0002487,0.0002456,0.0002429,0.0002322,0.000224,0.0002156,0.0002105,0.0002027,0.0001903,0.0001797,0.0001685,0.0001534,0.0001428,0.0001283,0.0001159,0.0001041,9.044e-05,8.197e-05,7.049e-05,6.192e-05,5.408e-05,4.661e-05,4.138e-05,3.383e-05,2.986e-05,2.583e-05,2.234e-05,1.886e-05,1.643e-05,1.344e-05,1.091e-05
0.000112,0.0001345,0.0001322,0.0001571,0.0001629,0.0001758,0.0001849,0.00021,0.0002201,0.0002495,0.0002625,0.0002679,0.0002715,0.0002717,0.000271,0.0002669,0.0002579,0.0002597,0.0002519,0.000245,0.0002431,0.0002297,0.0002259,0.000218,0.0002113,0.0002016,0.0001934,0.0001824,0.0001686,0.0001578,0.0001427,0.0001292,0.0001175,0.0001028,9.186e-05,8.116e-05,7.044e-05,6.306e-05,5.292e-05,4.722e-05,4.078e-05,3.463e-05,2.952e-05,2.573e-05,2.285e-05,1.949e-05,1.605e-05,1.293e-05,1.067e-05
0.0001189,0.0001419,0.0001385,0.0001666,0.0001689,0.0001862,0.000195,0.0002149,0.0002332,0.0002597,0.0002728,0.0002723,0.0002742,0.0002704,0.000274,0.0002678,0.0002602,0.0002589,0.0002496,0.0002472,0.000245,0.0002307,0.0002236,0.0002166,0.0002094,0.0002008,0.0001904,0.000181,0.0001677,0.0001557,0.000141,0.0001262,0.0001153,0.0001031,9.026e-05,8.033e-05,6.997e-05,6.197e-05,5.457e-05,4.617e-05,4.097e-05,3.506e-05,3.114e-05,2.575e-05,2.248e-05,1.9e-05,1.65e-05,1.399e-05,1.127e-05
0.0001194,0.0001375,0.0001365,0.0001651,0.0001694,0.0001812,0.0001935,0.0002122,0.0002295,0.0002547,0.0002676,0.0002726,0.0002741,0.0002745,0.0002691,0.0002684,0.000261,0.000259,0.0002521,0.0002474,0.0002405,0.0002307,0.0002249,0.0002179,0.000209,0.0002013,0.0001882,0.0001792,0.0001674,0.0001566,0.0001424,0.0001277,0.0001148,0.0001032,9.19e-05,8.131e-05,7.157e-05,6.203e-05,5.443e-05,4.716e-05,4.066e-05,3.635e-05,2.996e-05,2.638e-05,2.258e-05,1.89e-05,1.608e-05,1.368e-05,1.148e-05
0.0001188,0.0001416,0.00014,0.0001675,0.0001718,0.0001844,0.0001985,0.0002185,0.0002341,0.000261,0.0002705,0.0002741,0.0002759,0.0002751,0.0002752,0.0002685,0.0002624,0.0002596,0.0002521,0.0002453,0.0002433,0.0002345,0.0002234,0.0002182,0.000209,0.0002015,0.0001904,0.0001788,0.0001692,0.0001572,0.000141,0.0001297,0.0001157,0.0001036,9.096e-05,8.131e-05,7.079e-05,6.312e-05,5.547e-05,4.68e-05,4.1e-05,3.546e-05,2.976e-05,2.638e-05,2.289e-05,1.946e-05,1.577e-05,1.309e-05,1.058e-05
0.0001152,0.0001369,0.0001337,0.0001616,0.0001675,0.0001786,0.0001921,0.0002109,0.0002302,0.0002578,0.0002691,0.0002748,0.0002732,0.0002712,0.0002722,0.0002702,0.000265,0.0002597,0.0002517,0.0002469,0.0002451,0.0002357,0.000222,0.00022,0.0002117,0.0002044,0.0001888,0.0001796,0.0001698,0.0001531,0.0001416,0.0001282,0.0001161,0.0001028,8.935e-05,8.024e-05,7.053e-05,6.277e-05,5.384e-05,4.694e-05,4.157e-05,3.483e-05,2.973e-05,2.704e-05,2.176e-05,1.876e-05,1.592e-05,1.302e-05,1.117e-05
0.0001196,0.0001395,0.0001352,0.000165,0.0001693,0.0001833,0.000193,0.0002128,0.0002291,0.0002549,0.0002712,0.0002719,0.0002745,0.0002751,0.0002737,0.0002703,0.0002625,0.0002601,0.0002536,0.0002462,0.0002435,0.0002314,0.0002261,0.0002209,0.0002084,0.0002017,0.0001905,0.0001788,0.0001679,0.000156,0.000142,0.0001291,0.0001147,0.0001023,8.936e-05,7.913e-05,7.151e-05,6.186e-05,5.569e-05,4.675e-05,4.187e-05,3.601e-05,2.942e-05,2.612e-05,2.262e-05,1.915e-05,1.598e-05,1.34e-05,1.038e-05
0.000115,0.0001357,0.0001329,0.0001569,0.0001627,0.0001768,0.0001866,0.000209,0.0002282,0.0002528,0.0002622,0.0002708,0.0002725,0.0002686,0.0002721,0.000267,0.0002592,0.000258,0.0002511,0.0002485,0.0002434,0.0002327,0.0002242,0.0002189,0.000211,0.0002011,0.0001905,0.0001808,0.0001694,0.0001553,0.0001398,0.0001271,0.0001128,0.0001037,9.08e-05,7.934e-05,7.152e-05,6.331e-05,5.405e-05,4.714e-05,4.015e-05,3.549e-05,2.98e-05,2.601e-05,2.334e-05,1.927e-05,1.583e-05,1.341e-05,1.122e-05
0.0001247,0.0001465,0.0001445,0.00017,0.0001783,0.0001863,0.0002022,0.0002197,0.0002368,0.0002637,0.0002716,0.0002761,0.0002776,0.0002765,0.0002749,0.0002703,0.0002642,0.0002602,0.0002495,0.0002469,0.0002426,0.0002338,0.0002269,0.0002159,0.0002117,0.0002026,0.0001919,0.0001784,0.000167,0.0001557,0.0001414,0.0001271,0.0001156,0.0001021,9.262e-05,8.196e-05,6.995e-05,6.198e-05,5.328e-05,4.752e-05,4.113e-05,3.47e-05,3.02e-05,2.603e-05,2.23e-05,1.829e-05,1.639e-05,1.282e-05,1.121e-05
0.0001226,0.0001432,0.0001414,0.0001686,0.0001701,0.0001851,0.0001938,0.0002153,0.0002343,0.0002608,0.0002691,0.0002766,0.0002771,0.000272,0.0002712,0.0002732,0.0002565,0.0002621,0.0002515,0.0002479,0.0002445,0.0002336,0.0002258,0.0002166,0.0002102,0.0002003,0.0001903,0.0001808,0.0001687,0.0001574,0.0001417,0.0001277,0.0001172,0.000101,9.076e-05,8.059e-05,7.116e-05,6.086e-05,5.445e-05,4.751e-05,4.229e-05,3.556e-05,3.026e-05,2.467e-05,2.207e-05,1.888e-05,1.619e-05,1.316e-05,1.047e-05
0.0001252,0.0001461,0.0001445,0.0001719,0.0001758,0.0001913,0.0002003,0.000219,0.0002375,0.0002614,0.0002756,0.0002756,0.0002769,0.0002752,0.0002749,0.0002684,0.0002627,0.0002594,0.0002508,0.0002469,0.0002398,0.0002319,0.0002232,0.0002188,0.0002104,0.0002017,0.000188,0.0001812,0.000168,0.0001563,0.0001438,0.0001266,0.0001142,0.0001049,9e-05,8.015e-05,7.126e-05,6.132e-05,5.362e-05,4.688e-05,4.051e-05,3.636e-05,3.033e-05,2.512e-05,2.276e-05,1.894e-05,1.592e-05,1.334e-05,1.122e-05
0.0001231,0.0001445,0.0001395,0.0001687,0.0001727,0.0001847,0.0001981,0.0002168,0.0002315,0.0002612,0.0002731,0.0002764,0.0002771,0.0002747,0.0002745,0.0002674,0.0002616,0.0002596,0.0002516,0.0002467,0.0002419,0.0002311,0.0002268,0.000221,0.00021,0.0002033,0.0001895,0.0001777,0.0001646,0.0001569,0.000141,0.0001277,0.0001153,0.0001035,9.241e-05,7.994e-05,6.962e-05,6.249e-05,5.414e-05,4.687e-05,4.077e-05,3.593e-05,3.107e-05,2.634e-05,2.241e-05,1.923e-05,1.623e-05,1.34e-05,1.116e-05
0.0001222,0.00014,0.0001391,0.0001677,0.0001698,0.0001825,0.0001946,0.0002154,0.0002324,0.0002578,0.0002705,0.0002724,0.0002758,0.0002726,0.0002697,0.0002711,0.0002614,0.0002611,0.0002525,0.0002468,0.0002406,0.0002332,0.0002238,0.0002183,0.0002084,0.0002013,0.0001906,0.0001803,0.0001662,0.0001555,0.0001425,0.000127,0.0001145,0.0001042,9.261e-05,7.989e-05,7.078e-05,6.287e-05,5.339e-05,4.652e-05,4.011e-05,3.551e-05,3.016e-05,2.625e-05,2.295e-05,1.869e-05,1.566e-05,1.345e-05,1.183e-05
0.0001219,0.0001451,0.0001412,0.000168,0.0001728,0.0001896,0.0001998,0.0002173,0.0002337,0.0002631,0.0002758,0.0002764,0.000276,0.0002756,0.0002752,0.00027,0.0002606,0.0002614,0.000254,0.0002473,0.0002426,0.0002335,0.0002264,0.0002217,0.0002142,0.0002011,0.0001905,0.0001811,0.0001682,0.0001565,0.0001441,0.0001284,0.000115,0.0001028,9.017e-05,8.202e-05,6.92e-05,6.153e-05,5.343e-05,4.679e-05,3.909e-05,3.561e-05,3.054e-05,2.751e-05,2.215e-05,1.896e-05,1.565e-05,1.312e-05,1.059e-05
0.0001224,0.000145,0.0001399,0.0001679,0.0001736,0.0001843,0.0001975,0.0002172,0.0002361,0.0002604,0.0002697,0.0002744,0.0002804,0.0002753,0.0002724,0.0002708,0.00026,0.0002586,0.0002518,0.0002472,0.000244,0.0002295,0.000226,0.0002171,0.0002098,0.000201,0.0001898,0.0001818,0.0001684,0.0001562,0.0001437,0.0001275,0.0001151,0.0001025,9.063e-05,8.03e-05,7.174e-05,6.237e-05,5.434e-05,4.888e-05,4.029e-05,3.622e-05,2.937e-05,2.615e-05,2.316e-05,1.901e-05,1.595e-05,1.372e-05,1.058e-05
0.000115,0.0001335,0.000134,0.0001592,0.0001656,0.0001793,0.0001902,0.0002057,0.000227,0.0002508,0.0002667,0.0002689,0.0002717,0.0002717,0.0002745,0.0002659,0.0002616,0.0002604,0.000252,0.0002441,0.0002404,0.0002318,0.000224,0.0002176,0.0002126,0.0001985,0.0001894,0.000181,0.0001675,0.0001561,0.0001422,0.0001304,0.0001168,0.0001036,8.974e-05,7.934e-05,7.045e-05,6.07e-05,5.455e-05,4.695e-05,4.149e-05,3.555e-05,3.012e-05,2.555e-05,2.308e-05,1.881e-05,1.602e-05,1.339e-05,1.087e-05
0.0001223,0.0001409,0.0001399,0.0001658,0.0001707,0.0001841,0.0001957,0.0002155,0.0002345,0.0002587,0.0002731,0.0002728,0.0002755,0.0002738,0.0002731,0.0002683,0.0002616,0.0002613,0.000251,0.0002474,0.000243,0.0002327,0.0002265,0.0002212,0.0002112,0.0002045,0.0001901,0.0001796,0.0001645,0.0001565,0.0001436,0.0001269,0.0001153,0.000104,9.02e-05,7.99e-05,7.05e-05,6.265e-05,5.476e-05,4.685e-05,3.939e-05,3.504e-05,3.005e-05,2.667e-05,2.207e-05,1.889e-05,1.574e-05,1.277e-05,1.081e-05
0.0001222,0.00014,0.0001387,0.0001652,0.0001703,0.0001845,0.0001937,0.0002157,0.0002329,0.000257,0.0002676,0.000272,0.0002717,0.0002728,0.0002694,0.0002675,0.0002611,0.0002577,0.0002485,0.0002439,0.0002413,0.0002328,0.0002217,0.0002198,0.000211,0.0001996,0.0001908,0.0001802,0.0001653,0.0001557,0.0001424,0.0001294,0.0001159,0.0001026,9.149e-05,8.06e-05,7.06e-05,6.194e-05,5.419e-05,4.595e-05,4.102e-05,3.59e-05,3.088e-05,2.613e-05,2.327e-05,1.966e-05,1.635e-05,1.335e-05,1.11e-05
0.000122,0.000143,0.0001432,0.0001673,0.0001712,0.0001875,0.0001973,0.0002162,0.0002343,0.0002579,0.0002723,0.0002708,0.0002776,0.0002749,0.0002752,0.0002698,0.0002616,0.0002588,0.0002539,0.0002453,0.0002447,0.0002321,0.0002283,0.0002207,0.0002116,0.0002039,0.0001887,0.0001773,0.0001678,0.0001549,0.0001434,0.0001278,0.0001144,0.0001029,8.976e-05,8.136e-05,7.117e-05,6.107e-05,5.452e-05,4.63e-05,4.075e-05,3.497e-05,3.135e-05,2.621e-05,2.211e-05,1.912e-05,1.577e-05,1.319e-05,1.095e-05
0,0,0,0,0,0,0,0,0,0,0,0,0,0,0,0,0,0,0,0,0,0,0,0,0,0,0,0,0,0,0,0,0,0,0,0,0,0,0,0,0,0,0,0,0,0,0,0,0
2nd quartile
1.326e+12,1.464e+12,1.612e+12,1.777e+12,1.963e+12,2.166e+12,2.389e+12,2.639e+12,2.916e+12,3.219e+12,3.553e+12,3.918e+12,4.323e+12,4.768e+12,5.263e+12,5.808e+12,6.411e+12,7.076e+12,7.805e+12,8.612e+12,9.511e+12,1.05e+13,1.158e+13,1.278e+13,1.411e+13,1.557e+13,1.717e+13,1.894e+13,2.09e+13,2.309e+13,2.547e+13,2.816e+13,3.103e+13,3.429e+13,3.79e+13,4.186e+13,4.61e+13,5.102e+13,5.605e+13,6.207e+13,6.843e+13,7.566e+13,8.331e+13,9.187e+13,1.016e+14,1.123e+14,1.243e+14,1.367e+14,1.511e+14
0.0003186,0.0003613,0.000341,0.0003859,0.0003785,0.0003829,0.0003793,0.000393,0.0003886,0.0004044,0.0003916,0.0003642,0.0003384,0.0003045,0.0002765,0.0002482,0.0002175,0.000197,0.0001677,0.0001486,0.0001306,0.0001082,9.126e-05,7.55e-05,6.044e-05,4.665e-05,3.323e-05,2.639e-05,1.787e-05,1.181e-05,8.543e-06,6.273e-06,5.057e-06,4.509e-06,3.891e-06,4.094e-06,3.841e-06,3.668e-06,3.405e-06,3.597e-06,3e-06,3.364e-06,2.625e-06,2.442e-06,2.645e-06,2.635e-06,2.361e-06,1.956e-06,1.956e-06
0.0003275,0.0003696,0.000349,0.0003924,0.0003858,0.000385,0.0003856,0.0003916,0.0003908,0.0004004,0.0003946,0.0003624,0.0003383,0.0003034,0.0002783,0.0002499,0.0002186,0.0001954,0.0001699,0.0001482,0.0001265,0.0001079,9.058e-05,7.663e-05,6.049e-05,4.64e-05,3.531e-05,2.66e-05,1.84e-05,1.253e-05,8.563e-06,6.425e-06,5.178e-06,4.54e-06,3.881e-06,4.013e-06,4.094e-06,3.709e-06,3.456e-06,3.395e-06,2.929e-06,3.091e-06,2.716e-06,2.665e-06,2.3e-06,2.108e-06,2.047e-06,2.331e-06,2.229e-06
0.0003308,0.0003699,0.0003494,0.0003957,0.0003851,0.0003904,0.0003875,0.0003924,0.0003926,0.0004078,0.0003918,0.0003626,0.0003371,0.0003059,0.0002769,0.0002497,0.0002188,0.0001971,0.0001711,0.0001482,0.0001276,0.0001088,9.227e-05,7.522e-05,5.995e-05,4.585e-05,3.548e-05,2.604e-05,1.803e-05,1.237e-05,8.928e-06,6.931e-06,5.3e-06,4.52e-06,4.489e-06,4.064e-06,3.851e-06,3.972e-06,3.395e-06,3.202e-06,3.314e-06,2.827e-06,2.381e-06,2.777e-06,2.189e-06,2.422e-06,2.381e-06,2.189e-06,2.26e-06
0.0003276,0.0003681,0.0003438,0.0003885,0.0003797,0.0003822,0.0003823,0.0003958,0.0003938,0.0004045,0.0003908,0.00037,0.0003361,0.000305,0.000276,0.0002484,0.0002205,0.000194,0.0001699,0.0001492,0.0001296,0.0001085,8.948e-05,7.453e-05,6.027e-05,4.714e-05,3.554e-05,2.574e-05,1.736e-05,1.255e-05,8.614e-06,6.384e-06,5.016e-06,4.621e-06,4.479e-06,3.912e-06,4.074e-06,3.78e-06,3.628e-06,3.344e-06,2.888e-06,2.918e-06,2.655e-06,2.635e-06,2.473e-06,2.138e-06,2.027e-06,1.976e-06,2.077e-06
0.0003219,0.0003614,0.000348,0.0003862,0.0003784,0.000384,0.0003825,0.0003919,0.0003939,0.0004028,0.0003938,0.0003668,0.0003357,0.000305,0.000281,0.0002481,0.000218,0.0001945,0.0001695,0.0001494,0.0001302,0.0001076,8.997e-05,7.569e-05,6.07e-05,4.775e-05,3.483e-05,2.524e-05,1.822e-05,1.217e-05,8.127e-06,6.475e-06,5.097e-06,4.611e-06,4.246e-06,3.942e-06,3.689e-06,3.739e-06,3.648e-06,3.354e-06,3.141e-06,3.091e-06,2.635e-06,2.675e-06,2.351e-06,1.996e-06,2.098e-06,2.31e-06,2.158e-06
0.0003127,0.0003553,0.0003347,0.0003812,0.000371,0.0003804,0.0003723,0.0003894,0.0003909,0.0004058,0.0003976,0.0003639,0.0003407,0.0003049,0.0002794,0.0002491,0.0002228,0.0001962,0.000169,0.0001466,0.0001298,0.000108,9.003e-05,7.535e-05,5.941e-05,4.634e-05,3.523e-05,2.546e-05,1.791e-05,1.281e-05,8.826e-06,6.06e-06,4.753e-06,4.428e-06,4.459e-06,4.195e-06,3.526e-06,3.587e-06,3.76e-06,3.516e-06,3.01e-06,3.101e-06,2.462e-06,2.858e-06,2.665e-06,2.503e-06,1.713e-06,1.996e-06,1.692e-06
0.0003273,0.0003677,0.0003473,0.0003902,0.000382,0.0003883,0.0003843,0.0003907,0.0003885,0.0004054,0.0003959,0.0003628,0.0003372,0.0003058,0.0002744,0.0002489,0.0002184,0.0002001,0.0001694,0.0001497,0.0001288,0.0001065,8.997e-05,7.545e-05,6.075e-05,4.711e-05,3.451e-05,2.62e-05,1.833e-05,1.217e-05,8.654e-06,5.959e-06,5.361e-06,4.378e-06,4.378e-06,4.226e-06,4.114e-06,3.476e-06,3.942e-06,3.415e-06,3.364e-06,3.081e-06,2.584e-06,2.503e-06,2.351e-06,2.361e-06,2.088e-06,2.006e-06,2.108e-06
0.0003182,0.0003628,0.0003419,0.000384,0.0003742,0.0003829,0.0003789,0.0003899,0.0003879,0.0004072,0.0003961,0.000367,0.0003384,0.0003065,0.0002765,0.0002482,0.0002202,0.0001977,0.0001677,0.000149,0.0001283,0.0001091,9.183e-05,7.411e-05,6.069e-05,4.765e-05,3.506e-05,2.474e-05,1.756e-05,1.213e-05,8.705e-06,6.323e-06,5.036e-06,4.601e-06,4.195e-06,3.658e-06,3.699e-06,3.415e-06,3.395e-06,3.425e-06,3.182e-06,3.243e-06,2.564e-06,2.503e-06,2.574e-06,2.321e-06,2.088e-06,2.24e-06,2.209e-06
0.0003101,0.0003506,0.0003369,0.0003808,0.0003728,0.0003806,0.0003725,0.000386,0.0003897,0.0004005,0.0003952,0.0003612,0.0003385,0.0003041,0.0002786,0.0002491,0.0002183,0.0001981,0.0001699,0.0001489,0.0001309,0.0001071,9.079e-05,7.479e-05,5.918e-05,4.662e-05,3.535e-05,2.538e-05,1.84e-05,1.231e-05,8.36e-06,6.252e-06,4.763e-06,4.337e-06,4.246e-06,3.891e-06,3.83e-06,3.212e-06,3.648e-06,3.192e-06,3.233e-06,3.273e-06,2.756e-06,2.766e-06,2.533e-06,2.158e-06,2.006e-06,2.077e-06,1.986e-06
0.0003241,0.0003652,0.0003456,0.0003878,0.0003817,0.0003856,0.0003833,0.000389,0.0003939,0.0004035,0.0003934,0.0003672,0.0003371,0.0003067,0.0002778,0.0002487,0.0002162,0.0001941,0.0001695,0.0001474,0.0001269,0.0001072,9.088e-05,7.535e-05,6.08e-05,4.69e-05,3.543e-05,2.546e-05,1.778e-05,1.214e-05,8.289e-06,5.948e-06,5.33e-06,4.226e-06,3.881e-06,4.408e-06,4.074e-06,3.851e-06,3.425e-06,3.628e-06,3.141e-06,2.918e-06,2.868e-06,2.523e-06,2.31e-06,2.645e-06,2.169e-06,2.24e-06,2.088e-06
0.0003088,0.0003489,0.0003322,0.0003796,0.000372,0.0003771,0.0003756,0.0003866,0.0003884,0.0004039,0.0003943,0.0003663,0.0003384,0.0003079,0.0002814,0.0002507,0.000218,0.0001953,0.0001731,0.0001474,0.0001294,0.0001097,9.034e-05,7.623e-05,5.937e-05,4.618e-05,3.431e-05,2.61e-05,1.727e-05,1.159e-05,9.049e-06,5.766e-06,4.976e-06,4.641e-06,4.165e-06,4.368e-06,3.993e-06,3.385e-06,2.918e-06,3.435e-06,3.273e-06,2.726e-06,3.01e-06,2.604e-06,2.381e-06,2.25e-06,2.27e-06,2.118e-06,1.814e-06
0.0003244,0.0003628,0.0003458,0.0003896,0.0003803,0.0003824,0.0003821,0.0003894,0.0003922,0.0004039,0.0003937,0.0003645,0.0003413,0.0003039,0.0002789,0.0002494,0.0002176,0.0001951,0.0001691,0.00015,0.0001283,0.0001112,9.02e-05,7.535e-05,6.203e-05,4.807e-05,3.53e-05,2.614e-05,1.909e-05,1.212e-05,8.512e-06,6.394e-06,4.945e-06,4.56e-06,4.165e-06,4.175e-06,3.912e-06,3.709e-06,3.577e-06,3.526e-06,3.05e-06,2.726e-06,2.594e-06,2.452e-06,2.169e-06,1.976e-06,2.098e-06,2.057e-06,2.067e-06
0.0003323,0.0003703,0.0003523,0.0003905,0.0003828,0.000386,0.0003853,0.000393,0.0003907,0.0004063,0.0003921,0.000365,0.0003376,0.0003051,0.0002778,0.0002459,0.000218,0.0001947,0.0001705,0.0001487,0.0001294,0.0001092,9.026e-05,7.679e-05,6.094e-05,4.704e-05,3.587e-05,2.584e-05,1.843e-05,1.281e-05,8.867e-06,6.202e-06,4.631e-06,4.205e-06,4.266e-06,4.155e-06,4.428e-06,3.658e-06,3.425e-06,3.222e-06,3.06e-06,2.878e-06,2.655e-06,2.392e-06,2.361e-06,2.027e-06,2.047e-06,2.047e-06,2.098e-06
0.0003067,0.0003463,0.0003282,0.000376,0.0003696,0.0003744,0.000375,0.0003862,0.0003842,0.000403,0.0003924,0.0003651,0.0003408,0.0003068,0.0002759,0.0002494,0.0002217,0.0001967,0.0001697,0.0001506,0.0001286,0.0001079,8.972e-05,7.46e-05,5.962e-05,4.516e-05,3.427e-05,2.52e-05,1.781e-05,1.215e-05,8.573e-06,6.394e-06,5.209e-06,4.145e-06,4.165e-06,4.094e-06,3.8e-06,3.81e-06,3.425e-06,3.415e-06,3.172e-06,2.685e-06,2.807e-06,2.908e-06,2.138e-06,2.28e-06,2.088e-06,1.865e-06,2.158e-06
0.0003267,0.0003681,0.0003455,0.0003893,0.0003756,0.0003837,0.0003823,0.0003897,0.0003944,0.000405,0.0003954,0.0003636,0.0003378,0.0003027,0.0002779,0.0002448,0.000219,0.0001911,0.0001686,0.00015,0.000129,0.0001068,9.098e-05,7.524e-05,6.024e-05,4.65e-05,3.548e-05,2.666e-05,1.793e-05,1.268e-05,9.191e-06,6.242e-06,5.492e-06,4.479e-06,4.134e-06,3.972e-06,3.962e-06,3.699e-06,3.608e-06,3.597e-06,3.152e-06,3.03e-06,3e-06,2.371e-06,2.513e-06,2.442e-06,2.169e-06,2.148e-06,1.936e-06
0.0003271,0.000366,0.0003451,0.0003946,0.0003844,0.0003838,0.0003818,0.0003926,0.0003901,0.0004033,0.0003953,0.0003683,0.000338,0.0003043,0.000279,0.0002464,0.0002204,0.0001928,0.0001703,0.0001494,0.000128,0.0001112,8.935e-05,7.483e-05,6.004e-05,4.81e-05,3.596e-05,2.65e-05,1.872e-05,1.196e-05,7.793e-06,6.627e-06,4.753e-06,4.489e-06,4.449e-06,4.104e-06,3.962e-06,3.425e-06,3.537e-06,3.506e-06,3.141e-06,3.141e-06,2.868e-06,2.473e-06,2.544e-06,2.544e-06,2.24e-06,2.331e-06,2.057e-06
0.0003177,0.0003622,0.0003391,0.0003857,0.0003755,0.0003831,0.0003806,0.0003892,0.0003894,0.0004037,0.0003951,0.0003659,0.0003389,0.0003053,0.0002769,0.0002456,0.0002202,0.0001928,0.0001722,0.000149,0.0001292,0.0001084,9e-05,7.487e-05,6.005e-05,4.682e-05,3.497e-05,2.524e-05,1.771e-05,1.265e-05,8.593e-06,6.658e-06,5.543e-06,4.388e-06,4.205e-06,4.509e-06,3.972e-06,3.405e-06,3.597e-06,3.243e-06,2.949e-06,2.827e-06,2.989e-06,2.513e-06,2.483e-06,2.341e-06,2.209e-06,2.057e-06,1.996e-06
0.0003152,0.0003547,0.00034,0.0003795,0.0003742,0.0003782,0.000378,0.000387,0.0003876,0.0004016,0.0003939,0.0003691,0.0003398,0.0003085,0.000278,0.0002466,0.0002219,0.0001952,0.0001687,0.0001496,0.0001291,0.0001101,9.009e-05,7.429e-05,6.069e-05,4.574e-05,3.456e-05,2.536e-05,1.785e-05,1.266e-05,9.029e-06,5.969e-06,5.016e-06,4.753e-06,4.043e-06,4.084e-06,3.972e-06,3.79e-06,3.8e-06,3.526e-06,3.131e-06,3.466e-06,2.655e-06,2.614e-06,2.371e-06,2.158e-06,2.037e-06,2.27e-06,1.743e-06
0.0003156,0.0003563,0.0003392,0.0003852,0.000375,0.0003773,0.0003816,0.0003907,0.0003897,0.0004037,0.0003924,0.0003674,0.0003404,0.0003067,0.0002767,0.0002478,0.0002181,0.0001945,0.0001697,0.0001494,0.0001296,0.0001086,8.955e-05,7.536e-05,6.074e-05,4.746e-05,3.493e-05,2.609e-05,1.744e-05,1.237e-05,7.914e-06,7.073e-06,5.432e-06,4.742e-06,4.438e-06,3.993e-06,3.993e-06,3.597e-06,3.344e-06,3.466e-06,3.162e-06,3.445e-06,2.655e-06,2.422e-06,2.716e-06,2.169e-06,2.148e-06,2.037e-06,2.077e-06
0.0003187,0.0003629,0.0003399,0.0003857,0.0003817,0.0003821,0.0003813,0.0003905,0.0003892,0.0004025,0.0003968,0.0003657,0.0003391,0.0003032,0.0002821,0.0002483,0.0002192,0.0001965,0.0001706,0.0001463,0.0001289,0.0001089,9.026e-05,7.511e-05,5.958e-05,4.646e-05,3.454e-05,2.455e-05,1.741e-05,1.27e-05,8.107e-06,5.969e-06,5.047e-06,4.631e-06,4.276e-06,3.81e-06,3.851e-06,3.628e-06,3.618e-06,3.496e-06,3.374e-06,2.868e-06,3.06e-06,2.918e-06,2.331e-06,2.635e-06,2.017e-06,2.209e-06,2.006e-06
0.0003107,0.0003553,0.0003333,0.0003821,0.0003728,0.000381,0.000375,0.0003886,0.000389,0.0004062,0.0003939,0.0003656,0.0003373,0.0003048,0.0002787,0.0002504,0.0002198,0.0001973,0.0001694,0.0001502,0.0001301,0.0001074,9.067e-05,7.416e-05,6.193e-05,4.725e-05,3.587e-05,2.517e-05,1.782e-05,1.273e-05,8.695e-06,5.796e-06,5.036e-06,4.59e-06,3.972e-06,3.557e-06,3.881e-06,3.699e-06,3.526e-06,3.354e-06,3.283e-06,2.918e-06,2.807e-06,2.898e-06,2.219e-06,2.3e-06,2.169e-06,2.158e-06,2.057e-06
0.0003227,0.0003642,0.0003442,0.0003911,0.0003803,0.0003825,0.0003819,0.0003911,0.0003889,0.0004025,0.0003933,0.0003652,0.0003367,0.0003025,0.0002795,0.0002485,0.0002195,0.0001957,0.0001687,0.0001486,0.0001292,0.000108,8.982e-05,7.474e-05,6.08e-05,4.764e-05,3.531e-05,2.547e-05,1.721e-05,1.258e-05,8.918e-06,6.425e-06,5.168e-06,4.601e-06,4.368e-06,4.307e-06,3.993e-06,3.567e-06,3.577e-06,3.364e-06,3.415e-06,3.05e-06,2.787e-06,2.736e-06,2.331e-06,2.645e-06,1.966e-06,1.986e-06,1.996e-06
0.0003262,0.0003696,0.0003481,0.0003933,0.0003817,0.0003866,0.0003811,0.0003889,0.0003917,0.0004028,0.0003956,0.0003629,0.000333,0.0003058,0.0002739,0.0002461,0.000218,0.0001971,0.0001697,0.000151,0.0001293,0.0001079,9.208e-05,7.655e-05,6.019e-05,4.782e-05,3.511e-05,2.605e-05,1.856e-05,1.201e-05,8.492e-06,6.06e-06,5.178e-06,4.661e-06,3.972e-06,4.033e-06,3.83e-06,3.628e-06,3.577e-06,3.587e-06,2.908e-06,3.01e-06,2.939e-06,2.523e-06,2.331e-06,2.473e-06,2.017e-06,1.986e-06,2.138e-06
0.0003254,0.0003636,0.0003444,0.0003934,0.0003807,0.0003821,0.0003817,0.0003957,0.00039,0.0004025,0.0003939,0.0003653,0.0003389,0.0003042,0.0002761,0.0002506,0.0002198,0.0001984,0.0001714,0.0001478,0.0001293,0.0001089,9.195e-05,7.479e-05,6.13e-05,4.744e-05,3.44e-05,2.643e-05,1.761e-05,1.224e-05,8.806e-06,5.877e-06,5.31e-06,4.297e-06,4.195e-06,4.195e-06,4.064e-06,3.557e-06,3.395e-06,3.192e-06,3.212e-06,2.939e-06,2.574e-06,2.625e-06,2.351e-06,2.402e-06,2.584e-06,1.976e-06,2.088e-06
0.0003191,0.000358,0.0003386,0.0003851,0.0003786,0.0003823,0.000381,0.0003856,0.0003888,0.0004006,0.0003946,0.0003681,0.0003436,0.0003069,0.000278,0.0002488,0.0002184,0.0001972,0.0001727,0.0001482,0.0001295,0.0001093,9.148e-05,7.504e-05,6.028e-05,4.737e-05,3.393e-05,2.663e-05,1.792e-05,1.166e-05,8.259e-06,6.708e-06,5.269e-06,4.185e-06,3.82e-06,3.82e-06,4.114e-06,3.749e-06,3.425e-06,3.192e-06,3.273e-06,3.121e-06,2.888e-06,2.473e-06,2.584e-06,2.331e-06,2.138e-06,2.108e-06,1.824e-06
0.000313,0.0003562,0.0003375,0.0003795,0.0003739,0.0003763,0.0003771,0.0003889,0.000389,0.0004038,0.0003916,0.0003639,0.0003349,0.0003047,0.0002797,0.0002498,0.0002193,0.000196,0.0001696,0.0001493,0.0001293,0.0001075,9.185e-05,7.441e-05,6.037e-05,4.758e-05,3.503e-05,2.573e-05,1.816e-05,1.197e-05,7.985e-06,6.08e-06,5.148e-06,4.631e-06,4.094e-06,4.216e-06,3.709e-06,3.79e-06,3.537e-06,3.435e-06,3.131e-06,2.848e-06,2.918e-06,2.675e-06,2.503e-06,2.229e-06,2.108e-06,2.158e-06,2.189e-06
0.0003078,0.0003521,0.0003315,0.0003793,0.0003709,0.0003745,0.0003777,0.0003899,0.0003883,0.0004014,0.0003939,0.0003664,0.0003404,0.000305,0.0002771,0.000248,0.0002174,0.0001943,0.0001677,0.0001504,0.0001276,0.000108,9.016e-05,7.349e-05,6.065e-05,4.724e-05,3.499e-05,2.575e-05,1.758e-05,1.201e-05,8.614e-06,6.485e-06,5.047e-06,4.357e-06,4.266e-06,4.357e-06,4.094e-06,3.881e-06,3.385e-06,3.03e-06,3.192e-06,2.837e-06,2.817e-06,2.655e-06,2.3e-06,2.412e-06,2.148e-06,2.25e-06,1.865e-06
0.0003251,0.0003626,0.0003444,0.0003879,0.0003778,0.0003836,0.0003847,0.0003915,0.0003905,0.0004033,0.0003943,0.0003612,0.000338,0.0003022,0.0002777,0.000247,0.0002188,0.000196,0.0001694,0.0001504,0.0001283,0.0001089,8.981e-05,7.515e-05,6.084e-05,4.675e-05,3.549e-05,2.551e-05,1.812e-05,1.261e-05,8.674e-06,6.587e-06,4.712e-06,4.57e-06,4.134e-06,4.195e-06,3.658e-06,3.932e-06,3.577e-06,3.537e-06,3.081e-06,2.797e-06,2.706e-06,2.584e-06,2.179e-06,2.371e-06,2.25e-06,1.854e-06,2.077e-06
0.0003175,0.000358,0.0003423,0.0003856,0.0003791,0.0003825,0.0003774,0.0003887,0.0003909,0.0004034,0.0003924,0.0003654,0.0003386,0.0003063,0.0002777,0.0002489,0.0002198,0.0001936,0.0001707,0.0001492,0.0001276,0.0001084,9.036e-05,7.606e-05,5.938e-05,4.696e-05,3.536e-05,2.616e-05,1.832e-05,1.174e-05,8.411e-06,5.725e-06,4.965e-06,4.246e-06,4.104e-06,3.658e-06,3.8e-06,3.648e-06,3.567e-06,3.547e-06,3.02e-06,3.07e-06,2.868e-06,2.432e-06,2.533e-06,1.936e-06,2.331e-06,2.098e-06,2.189e-06
0.000325,0.000368,0.0003463,0.0003928,0.0003793,0.0003846,0.0003842,0.0003936,0.0003928,0.0004064,0.0003908,0.0003634,0.0003381,0.000308,0.0002775,0.0002485,0.0002187,0.000197,0.0001698,0.000148,0.0001308,0.0001098,9.079e-05,7.569e-05,6.013e-05,4.697e-05,3.613e-05,2.545e-05,1.737e-05,1.22e-05,8.543e-06,6.607e-06,5.026e-06,4.357e-06,4.246e-06,4.216e-06,3.871e-06,3.729e-06,3.425e-06,3.233e-06,3.253e-06,2.604e-06,2.848e-06,2.513e-06,2.28e-06,2.31e-06,2.027e-06,2.138e-06,2.179e-06
0.00032,0.0003592,0.0003411,0.0003839,0.0003751,0.0003801,0.0003804,0.0003867,0.0003916,0.0004036,0.0003938,0.0003672,0.0003382,0.0003059,0.0002796,0.0002498,0.0002192,0.0001969,0.0001706,0.0001495,0.0001288,0.0001074,8.904e-05,7.439e-05,5.901e-05,4.687e-05,3.492e-05,2.649e-05,1.723e-05,1.31e-05,8.066e-06,6.263e-06,4.905e-06,4.905e-06,4.297e-06,4.469e-06,3.952e-06,3.8e-06,3.77e-06,3.597e-06,3.182e-06,2.858e-06,2.523e-06,2.777e-06,2.26e-06,2.422e-06,2.118e-06,1.905e-06,1.784e-06
0.0003194,0.0003592,0.000345,0.0003859,0.0003773,0.0003853,0.0003821,0.0003908,0.0003892,0.0004052,0.0003967,0.000367,0.0003387,0.0003051,0.000275,0.0002487,0.0002191,0.0001992,0.0001703,0.0001492,0.0001284,0.0001082,9.039e-05,7.62e-05,6.046e-05,4.676e-05,3.486e-05,2.489e-05,1.784e-05,1.212e-05,7.995e-06,5.523e-06,4.742e-06,4.509e-06,4.621e-06,4.013e-06,3.891e-06,3.597e-06,3.476e-06,3.466e-06,3.526e-06,2.655e-06,2.655e-06,2.483e-06,2.493e-06,2.088e-06,2.148e-06,2.057e-06,2.006e-06
0.0003091,0.0003524,0.0003338,0.0003733,0.0003723,0.0003798,0.0003752,0.0003898,0.0003905,0.0004034,0.0003939,0.0003647,0.000339,0.0003078,0.0002793,0.0002496,0.0002212,0.0001957,0.0001688,0.00015,0.0001309,0.0001073,9.135e-05,7.487e-05,5.853e-05,4.845e-05,3.516e-05,2.5e-05,1.831e-05,1.233e-05,8.563e-06,6.161e-06,5.128e-06,4.621e-06,4.064e-06,4.175e-06,3.901e-06,3.587e-06,3.081e-06,3.577e-06,3.405e-06,2.878e-06,3.03e-06,2.473e-06,2.412e-06,2.138e-06,1.834e-06,2.118e-06,2.118e-06
0.0003294,0.0003721,0.0003488,0.0003943,0.000382,0.0003883,0.0003859,0.0003962,0.0003928,0.0004063,0.0003952,0.0003657,0.0003364,0.0003028,0.0002754,0.0002464,0.0002173,0.0001956,0.0001696,0.0001499,0.0001275,0.0001092,8.878e-05,7.671e-05,6.086e-05,4.888e-05,3.467e-05,2.631e-05,1.848e-05,1.315e-05,8.522e-06,6.232e-06,5.057e-06,5.047e-06,4.378e-06,3.942e-06,4.094e-06,3.83e-06,3.506e-06,3.486e-06,3.496e-06,2.939e-06,2.645e-06,2.685e-06,2.625e-06,2.29e-06,2.321e-06,1.946e-06,1.986e-06
0.0003225,0.000368,0.0003488,0.0003886,0.000377,0.0003878,0.0003822,0.0003954,0.0003948,0.0004054,0.0003939,0.0003657,0.0003354,0.0003036,0.0002731,0.0002471,0.0002182,0.0001972,0.0001715,0.0001474,0.0001305,0.0001087,9.011e-05,7.547e-05,6.043e-05,4.554e-05,3.456e-05,2.594e-05,1.766e-05,1.285e-05,8.725e-06,5.999e-06,5.34e-06,4.58e-06,4.266e-06,4.266e-06,4.134e-06,3.749e-06,3.577e-06,3.06e-06,3.01e-06,2.736e-06,2.706e-06,2.594e-06,2.25e-06,2.321e-06,2.108e-06,1.875e-06,2.148e-06
0.0003302,0.0003735,0.00035,0.0003949,0.0003842,0.0003915,0.0003865,0.0003957,0.0003945,0.0004056,0.0003913,0.0003659,0.0003333,0.0003052,0.0002774,0.0002466,0.000217,0.0001942,0.0001695,0.0001477,0.0001282,0.0001087,9.127e-05,7.504e-05,6.032e-05,4.722e-05,3.577e-05,2.514e-05,1.781e-05,1.165e-05,9.13e-06,6.303e-06,5.259e-06,4.631e-06,4.489e-06,4.256e-06,3.77e-06,3.689e-06,3.405e-06,3.405e-06,3.304e-06,3.152e-06,2.665e-06,2.614e-06,2.381e-06,2.28e-06,2.169e-06,1.986e-06,1.986e-06
0.000326,0.0003663,0.0003476,0.0003913,0.0003784,0.0003824,0.0003835,0.0003888,0.0003894,0.000411,0.0003956,0.0003627,0.0003396,0.0003058,0.0002768,0.0002482,0.0002164,0.0001969,0.0001683,0.0001477,0.0001293,0.0001071,9.153e-05,7.61e-05,6.036e-05,4.705e-05,3.49e-05,2.543e-05,1.821e-05,1.26e-05,8.654e-06,6.587e-06,5.361e-06,4.672e-06,4.388e-06,3.962e-06,4.266e-06,3.952e-06,3.658e-06,3.273e-06,3.162e-06,3e-06,2.726e-06,2.604e-06,2.341e-06,2.26e-06,2.229e-06,1.936e-06,2.067e-06
0.0003242,0.0003628,0.0003411,0.0003879,0.0003786,0.0003858,0.0003845,0.00039,0.0003871,0.0004036,0.0003963,0.0003643,0.0003369,0.0003046,0.0002765,0.0002476,0.0002192,0.0001951,0.0001693,0.0001482,0.000127,0.0001091,9.199e-05,7.562e-05,6.015e-05,4.813e-05,3.609e-05,2.549e-05,1.788e-05,1.265e-05,9.019e-06,6.202e-06,5.006e-06,4.54e-06,4.297e-06,3.922e-06,3.618e-06,3.638e-06,3.212e-06,3.435e-06,3.121e-06,2.888e-06,2.898e-06,2.716e-06,2.341e-06,2.331e-06,2.037e-06,2.057e-06,2.047e-06
0.0003284,0.0003677,0.0003496,0.0003926,0.0003803,0.0003864,0.000385,0.0003921,0.0003932,0.0004074,0.0003958,0.0003641,0.0003399,0.0003028,0.0002787,0.000249,0.0002191,0.000196,0.0001725,0.0001498,0.00013,0.000108,8.966e-05,7.528e-05,5.94e-05,4.803e-05,3.748e-05,2.723e-05,1.816e-05,1.217e-05,9.191e-06,5.969e-06,5.34e-06,4.672e-06,4.297e-06,4.185e-06,4.114e-06,3.932e-06,3.324e-06,3.547e-06,3.324e-06,2.979e-06,2.949e-06,2.493e-06,2.706e-06,2.26e-06,2.118e-06,1.784e-06,2.128e-06
0.0003266,0.0003702,0.0003476,0.0003966,0.0003783,0.000384,0.0003817,0.0003905,0.0003949,0.0004051,0.0003925,0.0003651,0.0003389,0.0003058,0.0002756,0.0002475,0.0002183,0.0001968,0.0001689,0.000149,0.0001291,0.0001079,9.079e-05,7.511e-05,6.116e-05,4.697e-05,3.569e-05,2.543e-05,1.775e-05,1.234e-05,8.35e-06,6.374e-06,4.864e-06,4.925e-06,4.276e-06,3.942e-06,3.861e-06,3.942e-06,3.76e-06,3.192e-06,3.212e-06,2.766e-06,2.625e-06,2.412e-06,2.442e-06,2.29e-06,2.037e-06,2.047e-06,1.834e-06
0.0003108,0.000353,0.0003344,0.0003807,0.0003728,0.0003759,0.00038,0.0003898,0.0003903,0.000402,0.0003941,0.0003672,0.0003408,0.0003077,0.0002777,0.0002471,0.0002192,0.0001948,0.0001713,0.0001486,0.0001297,0.0001088,8.939e-05,7.603e-05,5.998e-05,4.676e-05,3.475e-05,2.593e-05,1.681e-05,1.212e-05,8.37e-06,5.908e-06,4.834e-06,4.499e-06,4.084e-06,4.418e-06,3.243e-06,3.577e-06,3.719e-06,3.222e-06,3.06e-06,2.918e-06,2.797e-06,2.665e-06,2.169e-06,2.057e-06,2.179e-06,1.844e-06,1.865e-06
0.0003235,0.0003622,0.0003425,0.0003908,0.0003826,0.0003852,0.0003854,0.0003914,0.0003906,0.0004041,0.0003976,0.0003633,0.0003356,0.000308,0.0002778,0.0002471,0.0002179,0.0001951,0.0001687,0.0001477,0.0001281,0.00011,9.262e-05,7.548e-05,6.062e-05,4.719e-05,3.502e-05,2.594e-05,1.867e-05,1.206e-05,8.634e-06,6.029e-06,5.117e-06,4.53e-06,4.266e-06,3.77e-06,3.608e-06,4.003e-06,3.537e-06,3.425e-06,3.233e-06,3.01e-06,2.807e-06,2.756e-06,2.25e-06,2.229e-06,2.067e-06,2.442e-06,1.956e-06
0.0003195,0.0003631,0.0003412,0.0003875,0.0003786,0.0003815,0.0003808,0.0003918,0.0003898,0.0004013,0.0003936,0.0003637,0.0003367,0.0003075,0.0002786,0.000248,0.0002171,0.0001975,0.0001696,0.0001495,0.0001278,0.0001073,9.032e-05,7.568e-05,5.928e-05,4.701e-05,3.504e-05,2.582e-05,1.793e-05,1.235e-05,8.37e-06,6.121e-06,5.168e-06,4.965e-06,3.942e-06,3.982e-06,4.236e-06,3.77e-06,3.729e-06,3.334e-06,3.04e-06,2.837e-06,3.02e-06,2.554e-06,2.503e-06,1.986e-06,2.047e-06,2.138e-06,2.037e-06
0.000328,0.0003693,0.0003434,0.0003891,0.0003843,0.0003858,0.0003818,0.0003932,0.0003927,0.0004046,0.0003942,0.0003598,0.0003361,0.000305,0.0002753,0.0002491,0.0002185,0.0001938,0.00017,0.0001508,0.0001297,0.0001094,9.075e-05,7.413e-05,5.974e-05,4.775e-05,3.489e-05,2.553e-05,1.802e-05,1.28e-05,8.816e-06,6.526e-06,4.955e-06,5.3e-06,4.114e-06,4.297e-06,4.155e-06,3.739e-06,3.486e-06,3.141e-06,3.162e-06,2.807e-06,2.726e-06,2.706e-06,2.462e-06,2.179e-06,2.047e-06,2.189e-06,1.885e-06
0,0,0,0,0,0,0,0,0,0,0,0,0,0,0,0,0,0,0,0,0,0,0,0,0,0,0,0,0,0,0,0,0,0,0,0,0,0,0,0,0,0,0,0,0,0,0,0,0
3rd quartile
1.325e+12,1.463e+12,1.612e+12,1.776e+12,1.962e+12,2.164e+12,2.387e+12,2.637e+12,2.914e+12,3.217e+12,3.552e+12,3.916e+12,4.32e+12,4.764e+12,5.258e+12,5.805e+12,6.406e+12,7.072e+12,7.8e+12,8.606e+12,9.51e+12,1.049e+13,1.157e+13,1.277e+13,1.409e+13,1.557e+13,1.716e+13,1.893e+13,2.092e+13,2.309e+13,2.549e+13,2.81e+13,3.106e+13,3.426e+13,3.791e+13,4.178e+13,4.624e+13,5.097e+13,5.632e+13,6.203e+13,6.873e+13,7.568e+13,8.342e+13,9.162e+13,1.018e+14,1.121e+14,1.239e+14,1.374e+14,1.515e+14
0.0005175,0.0005595,0.0004996,0.0005299,0.0004827,0.0004549,0.0004215,0.0004018,0.0003624,0.0003471,0.0003226,0.0002787,0.0002406,0.0002,0.0001696,0.0001388,0.0001144,9.456e-05,7.438e-05,6.117e-05,4.827e-05,3.72e-05,2.81e-05,2.227e-05,1.586e-05,1.108e-05,7.408e-06,5.34e-06,3.993e-06,3.172e-06,2.787e-06,2.848e-06,2.503e-06,2.533e-06,2.351e-06,2.392e-06,2.594e-06,2.696e-06,2.108e-06,2.27e-06,2.088e-06,2.006e-06,1.723e-06,1.419e-06,1.561e-06,1.145e-06,1.145e-06,9.83e-07,6.587e-07
0.0005292,0.0005661,0.0005054,0.0005369,0.0004852,0.0004564,0.0004209,0.0004,0.0003632,0.0003462,0.0003233,0.0002821,0.0002402,0.0002004,0.0001715,0.0001417,0.0001158,9.413e-05,7.522e-05,6.202e-05,4.887e-05,3.797e-05,2.897e-05,2.269e-05,1.55e-05,1.141e-05,7.58e-06,5.513e-06,4.388e-06,3.395e-06,3.01e-06,2.716e-06,2.625e-06,2.574e-06,2.726e-06,2.24e-06,2.31e-06,2.473e-06,2.24e-06,2.27e-06,2.138e-06,1.895e-06,1.986e-06,1.398e-06,1.439e-06,1.115e-06,1.277e-06,9.323e-07,8.31e-07
0.00053,0.000569,0.0005111,0.0005345,0.0004861,0.0004558,0.0004192,0.0004006,0.0003679,0.0003492,0.0003229,0.0002812,0.0002419,0.0002021,0.0001697,0.0001386,0.0001143,9.602e-05,7.467e-05,6.153e-05,5.063e-05,3.782e-05,2.959e-05,2.266e-05,1.625e-05,1.089e-05,7.641e-06,5.736e-06,4.368e-06,3.374e-06,2.898e-06,2.685e-06,2.756e-06,2.523e-06,2.361e-06,2.28e-06,2.483e-06,2.462e-06,2.128e-06,2.321e-06,2.108e-06,2.118e-06,1.814e-06,1.571e-06,1.571e-06,1.155e-06,1.034e-06,8.005e-07,8.614e-07
0.0005262,0.0005663,0.0005013,0.0005318,0.000484,0.0004589,0.0004229,0.0003973,0.0003648,0.0003534,0.0003246,0.0002803,0.0002395,0.0001994,0.0001677,0.0001387,0.0001126,9.424e-05,7.506e-05,6.133e-05,4.899e-05,3.782e-05,2.886e-05,2.108e-05,1.579e-05,1.045e-05,8.107e-06,5.715e-06,3.79e-06,3.344e-06,2.908e-06,2.675e-06,2.837e-06,2.392e-06,2.503e-06,2.554e-06,2.148e-06,2.361e-06,2.158e-06,2.017e-06,2.179e-06,1.966e-06,1.804e-06,1.459e-06,1.419e-06,1.105e-06,1.023e-06,8.512e-07,8.816e-07
0.0005246,0.0005609,0.000504,0.0005312,0.0004846,0.0004573,0.0004237,0.0004021,0.0003662,0.00035,0.0003242,0.0002777,0.0002415,0.0002025,0.0001681,0.0001403,0.0001132,9.416e-05,7.604e-05,6.13e-05,4.853e-05,3.649e-05,2.92e-05,2.149e-05,1.554e-05,1.076e-05,7.337e-06,5.492e-06,3.891e-06,3.445e-06,2.848e-06,2.878e-06,2.503e-06,2.614e-06,2.24e-06,2.594e-06,2.442e-06,1.996e-06,2.462e-06,2.067e-06,2.067e-06,1.784e-06,1.713e-06,1.469e-06,1.54e-06,1.105e-06,1.044e-06,7.904e-07,6.789e-07
0.0005103,0.0005569,0.0004974,0.0005313,0.0004783,0.000453,0.0004202,0.0004002,0.000366,0.0003511,0.0003216,0.0002795,0.0002397,0.0002013,0.0001715,0.0001381,0.0001143,9.299e-05,7.52e-05,6.039e-05,4.805e-05,3.65e-05,2.887e-05,2.153e-05,1.52e-05,1.13e-05,7.327e-06,5.584e-06,4.064e-06,3.263e-06,2.929e-06,2.523e-06,2.898e-06,2.797e-06,2.351e-06,2.716e-06,2.148e-06,2.26e-06,2.209e-06,2.26e-06,2.027e-06,1.692e-06,1.652e-06,1.449e-06,1.469e-06,1.074e-06,1.186e-06,9.526e-07,7.093e-07
0.0005268,0.0005653,0.0005057,0.0005358,0.0004897,0.0004556,0.0004241,0.0003979,0.0003649,0.000349,0.0003199,0.0002795,0.0002407,0.0002002,0.0001695,0.0001375,0.0001141,9.43e-05,7.547e-05,6.135e-05,4.833e-05,3.846e-05,2.935e-05,2.282e-05,1.557e-05,1.118e-05,8.208e-06,5.786e-06,4.449e-06,3.476e-06,2.746e-06,2.422e-06,2.959e-06,2.645e-06,2.381e-06,2.381e-06,2.503e-06,2.3e-06,2.493e-06,2.047e-06,2.148e-06,2.047e-06,1.895e-06,1.652e-06,1.55e-06,1.206e-06,1.074e-06,9.728e-07,8.918e-07
0.0005189,0.0005562,0.0004957,0.0005289,0.0004823,0.0004572,0.000424,0.0003984,0.000366,0.0003507,0.0003222,0.000281,0.0002406,0.0002009,0.0001679,0.0001383,0.0001132,9.272e-05,7.429e-05,6e-05,4.929e-05,3.786e-05,2.801e-05,2.168e-05,1.528e-05,1.079e-05,7.701e-06,5.553e-06,3.942e-06,3.324e-06,2.726e-06,2.371e-06,2.584e-06,2.827e-06,2.371e-06,2.685e-06,2.493e-06,2.229e-06,2.179e-06,2.138e-06,2.27e-06,1.956e-06,1.672e-06,1.469e-06,1.571e-06,1.155e-06,1.135e-06,9.323e-07,6.485e-07
0.0005117,0.0005502,0.0004959,0.0005288,0.0004777,0.0004519,0.0004206,0.0003996,0.0003659,0.00035,0.0003193,0.0002797,0.0002417,0.0002012,0.0001678,0.0001369,0.0001129,9.135e-05,7.527e-05,6.055e-05,4.83e-05,3.726e-05,2.965e-05,2.068e-05,1.588e-05,1.035e-05,7.884e-06,4.884e-06,3.466e-06,3.101e-06,2.817e-06,2.959e-06,2.787e-06,2.594e-06,2.209e-06,2.422e-06,2.402e-06,2.209e-06,2.26e-06,2.128e-06,2.077e-06,1.794e-06,1.824e-06,1.794e-06,1.257e-06,1.277e-06,1.135e-06,8.816e-07,6.688e-07
0.0005234,0.0005626,0.0005048,0.0005375,0.0004814,0.0004588,0.0004158,0.0003998,0.0003678,0.0003486,0.0003227,0.0002758,0.0002402,0.0002051,0.0001689,0.0001407,0.0001123,9.331e-05,7.685e-05,6.058e-05,4.942e-05,3.763e-05,2.934e-05,2.158e-05,1.574e-05,9.961e-06,7.874e-06,5.34e-06,4.064e-06,3.263e-06,2.989e-06,2.675e-06,2.685e-06,2.685e-06,2.473e-06,2.604e-06,2.422e-06,2.26e-06,2.158e-06,1.895e-06,2.148e-06,1.854e-06,1.601e-06,1.672e-06,1.196e-06,1.236e-06,1.216e-06,1.003e-06,8.918e-07
0.0005059,0.0005531,0.0004959,0.0005297,0.0004802,0.0004553,0.00042,0.000399,0.0003624,0.0003506,0.0003191,0.0002795,0.0002407,0.0002002,0.0001699,0.0001375,0.0001114,9.304e-05,7.561e-05,6.057e-05,4.807e-05,3.732e-05,2.795e-05,2.088e-05,1.518e-05,1.126e-05,7.935e-06,5.361e-06,4.134e-06,3.344e-06,2.888e-06,2.868e-06,2.452e-06,2.503e-06,2.635e-06,2.432e-06,2.331e-06,2.229e-06,1.996e-06,2.037e-06,2.27e-06,2.037e-06,1.621e-06,1.581e-06,1.51e-06,1.236e-06,1.064e-06,8.411e-07,9.019e-07
0.0005254,0.0005623,0.0005025,0.0005319,0.0004843,0.0004582,0.0004278,0.0003988,0.0003666,0.0003492,0.0003197,0.0002793,0.0002408,0.000201,0.0001669,0.0001385,0.0001142,9.464e-05,7.56e-05,6.236e-05,4.797e-05,3.839e-05,2.942e-05,2.209e-05,1.518e-05,1.105e-05,7.195e-06,5.482e-06,4.276e-06,3.263e-06,3.121e-06,2.797e-06,2.685e-06,2.493e-06,2.574e-06,2.483e-06,2.473e-06,2.169e-06,2.412e-06,2.28e-06,2.3e-06,1.976e-06,1.753e-06,1.621e-06,1.348e-06,1.368e-06,1.064e-06,9.12e-07,8.31e-07
0.0005324,0.0005707,0.0005063,0.0005367,0.0004871,0.0004569,0.0004188,0.0004002,0.0003629,0.0003539,0.0003184,0.00028,0.0002421,0.0002032,0.0001718,0.0001405,0.0001141,9.465e-05,7.593e-05,6.195e-05,4.949e-05,3.896e-05,2.886e-05,2.179e-05,1.493e-05,1.067e-05,7.904e-06,5.817e-06,4.033e-06,2.969e-06,2.898e-06,2.564e-06,2.351e-06,2.645e-06,2.432e-06,2.422e-06,2.392e-06,2.351e-06,2.229e-06,2.402e-06,2.219e-06,1.854e-06,1.824e-06,1.601e-06,1.429e-06,1.317e-06,1.267e-06,1.105e-06,1.084e-06
0.0005044,0.0005444,0.0004917,0.0005223,0.0004752,0.0004523,0.0004185,0.0004018,0.0003677,0.0003514,0.0003208,0.0002833,0.0002402,0.0002002,0.0001667,0.0001384,0.0001114,9.392e-05,7.404e-05,6.085e-05,4.692e-05,3.576e-05,2.671e-05,2.145e-05,1.544e-05,1.011e-05,7.033e-06,5.351e-06,4.064e-06,3.314e-06,2.797e-06,2.878e-06,2.442e-06,2.442e-06,2.665e-06,2.189e-06,2.452e-06,2.361e-06,1.976e-06,2.057e-06,1.946e-06,1.905e-06,1.794e-06,1.561e-06,1.267e-06,1.368e-06,8.918e-07,8.31e-07,7.296e-07
0.0005234,0.0005638,0.0005026,0.0005367,0.0004859,0.0004569,0.0004192,0.0003991,0.0003634,0.000351,0.0003212,0.0002781,0.0002399,0.0002018,0.0001697,0.0001393,0.0001139,9.462e-05,7.544e-05,6.165e-05,4.994e-05,3.705e-05,2.908e-05,2.172e-05,1.598e-05,1.14e-05,7.529e-06,5.543e-06,4.145e-06,3.354e-06,3.02e-06,2.868e-06,2.473e-06,2.736e-06,2.371e-06,2.25e-06,2.199e-06,2.28e-06,2.088e-06,2.108e-06,2.179e-06,1.753e-06,1.52e-06,1.642e-06,1.388e-06,1.165e-06,9.728e-07,1.044e-06,7.701e-07
0.0005271,0.0005718,0.0005038,0.0005385,0.0004827,0.000459,0.0004196,0.0003958,0.0003666,0.0003502,0.000322,0.0002765,0.0002412,0.0002021,0.0001708,0.0001415,0.0001132,9.494e-05,7.518e-05,6.072e-05,4.962e-05,3.705e-05,2.912e-05,2.125e-05,1.553e-05,1.147e-05,7.631e-06,5.421e-06,4.145e-06,3.526e-06,2.665e-06,2.756e-06,2.766e-06,2.635e-06,2.685e-06,2.604e-06,2.523e-06,1.996e-06,2.209e-06,2.088e-06,1.814e-06,2.037e-06,1.794e-06,1.429e-06,1.267e-06,1.216e-06,1.054e-06,9.424e-07,7.093e-07
0.0005196,0.0005561,0.0004982,0.0005343,0.0004844,0.0004585,0.0004208,0.0003965,0.0003664,0.0003494,0.000319,0.000276,0.0002404,0.0002,0.0001705,0.0001391,0.0001142,9.381e-05,7.499e-05,6.117e-05,4.914e-05,3.76e-05,2.89e-05,2.095e-05,1.487e-05,1.113e-05,7.803e-06,5.796e-06,4.408e-06,3.253e-06,2.878e-06,2.554e-06,2.685e-06,2.412e-06,2.24e-06,2.351e-06,2.604e-06,2.432e-06,2.148e-06,2.209e-06,2.027e-06,2.057e-06,1.844e-06,1.409e-06,1.186e-06,1.175e-06,1.003e-06,9.526e-07,8.411e-07
0.0005147,0.0005555,0.0004987,0.0005295,0.0004819,0.0004561,0.0004199,0.0004001,0.0003673,0.0003486,0.0003235,0.0002787,0.0002411,0.0001985,0.0001688,0.0001398,0.0001111,9.476e-05,7.615e-05,5.987e-05,4.825e-05,3.651e-05,2.763e-05,2.031e-05,1.498e-05,1.09e-05,8.066e-06,5.31e-06,4.053e-06,2.959e-06,2.675e-06,2.949e-06,2.604e-06,2.513e-06,2.422e-06,1.996e-06,2.432e-06,2.047e-06,2.108e-06,2.24e-06,2.199e-06,1.844e-06,1.733e-06,1.49e-06,1.479e-06,1.267e-06,1.257e-06,1.044e-06,9.728e-07
0.0005131,0.0005586,0.0004985,0.00053,0.0004853,0.0004564,0.000424,0.0003999,0.0003638,0.0003476,0.0003247,0.0002768,0.0002409,0.0002017,0.00017,0.0001408,0.0001113,9.205e-05,7.542e-05,6.062e-05,4.869e-05,3.698e-05,2.897e-05,2.071e-05,1.538e-05,1.109e-05,7.823e-06,5.391e-06,3.962e-06,3.212e-06,2.665e-06,2.24e-06,2.645e-06,2.25e-06,2.25e-06,2.219e-06,2.422e-06,2.31e-06,2.169e-06,1.976e-06,2.179e-06,1.905e-06,1.601e-06,1.621e-06,1.368e-06,1.459e-06,1.105e-06,9.222e-07,8.614e-07
0.0005226,0.0005575,0.0005011,0.000537,0.0004807,0.0004568,0.0004255,0.0003993,0.0003622,0.0003488,0.0003197,0.000276,0.0002391,0.0002008,0.0001708,0.0001395,0.0001124,9.413e-05,7.633e-05,6.002e-05,4.932e-05,3.796e-05,2.841e-05,2.143e-05,1.536e-05,1.081e-05,7.529e-06,5.249e-06,3.861e-06,2.969e-06,3.162e-06,2.614e-06,2.533e-06,2.675e-06,2.199e-06,2.635e-06,2.473e-06,2.584e-06,2.067e-06,2.027e-06,1.905e-06,1.662e-06,1.804e-06,1.53e-06,1.378e-06,1.165e-06,8.715e-07,9.83e-07,8.411e-07
0.0005152,0.0005499,0.0004979,0.0005274,0.0004798,0.0004569,0.0004178,0.0004025,0.0003649,0.0003514,0.0003252,0.0002775,0.0002407,0.0002004,0.0001678,0.0001389,0.0001138,9.41e-05,7.569e-05,5.964e-05,4.98e-05,3.681e-05,2.826e-05,2.092e-05,1.581e-05,1.021e-05,7.225e-06,5.128e-06,4.043e-06,3.395e-06,2.959e-06,2.756e-06,2.513e-06,2.392e-06,2.726e-06,2.645e-06,2.3e-06,2.462e-06,2.483e-06,2.392e-06,2.128e-06,1.682e-06,1.733e-06,1.439e-06,1.175e-06,1.287e-06,1.115e-06,1.054e-06,7.701e-07
0.0005235,0.0005615,0.0005055,0.0005317,0.0004839,0.0004542,0.0004207,0.0003972,0.0003659,0.000349,0.0003218,0.0002801,0.0002394,0.0002016,0.0001689,0.0001385,0.0001124,9.41e-05,7.533e-05,6.181e-05,4.906e-05,3.785e-05,2.843e-05,2.165e-05,1.537e-05,1.127e-05,8.036e-06,5.573e-06,4.033e-06,3.283e-06,2.888e-06,2.625e-06,2.584e-06,2.402e-06,2.462e-06,2.574e-06,2.381e-06,2.321e-06,2.219e-06,2.25e-06,2.29e-06,1.642e-06,1.581e-06,1.591e-06,1.368e-06,1.206e-06,1.105e-06,1.165e-06,8.208e-07
0.000527,0.0005668,0.0005049,0.0005355,0.0004848,0.0004571,0.0004214,0.000399,0.0003651,0.0003499,0.0003227,0.0002789,0.0002407,0.0001999,0.0001693,0.0001398,0.0001145,9.623e-05,7.754e-05,6.129e-05,4.932e-05,3.732e-05,2.796e-05,2.174e-05,1.57e-05,1.155e-05,7.843e-06,5.533e-06,4.033e-06,3.567e-06,3.111e-06,2.848e-06,2.848e-06,2.645e-06,2.533e-06,2.3e-06,2.706e-06,2.138e-06,2.229e-06,2.138e-06,1.925e-06,1.692e-06,1.743e-06,1.652e-06,1.378e-06,1.074e-06,1.186e-06,1.115e-06,6.688e-07
0.0005259,0.0005599,0.0005021,0.000534,0.0004861,0.0004561,0.0004205,0.0004022,0.0003669,0.0003509,0.0003199,0.0002789,0.0002417,0.0002026,0.0001676,0.0001391,0.000114,9.489e-05,7.49e-05,6.147e-05,4.96e-05,3.716e-05,2.817e-05,2.171e-05,1.578e-05,1.122e-05,8.087e-06,5.482e-06,4.266e-06,3.425e-06,3.547e-06,3.02e-06,2.787e-06,2.493e-06,2.614e-06,2.787e-06,2.625e-06,2.452e-06,1.895e-06,2.25e-06,1.936e-06,1.733e-06,1.915e-06,1.581e-06,1.601e-06,1.267e-06,1.013e-06,1.145e-06,7.904e-07
0.0005151,0.0005553,0.0005014,0.0005304,0.0004836,0.0004558,0.0004209,0.0004021,0.0003695,0.0003495,0.0003235,0.0002821,0.0002412,0.0002008,0.0001684,0.0001378,0.0001125,9.432e-05,7.447e-05,6.065e-05,4.939e-05,3.706e-05,2.838e-05,2.157e-05,1.51e-05,1.11e-05,7.783e-06,5.28e-06,4.053e-06,3.152e-06,2.888e-06,2.848e-06,2.594e-06,2.361e-06,2.685e-06,2.675e-06,2.422e-06,2.574e-06,2.31e-06,1.956e-06,2.148e-06,1.936e-06,1.976e-06,1.814e-06,1.368e-06,1.196e-06,1.358e-06,9.323e-07,7.701e-07
0.0005106,0.0005551,0.0004993,0.0005301,0.0004774,0.0004564,0.0004215,0.0003981,0.0003623,0.0003469,0.0003221,0.0002786,0.000239,0.0001999,0.0001696,0.0001374,0.0001144,9.394e-05,7.579e-05,6.004e-05,4.714e-05,3.657e-05,2.825e-05,2.211e-05,1.562e-05,1.098e-05,7.479e-06,5.259e-06,4.337e-06,3.466e-06,2.858e-06,2.726e-06,2.523e-06,2.564e-06,2.503e-06,2.665e-06,2.351e-06,2.331e-06,2.229e-06,2.31e-06,2.108e-06,1.723e-06,1.591e-06,1.642e-06,1.378e-06,1.348e-06,1.023e-06,9.019e-07,7.296e-07
0.0005042,0.0005463,0.0004954,0.0005267,0.0004813,0.0004577,0.0004177,0.0004005,0.0003671,0.0003514,0.0003225,0.0002816,0.0002397,0.000202,0.0001659,0.0001383,0.0001109,9.353e-05,7.451e-05,6.031e-05,4.794e-05,3.735e-05,2.756e-05,2.187e-05,1.524e-05,1.117e-05,7.347e-06,4.925e-06,4.104e-06,3.314e-06,2.929e-06,2.817e-06,2.645e-06,2.544e-06,2.351e-06,2.321e-06,2.31e-06,2.158e-06,2.432e-06,2.148e-06,2.067e-06,1.733e-06,1.753e-06,1.55e-06,1.135e-06,1.267e-06,1.034e-06,1.034e-06,8.715e-07
0.0005258,0.0005602,0.0005023,0.0005326,0.0004808,0.0004541,0.0004211,0.000399,0.0003623,0.0003519,0.000319,0.0002768,0.0002383,0.0002016,0.0001665,0.0001395,0.0001121,9.358e-05,7.558e-05,6.255e-05,4.782e-05,3.714e-05,2.95e-05,2.2e-05,1.552e-05,1.072e-05,7.641e-06,5.807e-06,4.236e-06,3.628e-06,2.797e-06,2.696e-06,2.766e-06,2.604e-06,2.544e-06,2.584e-06,2.371e-06,2.594e-06,2.229e-06,2.088e-06,2.067e-06,1.895e-06,1.885e-06,1.621e-06,1.287e-06,1.186e-06,1.206e-06,8.715e-07,9.12e-07
0.0005166,0.0005583,0.0004981,0.0005307,0.0004813,0.0004548,0.0004197,0.0003977,0.0003672,0.0003524,0.0003186,0.0002797,0.0002391,0.0002005,0.0001706,0.0001381,0.000113,9.466e-05,7.584e-05,6.09e-05,4.904e-05,3.739e-05,2.774e-05,2.215e-05,1.569e-05,1.107e-05,7.681e-06,5.442e-06,4.307e-06,3.304e-06,3.192e-06,2.868e-06,2.442e-06,2.523e-06,2.493e-06,2.381e-06,2.473e-06,2.361e-06,2.098e-06,2.118e-06,1.875e-06,1.915e-06,1.936e-06,1.409e-06,1.358e-06,1.267e-06,1.044e-06,8.715e-07,8.512e-07
0.0005266,0.0005719,0.0005047,0.0005293,0.000487,0.000455,0.0004206,0.0003994,0.0003639,0.0003476,0.0003225,0.0002801,0.0002383,0.0002008,0.0001716,0.0001385,0.0001145,9.521e-05,7.705e-05,6.124e-05,4.86e-05,3.828e-05,2.859e-05,2.124e-05,1.571e-05,1.134e-05,7.529e-06,5.513e-06,3.891e-06,3.07e-06,3.02e-06,2.604e-06,2.533e-06,2.594e-06,2.462e-06,2.473e-06,2.351e-06,2.442e-06,2.29e-06,2.179e-06,2.027e-06,1.854e-06,1.763e-06,1.784e-06,1.409e-06,1.267e-06,1.084e-06,1.034e-06,8.31e-07
0.0005191,0.0005577,0.0004979,0.0005342,0.0004842,0.0004514,0.0004186,0.0003992,0.0003634,0.0003546,0.0003228,0.0002759,0.0002387,0.0001989,0.0001691,0.00014,0.0001137,9.364e-05,7.602e-05,6.087e-05,4.87e-05,3.704e-05,2.812e-05,2.159e-05,1.595e-05,1.037e-05,7.62e-06,5.32e-06,4.053e-06,3.06e-06,2.989e-06,2.513e-06,2.787e-06,2.574e-06,2.675e-06,2.473e-06,2.442e-06,2.452e-06,2.138e-06,2.148e-06,2.128e-06,1.895e-06,1.652e-06,1.601e-06,1.297e-06,1.094e-06,1.297e-06,8.816e-07,1.084e-06
0.0005211,0.0005612,0.0005008,0.0005321,0.0004839,0.0004596,0.00042,0.0004026,0.0003635,0.0003511,0.000321,0.0002779,0.0002388,0.0001994,0.0001676,0.0001387,0.0001131,9.368e-05,7.481e-05,6.071e-05,4.799e-05,3.666e-05,2.962e-05,2.144e-05,1.572e-05,1.099e-05,7.935e-06,5.624e-06,3.81e-06,3.293e-06,2.888e-06,2.574e-06,2.574e-06,2.341e-06,2.392e-06,2.544e-06,2.219e-06,2.523e-06,2.169e-06,2.057e-06,2.047e-06,2.037e-06,1.702e-06,1.5e-06,1.246e-06,1.257e-06,1.105e-06,9.323e-07,9.424e-07
0.0005105,0.0005515,0.0004956,0.0005271,0.0004783,0.0004508,0.0004186,0.0004012,0.0003653,0.0003507,0.0003222,0.0002792,0.0002404,0.0001999,0.0001678,0.0001381,0.0001111,9.288e-05,7.5e-05,6.141e-05,4.86e-05,3.715e-05,2.83e-05,2.14e-05,1.548e-05,1.056e-05,7.195e-06,5.3e-06,4.307e-06,3.081e-06,2.858e-06,2.736e-06,2.888e-06,2.351e-06,2.513e-06,2.341e-06,2.28e-06,2.28e-06,2.483e-06,2.27e-06,1.854e-06,1.966e-06,1.53e-06,1.915e-06,1.49e-06,1.125e-06,1.145e-06,9.627e-07,7.195e-07
0.0005345,0.000573,0.0005074,0.0005405,0.0004865,0.0004553,0.0004215,0.000398,0.0003628,0.0003461,0.0003214,0.0002789,0.0002398,0.0001995,0.0001718,0.0001394,0.0001148,9.543e-05,7.638e-05,6.16e-05,4.983e-05,3.727e-05,2.951e-05,2.209e-05,1.611e-05,1.119e-05,7.661e-06,5.928e-06,4.469e-06,3.273e-06,3.131e-06,2.807e-06,2.483e-06,2.797e-06,2.29e-06,2.544e-06,2.422e-06,2.412e-06,2.088e-06,2.28e-06,2.179e-06,1.692e-06,1.915e-06,1.743e-06,1.317e-06,1.003e-06,1.246e-06,8.918e-07,7.093e-07
0.0005295,0.0005657,0.0005026,0.0005285,0.0004911,0.000459,0.0004213,0.0003987,0.0003634,0.0003496,0.0003214,0.0002803,0.0002419,0.0002035,0.00017,0.0001397,0.0001136,9.314e-05,7.623e-05,6.059e-05,4.903e-05,3.84e-05,2.904e-05,2.174e-05,1.505e-05,1.118e-05,7.681e-06,5.381e-06,4.631e-06,3.293e-06,2.716e-06,2.918e-06,2.351e-06,2.685e-06,2.229e-06,2.594e-06,2.392e-06,2.331e-06,2.341e-06,2.3e-06,2.037e-06,2.017e-06,1.865e-06,1.54e-06,1.368e-06,1.135e-06,9.627e-07,1.023e-06,9.222e-07
0.000534,0.0005722,0.0005082,0.000536,0.0004819,0.000455,0.0004227,0.0004008,0.0003675,0.000348,0.0003209,0.0002764,0.0002393,0.0002008,0.0001705,0.0001384,0.0001136,9.471e-05,7.735e-05,6.159e-05,4.89e-05,3.749e-05,2.92e-05,2.253e-05,1.566e-05,1.15e-05,7.722e-06,5.655e-06,4.023e-06,3.648e-06,3.182e-06,2.726e-06,2.604e-06,2.412e-06,2.209e-06,2.442e-06,2.29e-06,2.412e-06,2.513e-06,2.067e-06,2.219e-06,1.804e-06,1.662e-06,1.419e-06,1.398e-06,1.236e-06,1.064e-06,9.424e-07,6.992e-07
0.0005264,0.000566,0.0005058,0.0005319,0.0004886,0.0004574,0.0004216,0.0003995,0.0003657,0.0003474,0.0003211,0.0002765,0.0002416,0.0002055,0.0001699,0.000141,0.0001147,9.393e-05,7.635e-05,6.042e-05,4.988e-05,3.665e-05,2.891e-05,2.114e-05,1.562e-05,1.118e-05,7.661e-06,5.594e-06,3.993e-06,3.233e-06,2.635e-06,2.888e-06,2.523e-06,2.31e-06,2.645e-06,2.584e-06,2.361e-06,2.067e-06,2.219e-06,2.189e-06,2.24e-06,1.824e-06,1.631e-06,1.5e-06,1.267e-06,1.064e-06,1.034e-06,8.918e-07,8.411e-07
0.000523,0.0005624,0.0005022,0.0005347,0.0004797,0.0004548,0.0004237,0.0004023,0.0003633,0.0003518,0.0003196,0.0002801,0.0002387,0.0002008,0.0001696,0.0001396,0.0001121,9.44e-05,7.508e-05,6.092e-05,4.808e-05,3.642e-05,2.856e-05,2.183e-05,1.555e-05,1.108e-05,7.529e-06,5.695e-06,4.033e-06,3.324e-06,3.111e-06,2.766e-06,2.564e-06,2.533e-06,2.432e-06,2.361e-06,2.675e-06,2.26e-06,2.098e-06,2.148e-06,1.905e-06,1.794e-06,1.925e-06,1.763e-06,1.429e-06,1.206e-06,1.054e-06,1.084e-06,7.093e-07
0.00053,0.0005694,0.0005088,0.0005319,0.000485,0.000458,0.0004218,0.0004034,0.000367,0.0003478,0.0003234,0.0002811,0.0002405,0.0002012,0.0001689,0.0001395,0.0001139,9.684e-05,7.689e-05,6.137e-05,4.745e-05,3.762e-05,2.861e-05,2.154e-05,1.506e-05,1.148e-05,7.499e-06,5.573e-06,4.53e-06,3.466e-06,3.212e-06,2.523e-06,2.766e-06,2.483e-06,2.746e-06,2.27e-06,2.28e-06,2.006e-06,2.381e-06,2.037e-06,2.067e-06,1.713e-06,1.702e-06,1.469e-06,1.398e-06,1.257e-06,1.084e-06,8.411e-07,8.005e-07
0.0005261,0.0005656,0.0005054,0.0005305,0.0004857,0.0004558,0.0004245,0.0004021,0.0003635,0.0003504,0.0003236,0.0002792,0.0002401,0.000202,0.0001685,0.0001403,0.0001145,9.513e-05,7.585e-05,6.209e-05,4.916e-05,3.803e-05,2.873e-05,2.213e-05,1.564e-05,1.079e-05,7.975e-06,5.584e-06,4.165e-06,3.567e-06,2.959e-06,2.574e-06,2.736e-06,2.523e-06,2.635e-06,2.696e-06,2.331e-06,2.554e-06,2.017e-06,2.108e-06,2.067e-06,1.976e-06,1.773e-06,1.429e-06,1.54e-06,1.186e-06,1.054e-06,1.013e-06,8.715e-07
0.0005093,0.0005568,0.0004955,0.0005276,0.0004792,0.000456,0.0004234,0.0003999,0.0003631,0.0003477,0.0003199,0.0002769,0.0002408,0.0001986,0.0001694,0.0001388,0.0001128,9.489e-05,7.648e-05,6.154e-05,4.838e-05,3.732e-05,2.763e-05,2.123e-05,1.515e-05,1.096e-05,7.337e-06,5.533e-06,4.195e-06,3.425e-06,2.837e-06,3.02e-06,2.452e-06,2.351e-06,2.462e-06,2.574e-06,2.27e-06,2.341e-06,2.29e-06,2.25e-06,2.027e-06,2.027e-06,1.804e-06,1.459e-06,1.439e-06,1.084e-06,1.023e-06,8.816e-07,8.411e-07
0.0005259,0.0005631,0.0005081,0.000532,0.0004803,0.0004581,0.0004222,0.0003972,0.0003678,0.0003496,0.0003204,0.0002777,0.0002395,0.0002021,0.0001709,0.0001407,0.0001122,9.369e-05,7.655e-05,6.087e-05,4.88e-05,3.768e-05,2.907e-05,2.104e-05,1.512e-05,1.044e-05,7.58e-06,5.361e-06,4.256e-06,3.05e-06,2.756e-06,2.544e-06,2.412e-06,2.462e-06,2.462e-06,2.341e-06,2.412e-06,2.371e-06,2.462e-06,2.169e-06,1.946e-06,2.067e-06,1.763e-06,1.601e-06,1.398e-06,1.246e-06,9.12e-07,9.931e-07,8.31e-07
0.0005226,0.000563,0.0004981,0.0005331,0.0004863,0.0004547,0.0004214,0.0003973,0.0003634,0.0003518,0.0003186,0.000277,0.0002386,0.0002,0.0001673,0.0001396,0.0001127,9.621e-05,7.569e-05,6.113e-05,5.017e-05,3.759e-05,2.864e-05,2.154e-05,1.552e-05,1.087e-05,7.935e-06,5.199e-06,4.459e-06,3.425e-06,3.101e-06,2.797e-06,2.392e-06,2.574e-06,2.554e-06,2.381e-06,2.158e-06,2.523e-06,2.229e-06,2.209e-06,2.037e-06,2.006e-06,1.469e-06,1.53e-06,1.358e-06,1.165e-06,1.196e-06,8.208e-07,8.512e-07
0.000525,0.000567,0.0005051,0.0005291,0.0004884,0.0004541,0.0004247,0.0004012,0.0003654,0.0003485,0.0003231,0.0002808,0.0002386,0.0002022,0.0001689,0.0001397,0.0001149,9.412e-05,7.657e-05,6.089e-05,4.943e-05,3.724e-05,2.877e-05,2.092e-05,1.571e-05,1.09e-05,7.499e-06,5.817e-06,4.084e-06,3.466e-06,3.233e-06,2.584e-06,2.675e-06,2.564e-06,2.665e-06,2.544e-06,2.483e-06,2.544e-06,2.473e-06,2.158e-06,2.331e-06,1.804e-06,1.591e-06,1.52e-06,1.317e-06,1.074e-06,9.526e-07,1.054e-06,9.12e-07
0,0,0,0,0,0,0,0,0,0,0,0,0,0,0,0,0,0,0,0,0,0,0,0,0,0,0,0,0,0,0,0,0,0,0,0,0,0,0,0,0,0,0,0,0,0,0,0,0
4th quartile
1.325e+12,1.463e+12,1.611e+12,1.775e+12,1.961e+12,2.162e+12,2.386e+12,2.635e+12,2.912e+12,3.215e+12,3.55e+12,3.916e+12,4.316e+12,4.762e+12,5.255e+12,5.804e+12,6.401e+12,7.062e+12,7.789e+12,8.605e+12,9.507e+12,1.048e+13,1.157e+13,1.277e+13,1.407e+13,1.559e+13,1.715e+13,1.903e+13,2.099e+13,2.318e+13,2.561e+13,2.818e+13,3.099e+13,3.421e+13,3.798e+13,4.199e+13,4.62e+13,5.122e+13,5.603e+13,6.222e+13,6.89e+13,7.584e+13,8.349e+13,9.256e+13,1.016e+14,1.123e+14,1.235e+14,1.369e+14,1.509e+14
0.0007269,0.0007564,0.0006387,0.0006259,0.0005204,0.0004585,0.0003889,0.0003379,0.0002803,0.000244,0.0002153,0.0001784,0.0001484,0.000115,9.057e-05,6.776e-05,5.061e-05,3.72e-05,2.544e-05,1.992e-05,1.408e-05,8.451e-06,6.415e-06,4.297e-06,2.787e-06,1.733e-06,1.327e-06,1.135e-06,1.084e-06,8.512e-07,9.424e-07,1.165e-06,9.931e-07,1.084e-06,8.918e-07,9.83e-07,1.034e-06,8.614e-07,1.013e-06,9.728e-07,9.019e-07,1.003e-06,8.005e-07,6.384e-07,7.195e-07,5.168e-07,4.763e-07,3.851e-07,3.952e-07
0.0007338,0.000758,0.0006389,0.0006305,0.0005256,0.000456,0.0003857,0.00034,0.000284,0.0002534,0.000219,0.0001824,0.000148,0.0001171,9.044e-05,6.672e-05,4.999e-05,3.946e-05,2.719e-05,1.937e-05,1.325e-05,8.867e-06,6.567e-06,4.327e-06,2.908e-06,2.169e-06,1.581e-06,1.338e-06,9.627e-07,8.614e-07,9.424e-07,1.084e-06,1.013e-06,1.084e-06,8.411e-07,1.003e-06,9.83e-07,9.12e-07,9.83e-07,9.728e-07,9.83e-07,8.31e-07,8.107e-07,7.499e-07,6.08e-07,5.877e-07,5.067e-07,5.168e-07,3.749e-07
0.0007404,0.0007662,0.0006394,0.0006321,0.0005285,0.0004588,0.00039,0.0003417,0.0002847,0.0002525,0.00022,0.0001831,0.0001497,0.0001175,9.336e-05,6.852e-05,5.092e-05,3.776e-05,2.766e-05,2e-05,1.38e-05,9.404e-06,6.496e-06,4.459e-06,3e-06,1.763e-06,1.733e-06,1.084e-06,1.094e-06,1.105e-06,1.023e-06,1.216e-06,8.715e-07,9.931e-07,9.931e-07,9.424e-07,1.135e-06,1.206e-06,1.044e-06,1.013e-06,8.816e-07,1.023e-06,5.573e-07,6.992e-07,6.181e-07,4.053e-07,5.877e-07,4.864e-07,3.648e-07
0.0007291,0.0007536,0.0006414,0.0006306,0.0005237,0.0004596,0.000388,0.0003405,0.0002807,0.0002497,0.0002164,0.0001802,0.0001499,0.0001157,9.042e-05,6.569e-05,4.988e-05,3.776e-05,2.712e-05,1.891e-05,1.392e-05,9.526e-06,6.293e-06,4.469e-06,2.766e-06,2.006e-06,1.54e-06,1.175e-06,1.145e-06,8.816e-07,1.145e-06,1.175e-06,1.257e-06,1.044e-06,1.155e-06,1.023e-06,1.135e-06,1.003e-06,9.019e-07,9.019e-07,9.83e-07,9.526e-07,1.023e-06,6.789e-07,7.195e-07,6.283e-07,6.283e-07,4.864e-07,4.155e-07
0.0007315,0.0007537,0.0006369,0.0006307,0.000527,0.0004581,0.0003885,0.0003393,0.0002837,0.0002441,0.0002144,0.0001812,0.0001471,0.0001166,8.956e-05,6.612e-05,5.016e-05,3.841e-05,2.752e-05,1.982e-05,1.44e-05,9.272e-06,6.354e-06,3.962e-06,2.726e-06,2.148e-06,1.449e-06,1.155e-06,1.034e-06,1.115e-06,9.323e-07,1.013e-06,1.064e-06,1.023e-06,1.277e-06,1.105e-06,9.424e-07,1.034e-06,9.222e-07,1.003e-06,6.688e-07,9.019e-07,7.499e-07,7.904e-07,6.08e-07,6.384e-07,3.851e-07,4.053e-07,4.053e-07
0.0007234,0.0007509,0.0006342,0.0006246,0.0005253,0.0004578,0.0003868,0.0003358,0.000282,0.0002467,0.0002122,0.0001769,0.0001466,0.0001143,8.764e-05,6.612e-05,4.9e-05,3.687e-05,2.655e-05,1.932e-05,1.277e-05,9.09e-06,6.394e-06,3.81e-06,2.706e-06,1.702e-06,1.459e-06,1.054e-06,1.094e-06,1.115e-06,8.715e-07,9.222e-07,1.003e-06,8.208e-07,9.931e-07,9.323e-07,1.165e-06,1.105e-06,1.074e-06,9.222e-07,7.6e-07,8.816e-07,6.08e-07,7.195e-07,7.904e-07,4.56e-07,5.168e-07,5.067e-07,3.547e-07
0.000733,0.000759,0.0006364,0.0006302,0.0005283,0.000455,0.0003899,0.0003434,0.000284,0.0002485,0.0002196,0.0001831,0.0001507,0.0001163,8.941e-05,6.949e-05,5.085e-05,3.789e-05,2.744e-05,1.968e-05,1.415e-05,9.566e-06,6.374e-06,4.307e-06,2.706e-06,1.875e-06,1.398e-06,1.125e-06,1.175e-06,9.627e-07,9.526e-07,9.83e-07,1.064e-06,9.526e-07,1.034e-06,1.074e-06,1.054e-06,1.054e-06,1.054e-06,8.614e-07,1.135e-06,8.614e-07,7.195e-07,8.107e-07,6.08e-07,4.965e-07,6.181e-07,4.459e-07,3.648e-07
0.0007259,0.0007548,0.0006366,0.000627,0.0005259,0.0004535,0.0003862,0.0003388,0.00028,0.0002467,0.0002166,0.0001804,0.0001463,0.0001142,8.859e-05,6.832e-05,4.851e-05,3.659e-05,2.684e-05,1.951e-05,1.356e-05,8.867e-06,6.617e-06,4.601e-06,2.817e-06,1.844e-06,1.5e-06,1.135e-06,9.424e-07,9.83e-07,1.044e-06,1.013e-06,9.526e-07,9.222e-07,1.013e-06,8.816e-07,9.526e-07,8.715e-07,9.83e-07,1.003e-06,9.424e-07,7.499e-07,8.512e-07,6.789e-07,5.877e-07,7.701e-07,5.067e-07,4.155e-07,2.736e-07
0.0007191,0.0007537,0.0006327,0.000628,0.0005197,0.0004491,0.0003852,0.0003367,0.0002794,0.0002432,0.0002148,0.0001794,0.0001462,0.0001145,8.745e-05,6.6e-05,4.845e-05,3.633e-05,2.611e-05,1.883e-05,1.387e-05,8.826e-06,6.019e-06,3.982e-06,2.929e-06,1.631e-06,1.429e-06,1.196e-06,9.12e-07,1.186e-06,1.054e-06,8.715e-07,9.627e-07,1.064e-06,1.023e-06,7.803e-07,9.931e-07,9.728e-07,9.424e-07,1.135e-06,8.614e-07,7.6e-07,7.296e-07,7.499e-07,5.979e-07,5.472e-07,4.763e-07,2.736e-07,2.229e-07
0.0007273,0.000756,0.0006387,0.0006326,0.0005233,0.0004534,0.0003894,0.0003418,0.0002811,0.0002491,0.0002168,0.0001824,0.0001466,0.0001152,8.815e-05,6.765e-05,4.815e-05,3.694e-05,2.718e-05,1.966e-05,1.372e-05,9.434e-06,6.07e-06,4.398e-06,2.554e-06,2.108e-06,1.55e-06,1.165e-06,1.338e-06,1.196e-06,1.034e-06,7.803e-07,9.931e-07,1.054e-06,1.003e-06,1.246e-06,1.054e-06,9.323e-07,1.105e-06,9.526e-07,1.044e-06,7.093e-07,8.005e-07,6.992e-07,6.08e-07,5.472e-07,5.371e-07,3.547e-07,3.851e-07
0.0007143,0.0007444,0.0006294,0.0006258,0.0005278,0.0004539,0.0003842,0.0003332,0.0002826,0.0002461,0.0002143,0.0001793,0.0001446,0.0001133,8.847e-05,6.608e-05,4.837e-05,3.678e-05,2.621e-05,1.981e-05,1.3e-05,8.988e-06,5.847e-06,3.932e-06,2.787e-06,1.723e-06,1.358e-06,1.226e-06,1.013e-06,1.155e-06,1.023e-06,8.614e-07,1.196e-06,8.31e-07,8.614e-07,8.918e-07,9.83e-07,9.12e-07,9.12e-07,9.931e-07,8.918e-07,7.803e-07,6.688e-07,6.587e-07,5.472e-07,4.965e-07,6.384e-07,3.547e-07,3.344e-07
0.0007334,0.0007592,0.000635,0.0006279,0.0005274,0.0004566,0.0003885,0.0003379,0.0002826,0.0002462,0.0002175,0.0001838,0.000148,0.0001154,9.063e-05,6.784e-05,4.914e-05,3.766e-05,2.701e-05,1.975e-05,1.418e-05,9.414e-06,6.475e-06,4.236e-06,2.766e-06,1.713e-06,1.246e-06,1.236e-06,1.165e-06,8.614e-07,1.084e-06,1.013e-06,9.931e-07,1.044e-06,1.054e-06,9.526e-07,9.019e-07,9.424e-07,1.165e-06,8.107e-07,9.019e-07,7.296e-07,9.019e-07,7.397e-07,7.397e-07,5.979e-07,4.763e-07,3.141e-07,3.648e-07
0.0007357,0.0007603,0.0006424,0.0006362,0.0005276,0.0004575,0.0003891,0.0003395,0.0002818,0.0002502,0.0002204,0.0001826,0.0001501,0.0001192,9.104e-05,6.841e-05,5.079e-05,3.717e-05,2.832e-05,1.94e-05,1.406e-05,9.171e-06,6.455e-06,4.337e-06,2.868e-06,1.885e-06,1.469e-06,1.348e-06,1.206e-06,1.094e-06,1.054e-06,1.054e-06,9.931e-07,1.023e-06,8.918e-07,1.317e-06,9.424e-07,1.216e-06,1.155e-06,1.034e-06,9.627e-07,8.411e-07,9.323e-07,8.107e-07,7.093e-07,6.688e-07,5.573e-07,4.256e-07,2.837e-07
0.0007083,0.0007409,0.0006307,0.0006235,0.000522,0.0004555,0.0003852,0.0003351,0.0002771,0.0002409,0.0002117,0.000179,0.0001428,0.0001106,8.533e-05,6.442e-05,4.763e-05,3.624e-05,2.63e-05,1.833e-05,1.29e-05,8.857e-06,6.181e-06,3.567e-06,2.503e-06,1.834e-06,1.246e-06,1.054e-06,9.323e-07,1.074e-06,7.904e-07,1.105e-06,8.411e-07,1.084e-06,1.023e-06,1.023e-06,8.208e-07,1.034e-06,9.424e-07,1.074e-06,1.054e-06,8.411e-07,9.424e-07,7.397e-07,7.296e-07,5.877e-07,4.256e-07,3.344e-07,4.155e-07
0.0007305,0.0007573,0.0006352,0.000627,0.0005264,0.0004559,0.0003869,0.0003393,0.0002813,0.0002472,0.0002196,0.0001828,0.0001467,0.0001174,9.045e-05,6.761e-05,4.968e-05,3.721e-05,2.705e-05,1.881e-05,1.413e-05,9.282e-06,6.283e-06,3.942e-06,2.625e-06,2.017e-06,1.53e-06,1.287e-06,9.83e-07,9.728e-07,1.044e-06,1.105e-06,9.526e-07,9.222e-07,1.003e-06,9.526e-07,1.125e-06,9.526e-07,1.135e-06,7.6e-07,8.512e-07,9.728e-07,7.296e-07,6.688e-07,6.891e-07,6.08e-07,5.573e-07,4.357e-07,5.067e-07
0.0007354,0.0007584,0.0006418,0.0006249,0.0005274,0.0004576,0.0003907,0.0003368,0.0002856,0.000249,0.0002176,0.0001832,0.0001497,0.0001172,8.856e-05,6.967e-05,4.858e-05,3.689e-05,2.746e-05,1.938e-05,1.406e-05,8.867e-06,6.82e-06,4.084e-06,2.888e-06,1.925e-06,1.53e-06,1.216e-06,1.054e-06,1.064e-06,8.715e-07,1.023e-06,1.186e-06,9.424e-07,1.115e-06,9.627e-07,9.728e-07,1.257e-06,8.715e-07,7.904e-07,1.003e-06,7.6e-07,7.6e-07,7.803e-07,6.891e-07,5.877e-07,3.952e-07,3.749e-07,3.952e-07
0.0007283,0.0007573,0.0006341,0.0006221,0.0005266,0.0004502,0.0003879,0.0003389,0.0002809,0.0002472,0.0002137,0.0001792,0.000148,0.0001163,8.885e-05,6.649e-05,4.883e-05,3.697e-05,2.64e-05,1.915e-05,1.371e-05,9.83e-06,6.07e-06,4.013e-06,3.03e-06,1.692e-06,1.439e-06,1.206e-06,1.216e-06,8.816e-07,1.186e-06,1.044e-06,1.003e-06,9.931e-07,9.323e-07,9.931e-07,1.013e-06,1.115e-06,9.323e-07,9.12e-07,8.411e-07,8.107e-07,7.6e-07,6.384e-07,6.384e-07,5.472e-07,4.965e-07,4.357e-07,3.547e-07
0.0007198,0.0007504,0.0006386,0.0006261,0.0005221,0.0004546,0.0003856,0.0003382,0.0002795,0.0002443,0.0002136,0.000179,0.0001464,0.0001135,8.872e-05,6.629e-05,4.968e-05,3.646e-05,2.628e-05,1.88e-05,1.263e-05,9.161e-06,6.202e-06,4.155e-06,2.979e-06,1.713e-06,1.419e-06,1.044e-06,1.074e-06,1.084e-06,1.074e-06,1.145e-06,1.034e-06,9.728e-07,8.005e-07,9.931e-07,9.931e-07,9.019e-07,1.003e-06,8.005e-07,8.005e-07,8.816e-07,6.688e-07,6.384e-07,6.891e-07,6.08e-07,4.763e-07,4.965e-07,3.04e-07
0.0007253,0.0007515,0.0006319,0.0006272,0.0005265,0.0004559,0.0003881,0.0003387,0.0002789,0.000246,0.0002147,0.0001763,0.0001461,0.0001155,8.658e-05,6.797e-05,4.879e-05,3.643e-05,2.641e-05,1.931e-05,1.368e-05,9.323e-06,6.161e-06,3.79e-06,2.635e-06,1.976e-06,1.307e-06,1.165e-06,1.105e-06,1.145e-06,1.023e-06,9.323e-07,1.084e-06,1.135e-06,1.074e-06,9.83e-07,9.627e-07,1.186e-06,1.094e-06,9.931e-07,8.614e-07,9.728e-07,7.397e-07,7.701e-07,6.485e-07,5.675e-07,4.56e-07,2.939e-07,3.851e-07
0.0007279,0.0007573,0.0006376,0.0006257,0.0005244,0.0004529,0.0003885,0.0003378,0.0002819,0.0002487,0.0002178,0.0001815,0.0001454,0.0001163,8.774e-05,6.756e-05,4.939e-05,3.655e-05,2.664e-05,1.873e-05,1.334e-05,8.999e-06,5.644e-06,4.256e-06,2.635e-06,1.814e-06,1.388e-06,1.206e-06,9.424e-07,1.105e-06,9.526e-07,9.627e-07,8.512e-07,1.034e-06,1.074e-06,8.31e-07,9.627e-07,9.627e-07,9.424e-07,9.627e-07,8.715e-07,9.12e-07,1.044e-06,5.776e-07,7.701e-07,6.485e-07,5.067e-07,3.141e-07,2.027e-07
0.0007225,0.0007538,0.0006389,0.0006228,0.0005242,0.0004522,0.0003855,0.0003357,0.0002811,0.0002445,0.0002127,0.0001766,0.0001456,0.0001127,8.772e-05,6.582e-05,4.917e-05,3.629e-05,2.627e-05,1.892e-05,1.332e-05,9.08e-06,6.151e-06,3.982e-06,2.493e-06,1.824e-06,1.196e-06,1.044e-06,1.105e-06,9.83e-07,1.186e-06,1.084e-06,9.222e-07,9.019e-07,7.701e-07,9.728e-07,1.064e-06,9.728e-07,1.003e-06,8.411e-07,1.003e-06,8.918e-07,7.093e-07,7.195e-07,6.688e-07,6.992e-07,5.269e-07,5.067e-07,4.155e-07
0.0007248,0.0007612,0.00064,0.0006292,0.0005247,0.0004546,0.0003908,0.0003402,0.0002824,0.0002485,0.0002174,0.0001812,0.0001508,0.0001166,9.118e-05,6.887e-05,4.986e-05,3.72e-05,2.695e-05,1.983e-05,1.342e-05,9.282e-06,6.06e-06,4.368e-06,2.614e-06,2.199e-06,1.327e-06,1.165e-06,1.023e-06,8.918e-07,1.216e-06,1.023e-06,1.034e-06,8.31e-07,1.064e-06,1.034e-06,1.023e-06,1.013e-06,1.054e-06,9.424e-07,9.728e-07,9.019e-07,7.803e-07,8.614e-07,5.877e-07,5.979e-07,4.763e-07,4.56e-07,3.344e-07
0.0007299,0.0007603,0.0006386,0.0006313,0.0005244,0.0004534,0.0003879,0.0003364,0.0002856,0.0002478,0.0002175,0.0001838,0.0001484,0.0001182,9.235e-05,6.93e-05,5.009e-05,3.777e-05,2.783e-05,2e-05,1.418e-05,9.738e-06,6.415e-06,4.408e-06,2.797e-06,1.743e-06,1.449e-06,1.236e-06,1.094e-06,9.931e-07,9.526e-07,1.003e-06,1.074e-06,9.019e-07,1.013e-06,1.155e-06,9.728e-07,7.296e-07,1.165e-06,8.715e-07,8.816e-07,8.208e-07,7.093e-07,7.701e-07,6.587e-07,5.776e-07,5.573e-07,4.459e-07,2.837e-07
0.0007341,0.0007604,0.0006401,0.0006285,0.0005268,0.0004541,0.0003876,0.0003385,0.0002829,0.0002482,0.0002159,0.0001808,0.0001493,0.0001148,8.948e-05,6.775e-05,5.071e-05,3.728e-05,2.703e-05,2.027e-05,1.378e-05,9.728e-06,6.556e-06,4.074e-06,2.908e-06,1.631e-06,1.368e-06,1.226e-06,1.074e-06,1.064e-06,8.715e-07,9.728e-07,9.019e-07,1.044e-06,9.627e-07,9.424e-07,1.135e-06,8.816e-07,1.064e-06,8.715e-07,8.005e-07,7.904e-07,8.715e-07,7.397e-07,5.979e-07,6.384e-07,5.168e-07,3.04e-07,4.56e-07
0.0007277,0.0007533,0.0006361,0.0006276,0.0005247,0.0004529,0.0003882,0.0003379,0.0002748,0.0002479,0.0002153,0.0001806,0.0001491,0.0001167,8.745e-05,6.678e-05,4.998e-05,3.612e-05,2.646e-05,1.909e-05,1.365e-05,9.374e-06,6.323e-06,4.286e-06,2.604e-06,1.946e-06,1.419e-06,1.175e-06,9.627e-07,9.627e-07,9.83e-07,9.931e-07,1.297e-06,1.034e-06,1.034e-06,1.023e-06,9.728e-07,9.83e-07,1.054e-06,8.208e-07,8.31e-07,9.83e-07,6.992e-07,6.384e-07,6.789e-07,4.56e-07,5.472e-07,3.344e-07,3.648e-07
0.0007212,0.0007504,0.0006321,0.0006272,0.0005249,0.0004533,0.0003863,0.000334,0.0002788,0.0002464,0.0002113,0.0001785,0.0001459,0.000114,8.837e-05,6.525e-05,4.896e-05,3.613e-05,2.663e-05,1.872e-05,1.341e-05,9.404e-06,6.019e-06,4.165e-06,2.442e-06,1.814e-06,1.55e-06,1.257e-06,1.196e-06,1.186e-06,1.145e-06,9.222e-07,8.512e-07,9.83e-07,9.83e-07,1.196e-06,7.904e-07,8.005e-07,8.208e-07,9.424e-07,9.019e-07,7.803e-07,8.918e-07,7.6e-07,6.688e-07,6.181e-07,5.776e-07,5.168e-07,3.851e-07
0.0007152,0.0007474,0.000632,0.0006227,0.0005218,0.0004572,0.0003876,0.0003386,0.0002813,0.0002458,0.00021,0.0001767,0.000145,0.0001127,8.723e-05,6.579e-05,4.676e-05,3.589e-05,2.645e-05,1.902e-05,1.348e-05,9.222e-06,6.09e-06,3.901e-06,2.462e-06,1.692e-06,1.49e-06,1.358e-06,9.222e-07,9.323e-07,8.005e-07,1.013e-06,8.411e-07,1.054e-06,1.135e-06,1.054e-06,1.074e-06,9.526e-07,1.003e-06,8.411e-07,1.003e-06,9.627e-07,6.587e-07,6.587e-07,6.485e-07,5.979e-07,3.648e-07,4.763e-07,3.141e-07
0.0007296,0.0007585,0.0006365,0.0006262,0.0005278,0.0004518,0.0003842,0.000339,0.0002829,0.0002461,0.0002157,0.0001807,0.0001475,0.0001168,8.998e-05,6.822e-05,5.053e-05,3.677e-05,2.787e-05,1.944e-05,1.38e-05,9.536e-06,6.05e-06,4.175e-06,2.533e-06,2.098e-06,1.55e-06,1.317e-06,1.003e-06,1.094e-06,1.155e-06,1.115e-06,1.186e-06,1.125e-06,8.816e-07,1.186e-06,9.12e-07,9.019e-07,1.246e-06,8.107e-07,7.803e-07,8.411e-07,8.411e-07,7.093e-07,7.093e-07,6.688e-07,6.789e-07,5.067e-07,3.952e-07
0.0007295,0.0007546,0.0006329,0.0006304,0.0005238,0.0004584,0.0003855,0.0003358,0.0002818,0.0002426,0.0002136,0.0001789,0.0001463,0.0001166,8.823e-05,6.904e-05,4.885e-05,3.723e-05,2.623e-05,1.966e-05,1.43e-05,9.748e-06,6.05e-06,4.094e-06,2.746e-06,1.956e-06,1.53e-06,9.931e-07,1.206e-06,1.165e-06,1.044e-06,9.526e-07,1.034e-06,8.715e-07,9.931e-07,9.728e-07,1.145e-06,9.323e-07,1.074e-06,8.614e-07,9.424e-07,9.424e-07,9.728e-07,5.877e-07,6.789e-07,5.877e-07,4.763e-07,4.155e-07,3.952e-07
0.0007328,0.0007641,0.0006371,0.0006358,0.0005258,0.0004576,0.0003871,0.000339,0.0002799,0.0002484,0.0002151,0.0001829,0.0001492,0.0001147,9.032e-05,6.9e-05,4.907e-05,3.684e-05,2.713e-05,1.938e-05,1.356e-05,9.262e-06,5.918e-06,4.226e-06,2.949e-06,1.996e-06,1.429e-06,1.307e-06,1.196e-06,1.115e-06,1.044e-06,8.411e-07,1.064e-06,1.034e-06,1.094e-06,8.918e-07,1.327e-06,9.931e-07,9.323e-07,1.013e-06,1.044e-06,7.296e-07,8.614e-07,6.789e-07,6.485e-07,4.357e-07,5.573e-07,4.661e-07,4.357e-07
0.0007263,0.000758,0.0006334,0.0006209,0.0005245,0.000457,0.0003892,0.0003412,0.000284,0.0002469,0.0002146,0.0001808,0.0001466,0.0001156,8.898e-05,6.503e-05,4.858e-05,3.737e-05,2.66e-05,1.934e-05,1.397e-05,8.745e-06,6.121e-06,3.982e-06,2.554e-06,1.996e-06,1.419e-06,1.054e-06,1.368e-06,1.044e-06,1.206e-06,8.512e-07,9.222e-07,1.054e-06,1.105e-06,1.003e-06,8.208e-07,1.013e-06,1.044e-06,9.83e-07,9.931e-07,8.005e-07,8.918e-07,9.222e-07,6.384e-07,5.371e-07,4.357e-07,4.256e-07,3.851e-07
0.0007325,0.0007569,0.0006376,0.000628,0.0005263,0.0004545,0.0003874,0.0003381,0.0002824,0.0002468,0.0002141,0.0001809,0.0001476,0.0001153,9.073e-05,6.74e-05,4.872e-05,3.607e-05,2.718e-05,1.867e-05,1.398e-05,8.918e-06,6.496e-06,3.76e-06,2.868e-06,1.824e-06,1.449e-06,1.074e-06,1.105e-06,1.013e-06,1.125e-06,9.931e-07,9.728e-07,1.013e-06,1.013e-06,1.145e-06,8.816e-07,8.614e-07,1.236e-06,8.512e-07,7.701e-07,8.614e-07,5.675e-07,7.093e-07,6.891e-07,6.384e-07,4.56e-07,5.067e-07,2.837e-07
0.0007186,0.0007495,0.0006327,0.0006231,0.0005215,0.0004532,0.0003841,0.0003352,0.0002772,0.0002439,0.0002125,0.0001775,0.0001469,0.0001158,8.903e-05,6.641e-05,4.844e-05,3.676e-05,2.628e-05,1.827e-05,1.326e-05,9.343e-06,6.475e-06,4.368e-06,2.787e-06,1.784e-06,1.51e-06,1.054e-06,1.013e-06,1.023e-06,9.12e-07,9.526e-07,1.054e-06,1.145e-06,8.715e-07,1.175e-06,1.023e-06,8.816e-07,9.627e-07,9.12e-07,8.107e-07,9.12e-07,7.6e-07,7.296e-07,5.067e-07,7.093e-07,4.864e-07,3.445e-07,3.547e-07
0.0007381,0.0007601,0.0006401,0.0006332,0.0005258,0.0004541,0.0003882,0.0003415,0.0002836,0.0002492,0.0002213,0.0001846,0.0001533,0.0001185,9.043e-05,6.875e-05,5.116e-05,3.779e-05,2.707e-05,2.001e-05,1.386e-05,9.637e-06,6.526e-06,4.246e-06,2.939e-06,1.753e-06,1.571e-06,1.297e-06,1.094e-06,9.627e-07,1.206e-06,1.094e-06,1.094e-06,1.023e-06,1.084e-06,1.196e-06,1.246e-06,9.526e-07,1.084e-06,8.918e-07,8.614e-07,8.918e-07,8.107e-07,7.296e-07,6.181e-07,4.661e-07,4.357e-07,4.56e-07,3.04e-07
0.0007343,0.000759,0.0006383,0.0006316,0.0005261,0.0004535,0.0003889,0.0003376,0.0002849,0.0002461,0.0002167,0.0001815,0.0001483,0.0001176,9.025e-05,6.685e-05,5.124e-05,3.722e-05,2.676e-05,1.984e-05,1.323e-05,9.526e-06,6.293e-06,3.912e-06,2.858e-06,2.25e-06,1.53e-06,1.307e-06,1.003e-06,9.627e-07,1.023e-06,1.094e-06,1.003e-06,1.064e-06,9.12e-07,9.83e-07,1.105e-06,9.627e-07,1.044e-06,9.424e-07,8.512e-07,8.816e-07,7.195e-07,8.411e-07,7.093e-07,4.357e-07,4.155e-07,3.141e-07,4.864e-07
0.0007378,0.0007627,0.0006423,0.0006324,0.0005257,0.0004569,0.000391,0.0003391,0.0002824,0.0002505,0.0002182,0.000184,0.0001509,0.0001185,9.174e-05,6.841e-05,4.973e-05,3.764e-05,2.755e-05,1.922e-05,1.399e-05,9.191e-06,6.354e-06,4.064e-06,2.848e-06,1.723e-06,1.51e-06,1.186e-06,1.338e-06,9.728e-07,1.135e-06,1.084e-06,1.094e-06,9.019e-07,1.115e-06,1.206e-06,1.135e-06,1.135e-06,1.013e-06,9.728e-07,9.323e-07,8.715e-07,9.323e-07,7.195e-07,7.397e-07,4.965e-07,5.371e-07,3.344e-07,4.053e-07
0.0007339,0.0007513,0.0006407,0.0006356,0.0005319,0.0004585,0.0003914,0.0003374,0.0002844,0.0002469,0.0002164,0.0001816,0.00015,0.0001174,8.869e-05,6.819e-05,5.084e-05,3.8e-05,2.744e-05,1.899e-05,1.341e-05,9.718e-06,6.374e-06,3.962e-06,3.081e-06,2.24e-06,1.611e-06,1.216e-06,1.013e-06,9.728e-07,1.034e-06,9.222e-07,1.074e-06,1.084e-06,9.526e-07,9.627e-07,1.155e-06,9.526e-07,1.034e-06,1.094e-06,9.526e-07,8.918e-07,7.093e-07,7.499e-07,4.357e-07,4.661e-07,5.573e-07,3.344e-07,3.952e-07
0.0007271,0.0007531,0.0006332,0.0006309,0.0005269,0.0004591,0.000388,0.0003371,0.0002801,0.0002478,0.0002159,0.0001815,0.0001479,0.0001146,8.962e-05,6.654e-05,5.01e-05,3.651e-05,2.693e-05,1.949e-05,1.32e-05,9.384e-06,6.333e-06,4.449e-06,2.564e-06,1.865e-06,1.601e-06,1.257e-06,8.411e-07,9.728e-07,1.003e-06,1.034e-06,1.064e-06,8.918e-07,9.728e-07,1.023e-06,1.094e-06,1.115e-06,9.931e-07,8.208e-07,8.816e-07,8.208e-07,9.019e-07,7.701e-07,6.587e-07,5.371e-07,3.445e-07,2.837e-07,3.243e-07
0.0007362,0.0007608,0.0006472,0.0006309,0.0005274,0.0004562,0.0003955,0.0003402,0.0002843,0.0002504,0.0002189,0.0001844,0.0001497,0.0001178,9.02e-05,6.809e-05,4.913e-05,3.749e-05,2.749e-05,1.988e-05,1.388e-05,9.779e-06,6.1e-06,4.226e-06,2.726e-06,1.925e-06,1.368e-06,1.155e-06,1.297e-06,1.105e-06,9.424e-07,1.023e-06,1.115e-06,9.931e-07,1.216e-06,1.196e-06,1.003e-06,8.816e-07,8.715e-07,9.424e-07,7.6e-07,8.208e-07,8.208e-07,6.891e-07,6.688e-07,5.168e-07,5.067e-07,3.547e-07,4.256e-07
0.0007343,0.0007533,0.0006412,0.0006331,0.0005264,0.0004589,0.0003873,0.0003417,0.0002801,0.0002507,0.0002197,0.0001827,0.0001476,0.0001172,9.11e-05,6.929e-05,5.003e-05,3.769e-05,2.679e-05,1.982e-05,1.372e-05,9.444e-06,6.455e-06,4.246e-06,2.787e-06,2.118e-06,1.429e-06,1.125e-06,1.277e-06,1.054e-06,1.013e-06,9.526e-07,1.013e-06,1.125e-06,1.034e-06,1.267e-06,1.196e-06,1.105e-06,9.12e-07,8.816e-07,8.31e-07,7.904e-07,8.614e-07,6.283e-07,7.6e-07,5.675e-07,5.269e-07,4.56e-07,3.445e-07
0.0007203,0.0007535,0.0006333,0.0006262,0.0005227,0.0004505,0.0003841,0.0003345,0.0002774,0.0002424,0.000214,0.000179,0.0001443,0.0001139,8.872e-05,6.577e-05,4.828e-05,3.679e-05,2.564e-05,1.923e-05,1.313e-05,8.867e-06,5.928e-06,3.749e-06,2.513e-06,1.713e-06,1.409e-06,1.064e-06,1.094e-06,9.222e-07,9.83e-07,9.627e-07,1.054e-06,9.83e-07,7.6e-07,1.034e-06,1.054e-06,1.135e-06,8.918e-07,9.424e-07,7.397e-07,9.222e-07,9.222e-07,6.384e-07,5.573e-07,5.776e-07,5.168e-07,3.648e-07,3.952e-07
0.0007371,0.0007569,0.0006361,0.0006274,0.0005276,0.0004586,0.0003866,0.000339,0.0002823,0.0002468,0.0002179,0.0001802,0.0001495,0.0001151,8.994e-05,6.926e-05,5.107e-05,3.724e-05,2.712e-05,1.819e-05,1.366e-05,8.715e-06,5.989e-06,4.145e-06,2.756e-06,1.773e-06,1.348e-06,1.216e-06,9.931e-07,1.175e-06,7.803e-07,8.208e-07,1.094e-06,1.135e-06,1.023e-06,1.094e-06,9.019e-07,1.115e-06,1.145e-06,8.715e-07,8.208e-07,7.296e-07,7.296e-07,6.587e-07,6.181e-07,6.789e-07,4.459e-07,3.952e-07,3.04e-07
0.0007268,0.0007552,0.0006372,0.0006276,0.0005234,0.0004535,0.0003872,0.0003353,0.0002807,0.0002437,0.0002171,0.0001804,0.0001485,0.0001138,8.932e-05,6.768e-05,4.99e-05,3.824e-05,2.718e-05,1.953e-05,1.428e-05,9.89e-06,6.779e-06,4.084e-06,2.473e-06,1.672e-06,1.5e-06,1.206e-06,1.064e-06,1.084e-06,1.216e-06,1.084e-06,9.526e-07,1.003e-06,1.186e-06,1.013e-06,9.728e-07,9.526e-07,1.003e-06,9.526e-07,9.019e-07,1.003e-06,6.891e-07,8.31e-07,6.283e-07,5.979e-07,5.472e-07,3.04e-07,4.053e-07
0.0007356,0.0007616,0.0006415,0.0006274,0.0005272,0.0004555,0.0003882,0.000339,0.0002826,0.0002496,0.0002151,0.0001827,0.0001488,0.0001151,9.015e-05,6.76e-05,4.936e-05,3.82e-05,2.778e-05,2.03e-05,1.358e-05,9.546e-06,6.06e-06,4.124e-06,2.827e-06,2.199e-06,1.469e-06,1.368e-06,1.064e-06,9.931e-07,1.206e-06,1.115e-06,9.019e-07,1.125e-06,9.019e-07,9.627e-07,1.064e-06,1.013e-06,1.236e-06,9.222e-07,1.175e-06,9.323e-07,7.093e-07,8.512e-07,6.384e-07,7.397e-07,4.56e-07,4.864e-07,4.459e-07
0,0,0,0,0,0,0,0,0,0,0,0,0,0,0,0,0,0,0,0,0,0,0,0,0,0,0,0,0,0,0,0,0,0,0,0,0,0,0,0,0,0,0,0,0,0,0,0,0
