  z   OmegaM  h
0.1347 0.3071 0.678
Mass_Bins    dn/dlnM ... 
Here follow 4 mass functions, one for each quartile of the parameter Xoff
1st quartile
bin0,bin1,bin2,bin3,bin4,bin5,bin6,bin7,bin8,bin9,bin10,bin11,bin12,bin13,bin14,bin15,bin16,bin17,bin18,bin19,bin20,bin21,bin22,bin23,bin24,bin25,bin26,bin27,bin28,bin29,bin30,bin31,bin32,bin33,bin34,bin35,bin36,bin37,bin38,bin39,bin40,bin41,bin42,bin43,bin44,bin45,bin46,bin47,bin48
1.326e+12,1.464e+12,1.613e+12,1.778e+12,1.964e+12,2.167e+12,2.39e+12,2.641e+12,2.917e+12,3.222e+12,3.557e+12,3.922e+12,4.327e+12,4.773e+12,5.266e+12,5.814e+12,6.414e+12,7.08e+12,7.815e+12,8.623e+12,9.525e+12,1.051e+13,1.159e+13,1.28e+13,1.413e+13,1.559e+13,1.721e+13,1.899e+13,2.096e+13,2.312e+13,2.554e+13,2.817e+13,3.109e+13,3.432e+13,3.789e+13,4.179e+13,4.614e+13,5.093e+13,5.618e+13,6.2e+13,6.847e+13,7.555e+13,8.333e+13,9.199e+13,1.016e+14,1.121e+14,1.236e+14,1.366e+14,1.507e+14
0.0001009,0.0001194,0.0001204,0.0001409,0.0001467,0.0001594,0.0001722,0.0001872,0.0001933,0.0002107,0.0002307,0.0002443,0.0002514,0.000252,0.000251,0.0002461,0.0002425,0.0002402,0.0002326,0.0002282,0.0002265,0.0002164,0.0002132,0.0002074,0.0001982,0.0001932,0.0001834,0.0001739,0.0001669,0.0001568,0.0001449,0.0001354,0.0001251,0.0001129,0.0001049,9.225e-05,8.164e-05,7.337e-05,6.375e-05,5.747e-05,4.947e-05,4.428e-05,3.935e-05,3.323e-05,2.863e-05,2.498e-05,2.192e-05,1.891e-05,1.593e-05
0.0001075,0.0001266,0.0001245,0.0001507,0.0001547,0.0001651,0.0001782,0.0001955,0.0001974,0.0002144,0.0002379,0.0002447,0.0002547,0.0002519,0.0002533,0.0002482,0.0002417,0.0002413,0.0002337,0.000227,0.0002247,0.0002152,0.0002087,0.0002029,0.0002001,0.0001902,0.0001822,0.0001763,0.000164,0.0001566,0.0001455,0.0001363,0.0001255,0.0001164,0.0001014,9.059e-05,8.182e-05,7.45e-05,6.469e-05,5.506e-05,5.133e-05,4.286e-05,3.749e-05,3.289e-05,2.779e-05,2.545e-05,2.124e-05,1.838e-05,1.503e-05
0.0001053,0.0001279,0.0001259,0.0001516,0.0001552,0.000167,0.0001766,0.0001932,0.0001984,0.0002151,0.0002393,0.0002505,0.000256,0.0002544,0.0002498,0.0002468,0.0002433,0.0002397,0.0002346,0.0002295,0.0002265,0.0002186,0.0002127,0.0002055,0.0001999,0.0001904,0.0001815,0.000174,0.0001671,0.0001595,0.0001466,0.000137,0.0001251,0.0001149,0.0001019,9.241e-05,8.276e-05,7.268e-05,6.465e-05,5.736e-05,4.974e-05,4.313e-05,3.838e-05,3.392e-05,2.982e-05,2.489e-05,2.203e-05,1.847e-05,1.505e-05
0.0001039,0.0001223,0.0001231,0.0001471,0.0001531,0.0001656,0.0001753,0.0001905,0.0001966,0.0002113,0.0002336,0.0002494,0.0002515,0.0002518,0.0002483,0.0002459,0.0002414,0.0002411,0.0002339,0.0002288,0.0002264,0.000217,0.0002098,0.0002061,0.0002002,0.0001906,0.0001833,0.0001779,0.0001646,0.0001587,0.0001477,0.0001376,0.0001237,0.0001138,0.0001008,9.514e-05,8.327e-05,7.258e-05,6.4e-05,5.708e-05,5.045e-05,4.533e-05,3.758e-05,3.231e-05,2.918e-05,2.515e-05,2.158e-05,1.841e-05,1.544e-05
0.0001026,0.0001233,0.0001205,0.0001453,0.0001506,0.0001623,0.0001755,0.0001882,0.0001938,0.0002139,0.0002314,0.0002451,0.0002487,0.0002533,0.0002526,0.0002504,0.0002443,0.0002405,0.0002311,0.0002303,0.0002242,0.0002169,0.0002126,0.0002069,0.0002009,0.0001921,0.000182,0.0001738,0.0001655,0.0001572,0.0001484,0.0001368,0.0001264,0.0001161,0.0001034,9.266e-05,8.214e-05,7.303e-05,6.408e-05,5.685e-05,5.066e-05,4.38e-05,3.741e-05,3.319e-05,2.87e-05,2.49e-05,2.139e-05,1.773e-05,1.537e-05
9.809e-05,0.0001163,0.0001149,0.0001402,0.0001441,0.0001557,0.000168,0.0001851,0.0001922,0.0002112,0.0002287,0.0002408,0.0002485,0.0002488,0.0002504,0.0002472,0.0002421,0.000242,0.0002309,0.0002279,0.0002264,0.0002178,0.0002102,0.0002056,0.0001984,0.0001942,0.0001819,0.0001755,0.000167,0.0001594,0.0001472,0.0001359,0.0001267,0.0001137,0.0001027,9.325e-05,8.232e-05,7.341e-05,6.35e-05,5.666e-05,5.009e-05,4.327e-05,3.772e-05,3.372e-05,2.86e-05,2.543e-05,2.168e-05,1.827e-05,1.53e-05
0.0001043,0.0001243,0.0001229,0.0001471,0.0001536,0.0001665,0.0001766,0.0001907,0.0001992,0.0002148,0.0002343,0.0002492,0.0002533,0.0002541,0.000255,0.0002469,0.0002428,0.0002424,0.0002325,0.0002299,0.0002239,0.0002166,0.0002114,0.0002059,0.0001993,0.0001915,0.0001846,0.0001776,0.0001658,0.0001551,0.0001454,0.0001367,0.0001266,0.0001136,0.0001017,9.26e-05,8.279e-05,7.221e-05,6.409e-05,5.63e-05,5.042e-05,4.488e-05,3.745e-05,3.321e-05,2.856e-05,2.557e-05,2.145e-05,1.849e-05,1.574e-05
9.862e-05,0.0001198,0.0001184,0.0001436,0.0001475,0.0001583,0.0001716,0.0001877,0.000194,0.0002077,0.0002334,0.0002458,0.0002491,0.0002529,0.0002501,0.0002481,0.0002396,0.0002388,0.0002323,0.0002291,0.0002255,0.0002161,0.0002107,0.0002049,0.0001996,0.0001915,0.0001823,0.0001756,0.0001667,0.0001572,0.0001463,0.000138,0.0001261,0.0001146,0.0001022,9.353e-05,8.157e-05,7.324e-05,6.428e-05,5.635e-05,5.087e-05,4.375e-05,3.877e-05,3.353e-05,2.873e-05,2.464e-05,2.112e-05,1.765e-05,1.567e-05
9.567e-05,0.0001139,0.0001141,0.0001405,0.0001423,0.000157,0.0001686,0.0001821,0.0001889,0.0002083,0.0002279,0.0002414,0.0002472,0.0002486,0.0002474,0.0002447,0.0002406,0.0002374,0.0002335,0.0002279,0.0002248,0.0002167,0.000213,0.0002055,0.0002008,0.0001943,0.0001834,0.0001743,0.0001678,0.0001553,0.000148,0.0001369,0.0001256,0.0001143,0.0001026,9.251e-05,8.2e-05,7.24e-05,6.516e-05,5.782e-05,5.079e-05,4.383e-05,3.861e-05,3.303e-05,2.925e-05,2.56e-05,2.199e-05,1.847e-05,1.57e-05
0.0001024,0.0001223,0.0001205,0.0001456,0.0001551,0.0001653,0.0001729,0.0001882,0.000196,0.0002143,0.0002322,0.0002437,0.000254,0.0002501,0.0002527,0.0002451,0.0002414,0.0002416,0.0002344,0.0002295,0.0002238,0.0002181,0.0002092,0.0002073,0.0001962,0.0001918,0.0001846,0.0001748,0.0001673,0.000159,0.0001481,0.0001399,0.000127,0.0001136,0.0001032,9.19e-05,8.284e-05,7.188e-05,6.339e-05,5.683e-05,4.975e-05,4.405e-05,3.824e-05,3.384e-05,2.965e-05,2.536e-05,2.118e-05,1.812e-05,1.552e-05
9.653e-05,0.0001145,0.000115,0.0001403,0.0001443,0.0001537,0.0001682,0.0001819,0.0001888,0.0002071,0.0002283,0.0002383,0.0002477,0.0002489,0.0002513,0.0002469,0.0002398,0.0002397,0.0002346,0.0002288,0.0002239,0.0002155,0.00021,0.0002061,0.0002001,0.0001925,0.0001842,0.0001764,0.0001649,0.000156,0.0001481,0.0001366,0.0001254,0.0001153,0.0001032,9.117e-05,8.227e-05,7.362e-05,6.405e-05,5.643e-05,5.108e-05,4.434e-05,3.786e-05,3.372e-05,2.902e-05,2.579e-05,2.142e-05,1.801e-05,1.581e-05
0.0001037,0.0001214,0.0001207,0.0001442,0.0001511,0.0001635,0.0001748,0.0001909,0.0001963,0.0002143,0.0002355,0.0002453,0.0002505,0.0002514,0.0002549,0.0002487,0.0002396,0.0002388,0.0002323,0.0002276,0.0002269,0.0002183,0.0002098,0.0002051,0.000198,0.0001937,0.0001832,0.0001761,0.0001688,0.0001588,0.0001483,0.0001361,0.0001266,0.000113,0.0001036,9.295e-05,8.273e-05,7.286e-05,6.468e-05,5.626e-05,4.979e-05,4.446e-05,3.792e-05,3.271e-05,2.856e-05,2.522e-05,2.226e-05,1.82e-05,1.558e-05
0.0001072,0.0001279,0.0001279,0.0001494,0.0001539,0.0001675,0.0001769,0.0001925,0.0001975,0.0002138,0.0002336,0.0002473,0.0002541,0.0002558,0.0002539,0.0002469,0.0002423,0.0002415,0.000233,0.0002282,0.0002242,0.0002199,0.0002084,0.0002062,0.0001982,0.0001881,0.0001845,0.0001759,0.0001686,0.0001589,0.0001474,0.0001359,0.0001276,0.0001153,0.0001033,9.282e-05,8.236e-05,7.411e-05,6.347e-05,5.604e-05,4.993e-05,4.424e-05,3.837e-05,3.246e-05,2.831e-05,2.467e-05,2.145e-05,1.895e-05,1.57e-05
9.399e-05,0.0001124,0.0001132,0.0001362,0.0001394,0.0001531,0.0001638,0.0001803,0.0001862,0.0002031,0.0002264,0.0002371,0.0002454,0.0002473,0.0002499,0.0002477,0.0002392,0.000237,0.0002322,0.0002273,0.0002223,0.0002155,0.0002121,0.0002069,0.0001976,0.0001926,0.0001807,0.0001763,0.0001656,0.0001597,0.0001464,0.0001341,0.0001263,0.0001143,0.0001032,9.237e-05,8.099e-05,7.531e-05,6.474e-05,5.672e-05,4.968e-05,4.441e-05,3.795e-05,3.387e-05,2.917e-05,2.508e-05,2.132e-05,1.902e-05,1.572e-05
0.0001036,0.0001242,0.0001224,0.0001474,0.0001512,0.0001643,0.0001765,0.0001895,0.0001936,0.0002123,0.0002324,0.0002459,0.000251,0.0002498,0.0002509,0.0002481,0.0002422,0.0002421,0.0002316,0.0002267,0.0002263,0.0002138,0.0002089,0.0002055,0.0002019,0.0001913,0.0001812,0.0001758,0.0001667,0.0001579,0.0001456,0.0001375,0.0001259,0.0001145,0.0001045,9.246e-05,8.306e-05,7.229e-05,6.493e-05,5.687e-05,5.013e-05,4.37e-05,3.849e-05,3.258e-05,2.86e-05,2.501e-05,2.184e-05,1.816e-05,1.448e-05
0.0001049,0.0001237,0.000126,0.0001482,0.0001527,0.0001678,0.000178,0.0001923,0.0001937,0.0002147,0.0002339,0.000246,0.0002547,0.000252,0.0002527,0.000245,0.0002417,0.0002407,0.0002317,0.0002318,0.0002239,0.0002171,0.0002142,0.0002059,0.0001987,0.0001911,0.0001841,0.0001744,0.0001671,0.0001553,0.0001481,0.0001364,0.0001256,0.0001128,0.0001027,9.336e-05,8.175e-05,7.378e-05,6.526e-05,5.681e-05,4.877e-05,4.315e-05,3.818e-05,3.399e-05,2.966e-05,2.619e-05,2.11e-05,1.839e-05,1.512e-05
0.0001004,0.0001204,0.0001193,0.000143,0.0001495,0.0001615,0.0001715,0.0001872,0.0001927,0.0002105,0.000231,0.0002432,0.0002514,0.0002516,0.0002517,0.0002481,0.0002402,0.0002402,0.0002312,0.0002322,0.0002257,0.0002169,0.0002091,0.0002023,0.0001967,0.0001949,0.0001832,0.0001751,0.0001669,0.0001581,0.0001483,0.0001364,0.0001281,0.0001133,0.000103,9.153e-05,8.22e-05,7.465e-05,6.464e-05,5.819e-05,4.96e-05,4.357e-05,3.817e-05,3.229e-05,2.924e-05,2.515e-05,2.155e-05,1.878e-05,1.55e-05
9.618e-05,0.0001166,0.0001168,0.00014,0.0001476,0.0001556,0.0001669,0.0001839,0.0001911,0.0002066,0.0002301,0.0002424,0.0002492,0.0002501,0.0002501,0.0002462,0.0002382,0.0002374,0.0002338,0.0002311,0.0002267,0.0002166,0.0002128,0.0002062,0.0001982,0.0001917,0.0001838,0.0001761,0.0001662,0.0001577,0.0001488,0.0001365,0.0001244,0.0001134,0.0001028,9.233e-05,8.401e-05,7.496e-05,6.483e-05,5.879e-05,5.174e-05,4.418e-05,3.853e-05,3.393e-05,2.936e-05,2.408e-05,2.097e-05,1.883e-05,1.517e-05
9.968e-05,0.0001181,0.0001178,0.0001444,0.0001493,0.0001592,0.0001696,0.0001857,0.0001895,0.0002084,0.000232,0.0002402,0.0002501,0.0002522,0.0002469,0.0002473,0.0002437,0.00024,0.0002302,0.0002311,0.0002255,0.0002163,0.0002136,0.0002062,0.0001984,0.0001917,0.000184,0.0001763,0.0001686,0.0001568,0.0001479,0.0001356,0.0001255,0.0001159,0.0001014,9.342e-05,8.219e-05,7.315e-05,6.39e-05,5.707e-05,4.996e-05,4.386e-05,3.773e-05,3.345e-05,2.905e-05,2.497e-05,2.162e-05,1.781e-05,1.519e-05
0.0001018,0.0001209,0.0001196,0.0001426,0.0001491,0.0001624,0.0001721,0.0001882,0.0001931,0.000208,0.000231,0.0002442,0.0002495,0.0002523,0.0002491,0.000249,0.0002437,0.0002418,0.0002335,0.0002304,0.0002254,0.0002161,0.0002084,0.000205,0.000199,0.0001934,0.000183,0.0001747,0.0001663,0.0001568,0.0001447,0.0001373,0.0001269,0.0001161,0.0001053,9.243e-05,8.222e-05,7.286e-05,6.508e-05,5.728e-05,5.021e-05,4.415e-05,3.836e-05,3.292e-05,2.928e-05,2.497e-05,2.115e-05,1.831e-05,1.518e-05
9.679e-05,0.0001175,0.0001157,0.0001392,0.0001439,0.0001562,0.0001692,0.0001836,0.0001898,0.0002078,0.0002271,0.0002407,0.0002483,0.000247,0.0002498,0.0002463,0.00024,0.0002412,0.0002342,0.0002292,0.000227,0.0002157,0.0002122,0.0002075,0.0001971,0.0001902,0.0001833,0.0001732,0.0001662,0.0001588,0.0001482,0.0001374,0.0001269,0.0001152,0.0001046,9.234e-05,8.211e-05,7.267e-05,6.372e-05,5.558e-05,4.985e-05,4.291e-05,3.865e-05,3.362e-05,3e-05,2.485e-05,2.21e-05,1.819e-05,1.533e-05
0.0001035,0.00012,0.0001247,0.0001467,0.0001514,0.0001643,0.0001747,0.0001894,0.0001944,0.0002126,0.0002311,0.0002467,0.00025,0.0002503,0.0002516,0.0002466,0.0002401,0.0002427,0.0002336,0.000229,0.0002265,0.0002181,0.0002099,0.0002056,0.0001991,0.0001927,0.000182,0.0001756,0.0001659,0.000159,0.0001452,0.0001382,0.0001254,0.0001131,0.0001021,9.18e-05,8.23e-05,7.208e-05,6.33e-05,5.732e-05,4.963e-05,4.256e-05,3.82e-05,3.466e-05,2.879e-05,2.478e-05,2.169e-05,1.799e-05,1.56e-05
0.0001059,0.0001225,0.0001229,0.0001485,0.0001535,0.0001672,0.0001777,0.0001892,0.0001986,0.000213,0.0002332,0.0002465,0.0002516,0.0002527,0.000251,0.0002463,0.0002388,0.0002374,0.0002332,0.0002287,0.0002271,0.0002161,0.0002106,0.0002064,0.0001968,0.0001912,0.0001838,0.0001752,0.0001675,0.0001593,0.0001477,0.0001356,0.0001256,0.0001155,0.0001013,9.418e-05,8.301e-05,7.328e-05,6.501e-05,5.739e-05,5.018e-05,4.387e-05,3.821e-05,3.291e-05,2.84e-05,2.492e-05,2.088e-05,1.693e-05,1.6e-05
0.0001021,0.0001224,0.0001216,0.0001449,0.0001503,0.0001657,0.0001753,0.000189,0.0001953,0.0002144,0.0002341,0.0002441,0.0002506,0.0002546,0.0002521,0.0002484,0.0002436,0.0002384,0.0002333,0.0002287,0.0002272,0.0002164,0.000212,0.0002057,0.0002008,0.0001933,0.0001831,0.0001746,0.0001686,0.0001594,0.0001494,0.0001355,0.0001253,0.0001133,0.0001029,9.422e-05,8.37e-05,7.388e-05,6.43e-05,5.64e-05,4.994e-05,4.301e-05,3.791e-05,3.371e-05,2.826e-05,2.519e-05,2.176e-05,1.814e-05,1.511e-05
9.966e-05,0.0001194,0.000118,0.0001418,0.0001489,0.000163,0.0001713,0.0001847,0.0001933,0.0002084,0.0002323,0.000241,0.0002503,0.000248,0.0002496,0.0002487,0.0002412,0.0002399,0.0002344,0.0002286,0.0002259,0.0002154,0.0002105,0.0002073,0.0002001,0.0001921,0.0001841,0.0001761,0.0001663,0.000159,0.0001484,0.0001375,0.0001253,0.000115,0.0001042,9.234e-05,8.303e-05,7.317e-05,6.526e-05,5.662e-05,4.951e-05,4.46e-05,3.828e-05,3.295e-05,2.908e-05,2.577e-05,2.108e-05,1.891e-05,1.559e-05
9.855e-05,0.0001167,0.0001165,0.0001424,0.0001456,0.0001581,0.0001669,0.0001838,0.0001925,0.0002084,0.0002308,0.0002431,0.0002484,0.0002481,0.0002482,0.0002457,0.0002415,0.0002395,0.0002329,0.0002286,0.0002234,0.0002168,0.0002088,0.0002045,0.0001989,0.0001895,0.000183,0.0001776,0.0001674,0.0001566,0.0001465,0.0001368,0.0001258,0.0001144,0.0001034,9.371e-05,8.312e-05,7.312e-05,6.472e-05,5.646e-05,5.078e-05,4.354e-05,3.673e-05,3.321e-05,2.845e-05,2.536e-05,2.116e-05,1.797e-05,1.635e-05
9.405e-05,0.0001147,0.0001155,0.0001367,0.0001448,0.0001551,0.0001655,0.0001815,0.0001877,0.0002029,0.0002264,0.0002401,0.0002482,0.0002488,0.0002496,0.0002444,0.000241,0.0002388,0.0002303,0.00023,0.0002253,0.0002175,0.0002107,0.0002062,0.0001974,0.0001912,0.0001828,0.0001772,0.0001681,0.0001595,0.0001487,0.0001365,0.000128,0.0001166,0.0001037,9.247e-05,8.231e-05,7.3e-05,6.388e-05,5.67e-05,5.074e-05,4.334e-05,3.801e-05,3.29e-05,2.88e-05,2.475e-05,2.129e-05,1.86e-05,1.576e-05
0.0001018,0.0001223,0.0001212,0.0001467,0.0001523,0.000163,0.0001751,0.0001909,0.000195,0.0002123,0.0002357,0.0002457,0.0002505,0.0002476,0.0002513,0.0002456,0.0002421,0.0002406,0.0002329,0.0002304,0.0002261,0.0002186,0.0002081,0.0002023,0.0001985,0.0001896,0.000181,0.0001734,0.0001676,0.0001578,0.0001488,0.0001357,0.0001243,0.0001146,0.0001022,9.341e-05,8.194e-05,7.185e-05,6.402e-05,5.761e-05,4.924e-05,4.231e-05,3.781e-05,3.35e-05,2.936e-05,2.474e-05,2.247e-05,1.88e-05,1.58e-05
0.0001011,0.0001202,0.0001202,0.0001433,0.00015,0.0001625,0.0001718,0.0001873,0.0001923,0.0002095,0.0002308,0.0002408,0.0002483,0.0002471,0.0002485,0.0002501,0.000243,0.0002395,0.0002316,0.0002304,0.0002235,0.0002177,0.0002089,0.0002056,0.0001989,0.0001914,0.0001811,0.0001758,0.0001675,0.0001571,0.0001463,0.0001347,0.0001248,0.0001151,0.0001012,9.121e-05,8.173e-05,7.392e-05,6.42e-05,5.804e-05,4.988e-05,4.401e-05,3.98e-05,3.425e-05,2.851e-05,2.48e-05,2.107e-05,1.852e-05,1.7e-05
0.0001036,0.000123,0.0001231,0.0001485,0.0001517,0.0001624,0.0001755,0.0001898,0.0001955,0.000213,0.0002341,0.0002462,0.0002524,0.0002506,0.0002515,0.0002507,0.0002443,0.0002414,0.0002345,0.0002305,0.0002253,0.0002157,0.0002102,0.0002063,0.0001981,0.000192,0.0001837,0.000175,0.0001664,0.0001581,0.0001484,0.0001369,0.0001266,0.0001135,0.0001023,9.311e-05,8.253e-05,7.357e-05,6.559e-05,5.756e-05,4.943e-05,4.323e-05,3.868e-05,3.33e-05,2.879e-05,2.56e-05,2.21e-05,1.852e-05,1.545e-05
9.986e-05,0.0001166,0.000119,0.0001423,0.0001481,0.00016,0.0001718,0.0001847,0.0001909,0.0002089,0.0002319,0.0002434,0.0002505,0.0002492,0.0002504,0.0002467,0.0002456,0.0002402,0.0002317,0.0002315,0.0002255,0.0002191,0.0002112,0.0002074,0.0001958,0.0001926,0.0001826,0.0001759,0.0001703,0.0001567,0.0001465,0.0001361,0.0001256,0.0001159,0.0001019,9.165e-05,8.151e-05,7.391e-05,6.308e-05,5.742e-05,5.049e-05,4.28e-05,3.878e-05,3.273e-05,2.943e-05,2.533e-05,2.117e-05,1.833e-05,1.481e-05
0.0001011,0.0001204,0.0001208,0.0001426,0.0001503,0.0001635,0.0001724,0.0001878,0.0001921,0.0002114,0.0002328,0.0002428,0.0002481,0.0002524,0.0002492,0.0002476,0.0002424,0.0002401,0.0002357,0.0002275,0.0002281,0.0002156,0.0002101,0.0002066,0.0002013,0.0001915,0.0001818,0.0001762,0.0001666,0.0001582,0.0001473,0.0001361,0.0001275,0.0001119,0.000102,9.2e-05,8.11e-05,7.236e-05,6.536e-05,5.764e-05,4.986e-05,4.436e-05,3.767e-05,3.397e-05,2.874e-05,2.635e-05,2.14e-05,1.736e-05,1.565e-05
9.497e-05,0.000114,0.000116,0.0001375,0.0001449,0.0001572,0.000165,0.0001832,0.0001885,0.0002072,0.0002261,0.0002415,0.0002482,0.0002473,0.0002484,0.0002477,0.0002401,0.000239,0.0002342,0.0002279,0.0002241,0.000216,0.0002109,0.0002057,0.0001997,0.000195,0.0001837,0.0001768,0.0001687,0.0001559,0.000145,0.0001349,0.0001255,0.0001143,0.0001038,9.304e-05,8.142e-05,7.342e-05,6.409e-05,5.613e-05,4.938e-05,4.39e-05,3.812e-05,3.448e-05,2.892e-05,2.56e-05,2.145e-05,1.838e-05,1.551e-05
0.0001076,0.0001276,0.0001261,0.0001514,0.0001579,0.0001686,0.0001804,0.0001942,0.0002011,0.0002171,0.0002367,0.000248,0.0002564,0.0002541,0.0002547,0.0002491,0.0002422,0.0002419,0.000233,0.0002284,0.0002229,0.0002178,0.0002091,0.0002028,0.0001989,0.0001898,0.0001834,0.0001753,0.0001674,0.0001584,0.000147,0.0001382,0.000123,0.0001138,0.0001035,9.273e-05,8.262e-05,7.458e-05,6.316e-05,5.787e-05,4.893e-05,4.375e-05,3.871e-05,3.339e-05,2.826e-05,2.517e-05,2.095e-05,1.806e-05,1.522e-05
0.0001045,0.0001247,0.000122,0.000147,0.0001521,0.000166,0.0001741,0.0001912,0.0001982,0.0002108,0.0002348,0.0002455,0.0002504,0.0002496,0.0002528,0.0002479,0.0002425,0.0002393,0.0002327,0.0002292,0.0002269,0.0002177,0.0002129,0.0002081,0.0001938,0.0001912,0.0001818,0.0001745,0.0001671,0.000159,0.0001482,0.0001374,0.000125,0.0001149,0.000104,9.125e-05,8.233e-05,7.215e-05,6.395e-05,5.732e-05,5.023e-05,4.545e-05,3.841e-05,3.384e-05,2.936e-05,2.506e-05,2.175e-05,1.758e-05,1.505e-05
0.0001074,0.0001279,0.0001246,0.0001535,0.0001555,0.0001697,0.0001806,0.0001945,0.0002023,0.000218,0.000235,0.0002486,0.0002539,0.0002506,0.0002512,0.0002478,0.0002433,0.0002399,0.0002333,0.0002301,0.0002264,0.000215,0.0002076,0.0002047,0.000195,0.0001916,0.0001817,0.0001739,0.0001671,0.0001577,0.0001481,0.0001378,0.0001251,0.0001129,0.000104,9.1e-05,8.117e-05,7.152e-05,6.53e-05,5.678e-05,4.989e-05,4.395e-05,3.812e-05,3.355e-05,2.868e-05,2.526e-05,2.188e-05,1.798e-05,1.567e-05
0.0001001,0.0001242,0.0001234,0.0001466,0.0001549,0.0001644,0.0001759,0.0001902,0.0001953,0.0002137,0.0002377,0.0002475,0.0002499,0.0002525,0.000252,0.0002494,0.0002447,0.0002404,0.0002355,0.0002276,0.0002223,0.0002175,0.0002126,0.0002064,0.0001996,0.0001921,0.0001818,0.0001763,0.0001668,0.000157,0.0001474,0.0001356,0.0001238,0.0001149,0.0001045,9.239e-05,8.196e-05,7.327e-05,6.349e-05,5.774e-05,4.886e-05,4.519e-05,3.804e-05,3.316e-05,2.986e-05,2.429e-05,2.129e-05,1.889e-05,1.552e-05
0.0001015,0.0001237,0.0001183,0.000146,0.0001477,0.0001628,0.000173,0.0001897,0.000198,0.0002119,0.0002331,0.0002437,0.0002493,0.0002499,0.0002534,0.000249,0.0002437,0.0002391,0.0002334,0.000227,0.0002264,0.0002139,0.0002111,0.0002052,0.0001963,0.0001921,0.0001815,0.0001748,0.0001674,0.0001583,0.0001477,0.0001362,0.0001254,0.0001155,0.0001025,9.343e-05,8.378e-05,7.275e-05,6.377e-05,5.627e-05,5.076e-05,4.269e-05,3.809e-05,3.321e-05,2.908e-05,2.522e-05,2.144e-05,1.785e-05,1.611e-05
0.0001059,0.0001253,0.0001258,0.0001493,0.0001542,0.0001658,0.0001756,0.0001911,0.0001965,0.0002169,0.0002385,0.0002484,0.0002493,0.0002518,0.0002515,0.0002492,0.0002419,0.0002445,0.0002361,0.0002284,0.0002279,0.000217,0.0002111,0.0002055,0.0002,0.0001937,0.0001824,0.0001756,0.0001679,0.0001575,0.000146,0.0001388,0.0001263,0.0001156,0.000103,9.261e-05,8.252e-05,7.17e-05,6.46e-05,5.669e-05,4.984e-05,4.316e-05,3.752e-05,3.469e-05,2.871e-05,2.574e-05,2.22e-05,1.776e-05,1.519e-05
0.0001057,0.0001261,0.0001222,0.0001467,0.0001527,0.0001653,0.0001782,0.0001897,0.0001983,0.0002129,0.0002353,0.0002454,0.0002537,0.0002515,0.0002547,0.0002477,0.0002442,0.0002383,0.0002339,0.0002299,0.0002272,0.0002163,0.0002093,0.0002047,0.0001971,0.0001894,0.0001835,0.0001753,0.0001664,0.0001566,0.0001474,0.0001373,0.0001264,0.0001139,0.0001019,9.33e-05,8.256e-05,7.545e-05,6.54e-05,5.667e-05,4.948e-05,4.503e-05,3.807e-05,3.258e-05,2.914e-05,2.493e-05,2.172e-05,1.816e-05,1.552e-05
9.591e-05,0.0001171,0.0001159,0.0001387,0.0001451,0.0001572,0.0001687,0.000183,0.0001907,0.0002045,0.0002259,0.000237,0.0002487,0.0002499,0.000248,0.000248,0.0002405,0.0002437,0.0002348,0.0002279,0.0002247,0.0002183,0.0002087,0.0002062,0.0002021,0.0001912,0.0001827,0.0001747,0.0001686,0.000157,0.0001471,0.0001389,0.0001257,0.0001151,0.0001027,9.17e-05,8.126e-05,7.372e-05,6.423e-05,5.771e-05,4.963e-05,4.3e-05,3.804e-05,3.367e-05,2.773e-05,2.612e-05,2.181e-05,1.806e-05,1.517e-05
0.0001044,0.0001226,0.0001217,0.0001489,0.0001528,0.0001635,0.0001746,0.0001894,0.0001954,0.0002111,0.000233,0.0002464,0.0002505,0.0002524,0.0002491,0.0002465,0.0002394,0.0002413,0.0002312,0.0002299,0.0002269,0.0002193,0.0002117,0.0002047,0.0002002,0.0001931,0.0001871,0.0001769,0.0001652,0.0001561,0.0001487,0.0001369,0.0001231,0.0001138,0.0001039,9.276e-05,8.18e-05,7.352e-05,6.452e-05,5.849e-05,4.897e-05,4.286e-05,3.744e-05,3.333e-05,2.854e-05,2.483e-05,2.145e-05,1.81e-05,1.592e-05
0.0001049,0.0001202,0.000122,0.0001443,0.0001501,0.0001617,0.0001739,0.0001864,0.0001945,0.0002113,0.0002335,0.0002422,0.0002481,0.0002491,0.0002522,0.0002485,0.0002373,0.0002388,0.0002326,0.0002281,0.000226,0.0002153,0.0002101,0.0002053,0.0001992,0.0001905,0.0001827,0.0001742,0.000167,0.000159,0.0001454,0.0001363,0.0001264,0.0001135,0.000103,9.228e-05,8.208e-05,7.345e-05,6.46e-05,5.628e-05,5.095e-05,4.289e-05,3.941e-05,3.302e-05,2.948e-05,2.528e-05,2.16e-05,1.814e-05,1.574e-05
0.000105,0.0001236,0.000125,0.0001473,0.0001525,0.0001669,0.0001731,0.000191,0.0001993,0.0002135,0.000235,0.0002444,0.0002501,0.0002497,0.0002525,0.0002495,0.0002419,0.0002398,0.0002358,0.0002283,0.0002262,0.0002169,0.0002113,0.0002065,0.0002008,0.0001918,0.0001844,0.0001752,0.0001667,0.0001566,0.0001473,0.0001381,0.0001263,0.000112,0.0001022,9.347e-05,7.947e-05,7.338e-05,6.511e-05,5.628e-05,5.116e-05,4.409e-05,3.801e-05,3.432e-05,2.87e-05,2.449e-05,2.098e-05,1.877e-05,1.533e-05
0,0,0,0,0,0,0,0,0,0,0,0,0,0,0,0,0,0,0,0,0,0,0,0,0,0,0,0,0,0,0,0,0,0,0,0,0,0,0,0,0,0,0,0,0,0,0,0,0
2nd quartile
1.326e+12,1.464e+12,1.613e+12,1.778e+12,1.964e+12,2.165e+12,2.389e+12,2.638e+12,2.915e+12,3.22e+12,3.554e+12,3.918e+12,4.323e+12,4.77e+12,5.263e+12,5.81e+12,6.411e+12,7.075e+12,7.806e+12,8.616e+12,9.512e+12,1.05e+13,1.158e+13,1.278e+13,1.412e+13,1.557e+13,1.718e+13,1.897e+13,2.092e+13,2.308e+13,2.544e+13,2.812e+13,3.104e+13,3.429e+13,3.779e+13,4.179e+13,4.615e+13,5.087e+13,5.611e+13,6.217e+13,6.837e+13,7.552e+13,8.339e+13,9.202e+13,1.019e+14,1.126e+14,1.237e+14,1.367e+14,1.512e+14
0.0002758,0.0003188,0.0003068,0.0003491,0.0003393,0.0003496,0.00035,0.0003552,0.000345,0.0003441,0.0003514,0.0003456,0.0003336,0.0003028,0.0002751,0.0002536,0.0002209,0.0002056,0.0001785,0.0001571,0.0001396,0.0001203,0.0001021,8.855e-05,7.461e-05,6.136e-05,4.971e-05,3.778e-05,2.977e-05,2.308e-05,1.618e-05,1.144e-05,8.066e-06,5.999e-06,4.661e-06,4.378e-06,3.658e-06,3.516e-06,3.638e-06,3.141e-06,3.283e-06,3.182e-06,3.111e-06,3.263e-06,2.554e-06,2.26e-06,2.361e-06,2.28e-06,2.26e-06
0.0002851,0.0003276,0.000312,0.0003562,0.00035,0.000353,0.0003521,0.0003579,0.0003468,0.0003479,0.0003502,0.0003455,0.0003307,0.0003018,0.0002775,0.0002505,0.0002208,0.0002029,0.0001791,0.0001595,0.000142,0.000119,0.0001051,8.84e-05,7.512e-05,6.301e-05,4.865e-05,3.838e-05,2.873e-05,2.215e-05,1.53e-05,1.114e-05,7.823e-06,5.999e-06,4.509e-06,4.236e-06,3.861e-06,4.084e-06,3.972e-06,3.597e-06,3.233e-06,2.929e-06,3.03e-06,2.868e-06,2.706e-06,2.584e-06,2.483e-06,2.077e-06,2.037e-06
0.0002865,0.0003295,0.0003154,0.0003585,0.0003484,0.0003575,0.0003539,0.0003618,0.0003487,0.0003471,0.0003508,0.0003482,0.0003297,0.0003066,0.0002776,0.0002509,0.0002262,0.0002026,0.0001782,0.0001597,0.0001397,0.0001195,0.0001041,9.033e-05,7.486e-05,6.025e-05,4.957e-05,3.922e-05,3.041e-05,2.214e-05,1.565e-05,1.153e-05,8.056e-06,5.888e-06,4.692e-06,4.56e-06,3.597e-06,3.648e-06,3.587e-06,4.053e-06,3.374e-06,3.395e-06,2.777e-06,2.888e-06,2.635e-06,2.503e-06,1.976e-06,2.229e-06,2.199e-06
0.0002833,0.0003247,0.0003093,0.0003531,0.0003459,0.0003522,0.0003539,0.0003599,0.0003474,0.0003468,0.0003534,0.0003485,0.0003304,0.0003061,0.0002784,0.0002493,0.0002228,0.0002006,0.0001767,0.0001572,0.0001399,0.0001197,0.0001019,8.964e-05,7.383e-05,6.196e-05,5.031e-05,3.98e-05,2.97e-05,2.275e-05,1.605e-05,1.151e-05,7.57e-06,5.948e-06,4.58e-06,4.479e-06,3.962e-06,3.861e-06,3.608e-06,3.425e-06,3.273e-06,3.233e-06,2.949e-06,2.878e-06,2.574e-06,2.574e-06,2.25e-06,2.138e-06,2.321e-06
0.0002806,0.0003221,0.0003074,0.00035,0.0003449,0.0003514,0.00035,0.0003593,0.0003429,0.0003452,0.0003558,0.0003454,0.0003306,0.0003016,0.0002782,0.0002498,0.0002234,0.0002043,0.000179,0.0001582,0.0001398,0.0001217,0.0001047,8.89e-05,7.372e-05,6.146e-05,5.028e-05,3.92e-05,2.986e-05,2.273e-05,1.52e-05,1.177e-05,8.097e-06,6.141e-06,4.844e-06,4.631e-06,3.922e-06,3.76e-06,3.709e-06,3.395e-06,3.547e-06,3.385e-06,3.03e-06,2.868e-06,2.604e-06,2.209e-06,2.006e-06,1.996e-06,2.209e-06
0.0002716,0.0003132,0.0003013,0.0003451,0.0003377,0.0003429,0.0003489,0.0003557,0.0003418,0.0003456,0.0003545,0.0003458,0.0003302,0.0003045,0.0002809,0.0002534,0.0002226,0.000206,0.0001806,0.0001602,0.0001406,0.0001194,0.0001053,8.804e-05,7.419e-05,6.073e-05,4.879e-05,3.796e-05,2.974e-05,2.227e-05,1.57e-05,1.187e-05,7.742e-06,5.877e-06,5.128e-06,4.418e-06,4.236e-06,4.216e-06,3.293e-06,3.547e-06,3.405e-06,3.192e-06,3.354e-06,3.101e-06,3.141e-06,2.625e-06,1.875e-06,2.594e-06,2.27e-06
0.000285,0.0003279,0.0003103,0.0003567,0.0003463,0.0003523,0.0003539,0.0003599,0.0003434,0.0003437,0.0003552,0.0003487,0.0003321,0.0003044,0.0002779,0.0002524,0.0002252,0.0001985,0.0001768,0.000158,0.0001408,0.0001216,0.0001021,8.875e-05,7.437e-05,6.194e-05,5.009e-05,3.902e-05,3.039e-05,2.267e-05,1.614e-05,1.14e-05,8.401e-06,6.141e-06,4.58e-06,4.499e-06,3.841e-06,4.003e-06,3.304e-06,3.324e-06,3.435e-06,3.222e-06,3.01e-06,2.766e-06,2.462e-06,2.706e-06,2.31e-06,2.169e-06,2.371e-06
0.0002769,0.0003176,0.0003048,0.0003501,0.0003412,0.0003459,0.0003532,0.0003529,0.0003409,0.0003473,0.0003549,0.0003487,0.0003286,0.0003052,0.000281,0.0002521,0.0002234,0.0002028,0.0001774,0.0001589,0.0001392,0.0001193,0.0001034,8.921e-05,7.393e-05,6.177e-05,4.899e-05,4.063e-05,3.022e-05,2.2e-05,1.592e-05,1.151e-05,8.066e-06,5.685e-06,4.803e-06,3.385e-06,3.871e-06,3.841e-06,3.374e-06,3.567e-06,3.04e-06,3.293e-06,3.131e-06,2.888e-06,2.645e-06,2.544e-06,2.088e-06,2.199e-06,2.381e-06
0.0002674,0.000312,0.0002989,0.000345,0.0003385,0.0003402,0.0003425,0.0003531,0.0003404,0.0003461,0.0003496,0.0003484,0.0003293,0.0003041,0.0002815,0.0002522,0.0002248,0.0002036,0.0001771,0.00016,0.0001418,0.0001191,0.0001033,8.913e-05,7.535e-05,6.105e-05,4.713e-05,3.783e-05,3.009e-05,2.228e-05,1.571e-05,1.05e-05,7.397e-06,5.624e-06,4.601e-06,4.114e-06,3.881e-06,4.033e-06,3.466e-06,3.415e-06,3.516e-06,3.111e-06,3.222e-06,3.081e-06,2.625e-06,2.371e-06,2.361e-06,2.209e-06,2.341e-06
0.0002812,0.000323,0.0003095,0.0003532,0.0003462,0.0003495,0.0003534,0.0003549,0.000343,0.0003471,0.0003546,0.0003477,0.0003316,0.0003022,0.0002812,0.0002515,0.0002235,0.0002021,0.0001764,0.0001572,0.0001381,0.00012,0.0001032,8.821e-05,7.352e-05,6.132e-05,5.004e-05,3.887e-05,2.961e-05,2.258e-05,1.541e-05,1.14e-05,8.259e-06,6.516e-06,4.53e-06,4.783e-06,3.709e-06,3.658e-06,3.739e-06,3.699e-06,3.192e-06,3.324e-06,2.797e-06,2.777e-06,2.493e-06,2.26e-06,2.614e-06,2.31e-06,2.574e-06
0.0002679,0.0003106,0.000299,0.0003397,0.0003392,0.0003462,0.0003474,0.0003524,0.0003417,0.0003448,0.0003475,0.0003472,0.0003299,0.0003045,0.0002815,0.0002531,0.0002255,0.0002009,0.0001767,0.0001619,0.00014,0.0001206,0.0001018,8.842e-05,7.456e-05,6.153e-05,4.888e-05,3.971e-05,3.087e-05,2.176e-05,1.538e-05,1.096e-05,8.117e-06,5.877e-06,5.016e-06,4.216e-06,3.912e-06,3.83e-06,3.709e-06,3.293e-06,3.537e-06,3.01e-06,3.121e-06,2.939e-06,2.625e-06,2.118e-06,2.331e-06,2.037e-06,2.209e-06
0.0002807,0.0003245,0.0003123,0.0003523,0.0003472,0.0003516,0.0003507,0.0003604,0.0003456,0.0003439,0.0003517,0.0003448,0.0003299,0.0003078,0.0002769,0.0002492,0.0002249,0.0002014,0.000177,0.0001579,0.0001386,0.000121,0.0001026,9.008e-05,7.564e-05,6.215e-05,4.94e-05,3.875e-05,3.078e-05,2.223e-05,1.537e-05,1.184e-05,8.087e-06,6.029e-06,5.036e-06,3.942e-06,3.77e-06,3.587e-06,3.628e-06,3.942e-06,3.121e-06,3.202e-06,2.473e-06,3.121e-06,2.371e-06,1.996e-06,2.209e-06,2.229e-06,2.118e-06
0.0002879,0.0003274,0.0003145,0.0003558,0.00035,0.0003569,0.000352,0.0003556,0.0003463,0.0003479,0.0003539,0.0003449,0.0003295,0.0003032,0.0002793,0.0002498,0.0002224,0.0002015,0.0001769,0.0001583,0.0001398,0.0001206,0.000106,8.687e-05,7.409e-05,6.203e-05,4.974e-05,3.951e-05,3.085e-05,2.223e-05,1.607e-05,1.138e-05,8.178e-06,6.121e-06,4.844e-06,4.084e-06,3.891e-06,3.891e-06,3.547e-06,3.385e-06,3.628e-06,3.334e-06,2.959e-06,2.959e-06,2.584e-06,2.432e-06,2.341e-06,2.645e-06,2.158e-06
0.0002627,0.0003027,0.0002927,0.0003338,0.0003355,0.000339,0.000346,0.0003507,0.0003429,0.0003437,0.0003509,0.0003443,0.0003317,0.0003075,0.0002802,0.0002531,0.0002255,0.0002013,0.0001791,0.0001581,0.0001411,0.0001209,0.0001033,8.797e-05,7.474e-05,6.16e-05,4.802e-05,3.887e-05,2.926e-05,2.23e-05,1.598e-05,1.101e-05,8.431e-06,6.1e-06,4.803e-06,4.53e-06,3.638e-06,3.608e-06,3.982e-06,3.445e-06,3.476e-06,3.222e-06,3.202e-06,2.868e-06,2.655e-06,2.483e-06,2.118e-06,2.27e-06,2.422e-06
0.0002808,0.0003221,0.0003085,0.0003538,0.0003454,0.0003486,0.0003516,0.0003575,0.0003404,0.0003481,0.0003522,0.0003461,0.0003283,0.000304,0.0002829,0.0002496,0.0002214,0.0002015,0.000176,0.0001584,0.00014,0.0001202,0.0001034,8.836e-05,7.602e-05,6.132e-05,4.99e-05,3.907e-05,3.013e-05,2.24e-05,1.579e-05,1.171e-05,7.853e-06,5.807e-06,5.188e-06,4.074e-06,3.82e-06,3.719e-06,3.628e-06,3.395e-06,3.597e-06,3.354e-06,2.888e-06,2.979e-06,2.574e-06,2.371e-06,2.371e-06,2.462e-06,2.392e-06
0.0002827,0.0003219,0.0003099,0.0003524,0.0003479,0.0003569,0.0003526,0.000356,0.0003474,0.0003449,0.0003519,0.0003511,0.0003299,0.0003048,0.0002803,0.0002512,0.0002229,0.0002008,0.0001771,0.000158,0.0001381,0.0001197,0.0001051,8.935e-05,7.543e-05,6.195e-05,5.048e-05,3.803e-05,3.035e-05,2.229e-05,1.63e-05,1.137e-05,8.228e-06,5.857e-06,4.834e-06,4.256e-06,4.043e-06,3.922e-06,3.293e-06,3.922e-06,3.121e-06,3.182e-06,2.939e-06,2.817e-06,2.574e-06,2.29e-06,2.108e-06,2.402e-06,2.675e-06
0.000276,0.0003184,0.0003064,0.0003481,0.0003401,0.0003504,0.0003493,0.0003584,0.0003434,0.0003462,0.0003548,0.0003464,0.000332,0.0003047,0.0002778,0.0002487,0.0002225,0.0002054,0.0001765,0.000159,0.0001415,0.0001198,0.0001045,8.96e-05,7.434e-05,6.128e-05,4.829e-05,3.985e-05,3.005e-05,2.229e-05,1.595e-05,1.088e-05,7.377e-06,5.969e-06,4.651e-06,4.064e-06,4.003e-06,3.871e-06,3.567e-06,3.233e-06,3.496e-06,3.547e-06,2.888e-06,2.827e-06,2.513e-06,2.442e-06,2.462e-06,2.392e-06,2.523e-06
0.0002716,0.0003141,0.0003043,0.000347,0.000342,0.0003447,0.0003509,0.000355,0.000343,0.0003461,0.0003505,0.0003466,0.0003325,0.0003033,0.0002789,0.0002539,0.0002272,0.0002035,0.0001783,0.0001595,0.0001388,0.0001188,0.0001019,8.85e-05,7.313e-05,6.068e-05,4.959e-05,3.893e-05,2.898e-05,2.292e-05,1.606e-05,1.124e-05,7.58e-06,5.918e-06,4.651e-06,4.307e-06,4.094e-06,3.638e-06,3.547e-06,3.587e-06,3.385e-06,3.091e-06,3.06e-06,2.969e-06,2.675e-06,2.675e-06,2.402e-06,2.321e-06,2.26e-06
0.0002772,0.0003159,0.0003049,0.0003457,0.0003403,0.0003476,0.0003521,0.0003562,0.0003426,0.0003435,0.0003501,0.0003483,0.0003296,0.0003057,0.0002791,0.0002524,0.0002229,0.000202,0.0001762,0.000159,0.0001398,0.0001214,0.0001048,8.902e-05,7.301e-05,6.216e-05,4.878e-05,3.956e-05,2.892e-05,2.167e-05,1.566e-05,1.132e-05,8.036e-06,6.09e-06,4.672e-06,4.438e-06,4.023e-06,3.689e-06,3.476e-06,3.516e-06,3.76e-06,3.152e-06,3e-06,2.908e-06,2.675e-06,2.675e-06,2.402e-06,2.118e-06,2.412e-06
0.0002785,0.0003196,0.0003071,0.0003496,0.000342,0.000347,0.0003485,0.0003596,0.0003415,0.0003432,0.0003526,0.0003467,0.0003289,0.0003052,0.0002797,0.000253,0.0002249,0.0002036,0.0001782,0.0001574,0.0001402,0.0001206,0.0001009,8.788e-05,7.587e-05,6.05e-05,4.854e-05,3.815e-05,2.984e-05,2.165e-05,1.551e-05,1.099e-05,7.894e-06,6.04e-06,4.216e-06,4.276e-06,4.084e-06,3.516e-06,3.901e-06,3.587e-06,3.263e-06,3.415e-06,3.283e-06,2.797e-06,2.685e-06,2.26e-06,2.513e-06,2.169e-06,2.321e-06
0.0002688,0.0003095,0.0002982,0.0003425,0.0003398,0.0003436,0.0003436,0.0003569,0.0003447,0.0003443,0.0003531,0.0003477,0.0003306,0.0003052,0.0002809,0.0002556,0.000224,0.0002044,0.00018,0.0001588,0.0001406,0.0001214,0.0001042,8.97e-05,7.624e-05,6.188e-05,4.999e-05,3.861e-05,2.861e-05,2.243e-05,1.594e-05,1.051e-05,7.803e-06,5.979e-06,4.489e-06,4.286e-06,3.658e-06,3.861e-06,3.668e-06,3.81e-06,3.121e-06,2.908e-06,2.837e-06,2.696e-06,2.584e-06,2.25e-06,2.462e-06,2.351e-06,2.402e-06
0.0002803,0.0003201,0.0003078,0.0003561,0.000345,0.0003453,0.0003508,0.0003581,0.0003449,0.0003469,0.0003548,0.0003443,0.0003287,0.0003073,0.0002804,0.000251,0.0002231,0.0002049,0.0001784,0.0001592,0.0001385,0.0001216,0.000104,8.804e-05,7.441e-05,6.095e-05,4.923e-05,4.043e-05,3.013e-05,2.286e-05,1.619e-05,1.113e-05,7.995e-06,6.171e-06,4.449e-06,4.347e-06,3.901e-06,3.486e-06,3.415e-06,3.618e-06,3.253e-06,3.111e-06,2.959e-06,2.726e-06,2.544e-06,2.27e-06,2.28e-06,2.29e-06,2.26e-06
0.0002863,0.0003253,0.0003121,0.0003558,0.0003455,0.0003532,0.0003516,0.0003591,0.0003447,0.0003497,0.0003522,0.000347,0.0003288,0.0003023,0.0002762,0.0002495,0.0002245,0.0002005,0.0001737,0.000158,0.0001402,0.0001196,0.0001039,8.955e-05,7.466e-05,6.231e-05,4.912e-05,3.903e-05,2.916e-05,2.294e-05,1.599e-05,1.189e-05,8.056e-06,6.354e-06,4.955e-06,4.286e-06,4.216e-06,3.881e-06,3.618e-06,3.141e-06,3.222e-06,2.837e-06,2.969e-06,3.243e-06,2.402e-06,2.371e-06,2.31e-06,2.138e-06,2.604e-06
0.0002817,0.0003261,0.0003086,0.0003527,0.0003469,0.0003486,0.0003501,0.0003603,0.0003435,0.0003438,0.0003524,0.0003439,0.0003269,0.0003061,0.0002784,0.000251,0.0002254,0.0002024,0.0001799,0.0001594,0.0001383,0.0001193,0.000105,8.823e-05,7.445e-05,6.247e-05,5.045e-05,3.912e-05,2.982e-05,2.313e-05,1.561e-05,1.119e-05,8.147e-06,5.675e-06,4.438e-06,4.722e-06,3.82e-06,3.709e-06,3.851e-06,3.385e-06,3.719e-06,3.374e-06,3.121e-06,2.696e-06,2.564e-06,2.381e-06,2.24e-06,2.169e-06,2.452e-06
0.0002717,0.0003204,0.0003041,0.0003501,0.0003422,0.0003462,0.0003501,0.0003529,0.0003426,0.0003475,0.0003506,0.0003497,0.0003308,0.0003065,0.0002822,0.0002527,0.0002253,0.0002009,0.0001807,0.0001582,0.0001406,0.000122,0.0001031,8.897e-05,7.585e-05,6.089e-05,4.84e-05,4.025e-05,3.03e-05,2.257e-05,1.646e-05,1.151e-05,8.005e-06,5.989e-06,4.621e-06,3.993e-06,3.881e-06,3.608e-06,3.658e-06,3.577e-06,3.374e-06,3.152e-06,3.081e-06,2.787e-06,2.777e-06,2.412e-06,2.31e-06,2.108e-06,2.381e-06
0.0002715,0.0003154,0.0002969,0.0003475,0.0003372,0.0003433,0.0003462,0.0003534,0.0003421,0.0003432,0.0003538,0.0003456,0.0003309,0.0003047,0.0002792,0.000254,0.0002223,0.0002028,0.0001777,0.0001604,0.0001402,0.0001223,0.0001043,8.89e-05,7.417e-05,6.143e-05,4.908e-05,3.912e-05,2.978e-05,2.225e-05,1.584e-05,1.112e-05,7.975e-06,6.1e-06,4.692e-06,4.003e-06,4.064e-06,3.881e-06,3.425e-06,3.648e-06,3.03e-06,3.131e-06,2.827e-06,2.726e-06,2.604e-06,2.706e-06,2.138e-06,2.331e-06,2.341e-06
0.0002708,0.000312,0.0002953,0.000342,0.0003378,0.000344,0.0003473,0.0003514,0.0003408,0.0003466,0.0003516,0.0003481,0.0003303,0.000306,0.0002785,0.0002511,0.0002231,0.0002013,0.000178,0.0001568,0.0001387,0.0001192,0.0001033,8.736e-05,7.396e-05,6.088e-05,4.961e-05,3.936e-05,3.086e-05,2.175e-05,1.628e-05,1.133e-05,7.823e-06,5.573e-06,4.732e-06,4.145e-06,3.993e-06,3.709e-06,3.972e-06,3.222e-06,3.253e-06,2.918e-06,2.959e-06,2.807e-06,2.594e-06,2.25e-06,2.209e-06,2.321e-06,2.341e-06
0.0002821,0.0003249,0.00031,0.0003507,0.0003438,0.0003486,0.0003499,0.000361,0.0003421,0.0003429,0.0003516,0.0003441,0.0003303,0.0003008,0.0002768,0.0002523,0.0002238,0.0002004,0.0001755,0.0001595,0.0001403,0.000123,0.000104,8.888e-05,7.557e-05,6.216e-05,4.931e-05,3.859e-05,3.059e-05,2.211e-05,1.635e-05,1.14e-05,8.228e-06,5.685e-06,4.722e-06,4.347e-06,3.851e-06,3.81e-06,3.699e-06,3.405e-06,3.304e-06,3.101e-06,3.121e-06,3.05e-06,2.706e-06,2.544e-06,2.138e-06,2.25e-06,2.381e-06
0.0002754,0.0003174,0.0003056,0.0003477,0.0003433,0.0003507,0.0003495,0.000357,0.0003433,0.0003471,0.000351,0.0003454,0.0003329,0.0003056,0.0002764,0.0002513,0.0002239,0.0002006,0.000178,0.0001581,0.0001398,0.0001198,0.0001016,8.734e-05,7.308e-05,6.192e-05,5.073e-05,4.011e-05,3.086e-05,2.232e-05,1.586e-05,1.113e-05,8.188e-06,6.263e-06,5.057e-06,4.631e-06,3.749e-06,3.577e-06,3.385e-06,3.526e-06,3.263e-06,3.243e-06,3.01e-06,2.635e-06,2.493e-06,2.665e-06,2.412e-06,2.412e-06,2.442e-06
0.000286,0.0003264,0.0003143,0.0003587,0.0003472,0.0003516,0.0003515,0.0003571,0.0003439,0.0003452,0.0003509,0.0003504,0.0003295,0.0003039,0.00028,0.0002541,0.0002235,0.0002022,0.000177,0.0001582,0.0001392,0.0001197,0.0001037,8.865e-05,7.49e-05,6.305e-05,5.013e-05,3.911e-05,2.965e-05,2.313e-05,1.57e-05,1.174e-05,7.914e-06,5.837e-06,4.651e-06,4.368e-06,3.83e-06,3.405e-06,3.638e-06,3.577e-06,3.324e-06,2.979e-06,3.111e-06,2.584e-06,2.817e-06,2.31e-06,2.341e-06,2.179e-06,2.392e-06
0.0002749,0.0003177,0.0003024,0.0003451,0.0003454,0.0003468,0.0003469,0.000356,0.0003421,0.0003451,0.0003548,0.0003472,0.0003342,0.0003018,0.0002788,0.0002547,0.0002269,0.0002046,0.0001767,0.0001572,0.0001414,0.0001204,0.0001047,8.91e-05,7.387e-05,6.067e-05,4.915e-05,3.927e-05,2.884e-05,2.222e-05,1.597e-05,1.101e-05,7.387e-06,5.766e-06,4.479e-06,3.881e-06,4.104e-06,3.567e-06,4.053e-06,3.354e-06,3.243e-06,3.364e-06,2.787e-06,3.05e-06,2.533e-06,2.138e-06,2.29e-06,2.29e-06,2.341e-06
0.0002791,0.0003182,0.0003069,0.0003498,0.0003469,0.0003499,0.0003501,0.0003559,0.0003424,0.0003472,0.0003556,0.0003459,0.0003318,0.0003017,0.0002771,0.0002535,0.0002218,0.000206,0.0001791,0.0001576,0.0001396,0.0001216,0.0001053,8.988e-05,7.383e-05,6.192e-05,4.947e-05,3.954e-05,2.917e-05,2.161e-05,1.581e-05,1.074e-05,7.712e-06,5.594e-06,5.168e-06,3.841e-06,3.861e-06,3.415e-06,3.496e-06,3.344e-06,3.233e-06,2.929e-06,2.918e-06,2.898e-06,2.473e-06,2.392e-06,2.31e-06,2.179e-06,2.604e-06
0.0002695,0.0003093,0.0002992,0.0003401,0.0003363,0.0003421,0.0003456,0.0003553,0.0003418,0.0003445,0.0003524,0.0003431,0.0003326,0.0003055,0.0002779,0.000254,0.0002243,0.0002039,0.0001778,0.0001606,0.0001371,0.0001219,0.0001019,9.106e-05,7.202e-05,6.072e-05,4.964e-05,3.816e-05,2.995e-05,2.263e-05,1.604e-05,1.104e-05,7.894e-06,6.06e-06,4.54e-06,4.124e-06,3.638e-06,3.891e-06,3.486e-06,3.354e-06,3.192e-06,2.614e-06,2.989e-06,2.817e-06,2.655e-06,2.473e-06,2.321e-06,2.614e-06,2.574e-06
0.000292,0.0003318,0.0003123,0.0003577,0.0003485,0.000358,0.0003513,0.0003575,0.0003461,0.0003461,0.0003506,0.0003437,0.0003315,0.0003055,0.0002769,0.0002506,0.0002238,0.000201,0.0001747,0.0001592,0.0001414,0.0001206,0.0001045,8.928e-05,7.456e-05,6.257e-05,4.941e-05,3.876e-05,3.005e-05,2.32e-05,1.601e-05,1.136e-05,7.701e-06,6.09e-06,4.621e-06,4.297e-06,3.912e-06,3.395e-06,3.628e-06,3.678e-06,3.638e-06,2.817e-06,2.848e-06,2.635e-06,2.797e-06,2.361e-06,2.452e-06,2.685e-06,2.392e-06
0.0002813,0.0003239,0.0003096,0.0003562,0.0003458,0.0003534,0.0003481,0.0003576,0.0003423,0.000347,0.000352,0.0003466,0.0003303,0.000306,0.0002796,0.000252,0.0002217,0.0002024,0.0001799,0.0001599,0.0001377,0.0001188,0.0001023,8.824e-05,7.477e-05,6.157e-05,5.088e-05,3.814e-05,2.869e-05,2.326e-05,1.657e-05,1.098e-05,8.036e-06,5.817e-06,4.52e-06,4.55e-06,3.628e-06,4.185e-06,3.405e-06,3.547e-06,3.577e-06,3.435e-06,3.101e-06,2.888e-06,2.696e-06,2.645e-06,2.179e-06,2.31e-06,2.341e-06
0.0002884,0.0003325,0.0003145,0.0003592,0.0003493,0.0003526,0.0003516,0.000361,0.0003434,0.0003465,0.0003549,0.0003448,0.0003323,0.0003015,0.0002763,0.0002526,0.0002208,0.0002026,0.0001796,0.0001566,0.0001375,0.0001189,0.0001043,8.993e-05,7.459e-05,6.139e-05,5.05e-05,4.05e-05,3.036e-05,2.26e-05,1.646e-05,1.148e-05,8.178e-06,5.908e-06,4.965e-06,3.962e-06,3.861e-06,3.82e-06,3.405e-06,3.577e-06,3.456e-06,3.172e-06,2.797e-06,2.777e-06,2.736e-06,2.513e-06,2.402e-06,2.27e-06,2.158e-06
0.0002835,0.000327,0.0003098,0.0003567,0.0003452,0.0003511,0.0003533,0.0003563,0.0003428,0.0003468,0.0003539,0.0003469,0.0003305,0.0003073,0.0002798,0.0002505,0.0002234,0.0002039,0.0001756,0.0001572,0.000139,0.00012,0.0001028,8.803e-05,7.428e-05,6.247e-05,5.089e-05,3.848e-05,2.965e-05,2.189e-05,1.601e-05,1.123e-05,8.005e-06,5.492e-06,4.763e-06,4.205e-06,4.195e-06,3.77e-06,3.851e-06,3.608e-06,3.364e-06,3.212e-06,2.959e-06,3.03e-06,2.361e-06,2.483e-06,2.412e-06,2.392e-06,2.189e-06
0.0002789,0.0003213,0.0003077,0.0003484,0.0003434,0.0003495,0.0003471,0.0003556,0.0003451,0.0003462,0.000352,0.0003492,0.0003287,0.0003028,0.0002813,0.0002515,0.0002242,0.0002029,0.000177,0.0001567,0.0001404,0.0001206,0.0001044,8.889e-05,7.508e-05,5.991e-05,4.959e-05,3.972e-05,3.001e-05,2.233e-05,1.591e-05,1.13e-05,7.691e-06,6.06e-06,4.357e-06,4.155e-06,3.881e-06,3.922e-06,3.537e-06,3.263e-06,3.385e-06,3.547e-06,3.131e-06,2.574e-06,2.736e-06,2.716e-06,2.28e-06,2.483e-06,2.655e-06
0.0002854,0.0003277,0.0003128,0.000357,0.000347,0.0003532,0.0003495,0.0003593,0.0003455,0.000348,0.0003546,0.0003463,0.000335,0.0003006,0.0002782,0.0002496,0.0002233,0.0002035,0.0001809,0.0001588,0.0001389,0.0001195,0.0001032,8.92e-05,7.417e-05,6.187e-05,5.018e-05,4.019e-05,3.023e-05,2.261e-05,1.68e-05,1.127e-05,7.479e-06,5.979e-06,5.29e-06,4.276e-06,3.77e-06,3.476e-06,3.78e-06,3.243e-06,3.405e-06,3.182e-06,3.314e-06,3.243e-06,2.655e-06,2.169e-06,2.24e-06,2.381e-06,2.351e-06
0.0002848,0.0003258,0.0003109,0.0003554,0.0003461,0.0003538,0.0003532,0.0003579,0.0003419,0.0003448,0.0003546,0.000345,0.0003296,0.0003044,0.0002769,0.0002503,0.000224,0.0002012,0.0001803,0.0001589,0.0001394,0.0001221,0.000104,8.804e-05,7.428e-05,6.282e-05,5.06e-05,3.962e-05,3.03e-05,2.22e-05,1.554e-05,1.168e-05,8.431e-06,5.776e-06,4.753e-06,4.347e-06,3.982e-06,3.729e-06,3.689e-06,3.618e-06,3.314e-06,3.081e-06,3.131e-06,2.604e-06,2.817e-06,2.564e-06,2.28e-06,2.554e-06,2.25e-06
0.0002693,0.0003115,0.0003023,0.0003436,0.0003389,0.0003448,0.0003451,0.0003552,0.0003425,0.0003441,0.000352,0.0003472,0.0003324,0.0003053,0.0002816,0.0002486,0.0002229,0.0002005,0.0001792,0.0001591,0.0001398,0.0001201,0.0001051,9.073e-05,7.271e-05,6.041e-05,4.857e-05,3.906e-05,2.975e-05,2.154e-05,1.537e-05,1.156e-05,7.965e-06,5.665e-06,4.965e-06,4.256e-06,4.155e-06,3.749e-06,3.557e-06,3.537e-06,3.141e-06,3.111e-06,3.162e-06,3.05e-06,2.392e-06,2.27e-06,2.24e-06,2.31e-06,2.706e-06
0.000283,0.0003236,0.0003093,0.0003556,0.0003449,0.0003499,0.0003496,0.0003599,0.0003457,0.0003477,0.0003529,0.0003444,0.0003296,0.0003051,0.0002782,0.0002529,0.0002241,0.0002003,0.0001775,0.0001586,0.0001418,0.0001218,0.0001031,8.951e-05,7.532e-05,6.11e-05,4.894e-05,3.995e-05,2.968e-05,2.187e-05,1.576e-05,1.145e-05,7.519e-06,5.979e-06,4.651e-06,4.368e-06,3.922e-06,3.628e-06,3.709e-06,3.364e-06,3.263e-06,2.898e-06,2.989e-06,2.696e-06,2.837e-06,2.3e-06,2.361e-06,2.3e-06,2.331e-06
0.0002774,0.0003207,0.0003064,0.0003497,0.0003422,0.0003476,0.0003536,0.0003568,0.0003427,0.000344,0.0003501,0.0003431,0.0003313,0.0003003,0.0002785,0.000251,0.0002216,0.0002012,0.0001774,0.0001593,0.0001402,0.0001205,0.0001021,8.736e-05,7.498e-05,6.186e-05,5e-05,3.928e-05,2.994e-05,2.229e-05,1.533e-05,1.125e-05,7.924e-06,5.776e-06,4.763e-06,4.084e-06,4.236e-06,4.074e-06,3.425e-06,3.506e-06,3.395e-06,2.969e-06,2.827e-06,2.949e-06,2.513e-06,2.219e-06,2.067e-06,2.736e-06,2.219e-06
0.0002847,0.0003235,0.000311,0.0003563,0.0003467,0.0003538,0.000352,0.0003578,0.0003443,0.0003428,0.0003515,0.0003484,0.00033,0.0003047,0.000279,0.0002518,0.0002233,0.0002008,0.0001775,0.0001579,0.0001403,0.0001182,0.000105,8.947e-05,7.395e-05,6.157e-05,5.073e-05,3.942e-05,3.071e-05,2.173e-05,1.626e-05,1.166e-05,8.036e-06,5.847e-06,4.732e-06,4.114e-06,4.043e-06,3.871e-06,3.709e-06,3.699e-06,3.233e-06,3.121e-06,2.949e-06,2.645e-06,2.452e-06,2.371e-06,2.321e-06,2.077e-06,2.017e-06
0,0,0,0,0,0,0,0,0,0,0,0,0,0,0,0,0,0,0,0,0,0,0,0,0,0,0,0,0,0,0,0,0,0,0,0,0,0,0,0,0,0,0,0,0,0,0,0,0
3rd quartile
1.326e+12,1.463e+12,1.612e+12,1.776e+12,1.962e+12,2.164e+12,2.387e+12,2.637e+12,2.913e+12,3.216e+12,3.554e+12,3.918e+12,4.322e+12,4.765e+12,5.259e+12,5.806e+12,6.407e+12,7.072e+12,7.805e+12,8.609e+12,9.505e+12,1.049e+13,1.158e+13,1.278e+13,1.409e+13,1.557e+13,1.717e+13,1.894e+13,2.093e+13,2.303e+13,2.545e+13,2.815e+13,3.102e+13,3.429e+13,3.796e+13,4.192e+13,4.627e+13,5.1e+13,5.627e+13,6.198e+13,6.851e+13,7.542e+13,8.328e+13,9.228e+13,1.015e+14,1.117e+14,1.238e+14,1.368e+14,1.507e+14
0.0004594,0.0005089,0.0004574,0.0004918,0.000454,0.0004279,0.0003997,0.0003781,0.000336,0.000313,0.0002971,0.0002782,0.0002462,0.0002174,0.0001861,0.0001552,0.0001283,0.0001073,8.953e-05,7.261e-05,6.028e-05,4.877e-05,3.892e-05,3.171e-05,2.328e-05,1.733e-05,1.309e-05,9.9e-06,6.496e-06,5.117e-06,3.537e-06,2.766e-06,2.736e-06,2.766e-06,2.067e-06,1.844e-06,2.31e-06,2.27e-06,2.108e-06,2.189e-06,1.986e-06,2.006e-06,1.905e-06,1.733e-06,1.5e-06,1.327e-06,1.682e-06,1.074e-06,1.023e-06
0.0004735,0.000515,0.0004616,0.000495,0.0004521,0.0004272,0.0003951,0.0003745,0.0003396,0.0003106,0.0002964,0.0002751,0.0002471,0.0002169,0.0001861,0.0001549,0.0001293,0.00011,8.893e-05,7.322e-05,5.988e-05,4.795e-05,3.796e-05,3.121e-05,2.408e-05,1.839e-05,1.401e-05,9.86e-06,6.962e-06,5.259e-06,3.689e-06,2.756e-06,2.604e-06,2.766e-06,2.564e-06,1.986e-06,2.28e-06,2.179e-06,2.017e-06,2.108e-06,2.138e-06,1.814e-06,2.229e-06,1.652e-06,1.773e-06,1.682e-06,1.409e-06,1.257e-06,1.317e-06
0.0004763,0.0005144,0.0004635,0.000496,0.0004513,0.0004289,0.0004016,0.0003789,0.0003366,0.0003119,0.000298,0.0002764,0.0002505,0.0002151,0.0001855,0.0001546,0.0001298,0.0001096,9.015e-05,7.524e-05,6.317e-05,4.978e-05,3.859e-05,3.185e-05,2.385e-05,1.864e-05,1.31e-05,9.85e-06,6.921e-06,5.442e-06,3.841e-06,2.969e-06,2.29e-06,2.219e-06,2.614e-06,2.381e-06,2.088e-06,2.118e-06,2.138e-06,2.27e-06,2.057e-06,2.047e-06,1.773e-06,1.733e-06,1.854e-06,1.479e-06,1.378e-06,1.226e-06,1.155e-06
0.0004726,0.0005111,0.0004603,0.0004932,0.0004491,0.0004259,0.0003983,0.0003781,0.0003405,0.0003167,0.0002937,0.0002772,0.0002495,0.0002134,0.000184,0.0001558,0.0001307,0.0001061,8.742e-05,7.194e-05,6.138e-05,4.891e-05,3.863e-05,3.11e-05,2.475e-05,1.81e-05,1.366e-05,9.546e-06,6.739e-06,5.077e-06,3.486e-06,3.111e-06,2.655e-06,2.462e-06,2.321e-06,2.25e-06,1.905e-06,2.341e-06,2.017e-06,1.936e-06,2.29e-06,1.956e-06,2.027e-06,1.723e-06,1.956e-06,1.317e-06,1.52e-06,1.175e-06,9.12e-07
0.0004638,0.0005112,0.0004564,0.0004959,0.0004506,0.0004303,0.0003986,0.0003797,0.0003438,0.0003134,0.0002977,0.0002765,0.000251,0.000217,0.0001822,0.0001522,0.0001284,0.0001065,8.883e-05,7.497e-05,6.081e-05,4.85e-05,3.867e-05,3.09e-05,2.363e-05,1.785e-05,1.317e-05,9.88e-06,6.82e-06,4.834e-06,3.648e-06,3.02e-06,2.513e-06,2.381e-06,2.27e-06,2.462e-06,2.209e-06,2.442e-06,2.24e-06,2.158e-06,2.057e-06,2.158e-06,1.794e-06,1.652e-06,1.814e-06,1.54e-06,1.348e-06,1.196e-06,1.125e-06
0.0004568,0.0005003,0.0004557,0.0004897,0.0004473,0.0004292,0.0003996,0.0003764,0.0003376,0.0003158,0.0002966,0.0002771,0.0002502,0.0002147,0.0001825,0.0001542,0.0001273,0.0001063,9.149e-05,7.17e-05,5.859e-05,4.826e-05,3.885e-05,3.101e-05,2.446e-05,1.798e-05,1.292e-05,9.678e-06,6.972e-06,4.722e-06,3.395e-06,3.243e-06,2.635e-06,2.31e-06,2.361e-06,1.996e-06,2.361e-06,1.996e-06,2.047e-06,1.895e-06,2.037e-06,1.834e-06,1.925e-06,1.865e-06,1.824e-06,1.317e-06,1.196e-06,1.175e-06,9.83e-07
0.0004714,0.0005138,0.0004628,0.0004941,0.0004547,0.0004295,0.0004011,0.0003756,0.000337,0.0003145,0.0002954,0.0002752,0.0002501,0.0002154,0.0001832,0.0001579,0.0001292,0.0001089,8.946e-05,7.503e-05,5.93e-05,4.869e-05,3.889e-05,3.017e-05,2.384e-05,1.844e-05,1.322e-05,9.536e-06,6.81e-06,5.016e-06,3.922e-06,3.101e-06,2.544e-06,2.361e-06,2.26e-06,2.31e-06,2.3e-06,2.067e-06,2.199e-06,2.057e-06,1.885e-06,2.321e-06,1.986e-06,1.915e-06,1.753e-06,1.419e-06,1.53e-06,1.236e-06,8.411e-07
0.0004636,0.0005069,0.0004585,0.000494,0.0004503,0.0004277,0.0003988,0.0003756,0.0003395,0.0003135,0.0002958,0.000275,0.000252,0.0002174,0.0001844,0.0001546,0.0001279,0.000109,8.837e-05,7.315e-05,5.948e-05,4.783e-05,3.803e-05,3.183e-05,2.355e-05,1.849e-05,1.284e-05,9.029e-06,6.445e-06,4.955e-06,3.374e-06,3.04e-06,2.442e-06,2.341e-06,2.31e-06,2.067e-06,2.361e-06,2.371e-06,1.784e-06,2.371e-06,2.108e-06,2.098e-06,1.885e-06,1.834e-06,1.571e-06,1.561e-06,1.378e-06,1.175e-06,9.83e-07
0.0004541,0.0004955,0.0004542,0.0004866,0.0004495,0.0004279,0.0003974,0.0003765,0.0003387,0.0003145,0.0002941,0.0002776,0.0002486,0.0002129,0.000184,0.000154,0.0001276,0.0001085,8.749e-05,7.332e-05,6.137e-05,4.767e-05,3.943e-05,3.052e-05,2.333e-05,1.735e-05,1.324e-05,8.836e-06,6.323e-06,4.884e-06,3.628e-06,2.868e-06,2.614e-06,2.412e-06,2.31e-06,2.098e-06,2.331e-06,2.067e-06,2.017e-06,2.432e-06,2.067e-06,1.905e-06,1.956e-06,1.49e-06,1.459e-06,1.51e-06,1.388e-06,1.196e-06,1.074e-06
0.0004699,0.0005103,0.0004617,0.0004963,0.0004546,0.0004287,0.000398,0.0003774,0.0003362,0.0003137,0.0002967,0.0002756,0.0002496,0.0002152,0.0001842,0.0001567,0.0001276,0.0001083,8.845e-05,7.423e-05,5.948e-05,4.903e-05,3.914e-05,3.134e-05,2.271e-05,1.798e-05,1.37e-05,8.978e-06,7.093e-06,4.945e-06,3.76e-06,3.06e-06,2.523e-06,2.523e-06,2.483e-06,2.229e-06,2.452e-06,2.118e-06,2.179e-06,2.351e-06,2.199e-06,2.229e-06,1.865e-06,2.006e-06,1.601e-06,1.479e-06,1.338e-06,1.317e-06,1.064e-06
0.0004513,0.000498,0.0004509,0.0004895,0.0004473,0.0004252,0.0003992,0.0003776,0.0003415,0.0003148,0.0002985,0.0002768,0.0002519,0.0002161,0.0001857,0.0001543,0.0001272,0.0001082,8.83e-05,7.389e-05,5.92e-05,4.734e-05,3.782e-05,3.088e-05,2.284e-05,1.77e-05,1.339e-05,9.384e-06,6.425e-06,4.651e-06,3.314e-06,2.564e-06,2.442e-06,2.412e-06,2.523e-06,1.956e-06,2.331e-06,1.976e-06,2.067e-06,2.148e-06,2.118e-06,1.936e-06,1.936e-06,1.723e-06,1.561e-06,1.398e-06,1.378e-06,1.175e-06,9.728e-07
0.0004647,0.000509,0.0004599,0.0004968,0.0004508,0.0004269,0.0004001,0.000378,0.0003403,0.0003124,0.0002947,0.0002744,0.0002517,0.0002172,0.0001877,0.0001545,0.0001271,0.0001106,9.015e-05,7.233e-05,6.258e-05,4.898e-05,3.883e-05,3.12e-05,2.402e-05,1.829e-05,1.285e-05,1.001e-05,7.519e-06,4.773e-06,3.749e-06,3.121e-06,2.574e-06,2.331e-06,2.31e-06,2.432e-06,2.158e-06,2.138e-06,1.956e-06,2.006e-06,2.148e-06,1.905e-06,1.702e-06,1.854e-06,1.53e-06,1.287e-06,1.358e-06,1.236e-06,1.064e-06
0.0004764,0.0005137,0.000467,0.0005008,0.0004499,0.0004296,0.0003971,0.0003783,0.0003381,0.0003135,0.0002978,0.0002754,0.0002506,0.0002151,0.0001866,0.000154,0.0001312,0.0001098,9.045e-05,7.425e-05,6.094e-05,4.87e-05,3.949e-05,3.284e-05,2.38e-05,1.847e-05,1.372e-05,9.465e-06,7.306e-06,5.199e-06,3.76e-06,2.959e-06,2.442e-06,2.726e-06,2.452e-06,2.199e-06,2.209e-06,2.31e-06,2.098e-06,1.865e-06,2.199e-06,1.885e-06,2.047e-06,1.885e-06,1.763e-06,1.439e-06,1.358e-06,1.084e-06,1.175e-06
0.000441,0.0004932,0.0004482,0.0004857,0.0004459,0.000426,0.000398,0.0003773,0.0003387,0.0003163,0.0002946,0.0002774,0.0002495,0.0002144,0.0001809,0.0001528,0.0001283,0.0001077,8.963e-05,7.263e-05,5.994e-05,4.685e-05,3.716e-05,3.005e-05,2.289e-05,1.752e-05,1.296e-05,9.151e-06,6.415e-06,4.408e-06,3.364e-06,2.858e-06,2.675e-06,2.148e-06,2.118e-06,2.3e-06,2.088e-06,2.229e-06,2.24e-06,2.037e-06,2.128e-06,1.865e-06,1.875e-06,1.784e-06,1.652e-06,1.54e-06,1.246e-06,1.226e-06,1.175e-06
0.0004704,0.0005082,0.0004598,0.0004942,0.0004533,0.0004324,0.0004006,0.0003776,0.0003389,0.0003128,0.0002972,0.0002795,0.000246,0.0002157,0.0001863,0.0001554,0.0001265,0.0001089,8.893e-05,7.455e-05,6.228e-05,4.92e-05,3.796e-05,3.093e-05,2.42e-05,1.889e-05,1.333e-05,9.515e-06,6.455e-06,4.813e-06,3.506e-06,2.696e-06,2.635e-06,2.381e-06,2.594e-06,2.219e-06,2.3e-06,2.067e-06,2.229e-06,2.098e-06,2.3e-06,2.118e-06,1.865e-06,1.804e-06,1.601e-06,1.378e-06,1.165e-06,1.094e-06,9.83e-07
0.0004708,0.0005124,0.0004605,0.0004967,0.0004541,0.0004283,0.0004001,0.0003762,0.0003381,0.0003151,0.0002965,0.0002753,0.000251,0.0002161,0.0001828,0.0001544,0.0001294,0.0001089,8.881e-05,7.31e-05,5.956e-05,4.905e-05,3.864e-05,3.125e-05,2.404e-05,1.841e-05,1.382e-05,9.9e-06,7.134e-06,5.087e-06,3.354e-06,3e-06,2.655e-06,2.392e-06,2.483e-06,2.057e-06,2.361e-06,2.25e-06,2.006e-06,2.138e-06,2.128e-06,2.017e-06,1.925e-06,1.692e-06,1.571e-06,1.439e-06,1.388e-06,1.186e-06,1.155e-06
0.0004629,0.0005073,0.000459,0.0004919,0.0004523,0.0004276,0.0003963,0.0003761,0.0003413,0.000314,0.0002934,0.0002748,0.0002483,0.0002123,0.0001842,0.0001536,0.0001292,0.0001071,9.079e-05,7.358e-05,6.118e-05,4.839e-05,3.802e-05,3.145e-05,2.334e-05,1.822e-05,1.259e-05,9.647e-06,6.86e-06,4.905e-06,3.628e-06,2.878e-06,2.462e-06,2.493e-06,2.493e-06,2.452e-06,2.138e-06,2.037e-06,2.027e-06,1.996e-06,2.148e-06,2.098e-06,1.956e-06,1.905e-06,1.55e-06,1.388e-06,1.186e-06,1.054e-06,1.155e-06
0.0004546,0.0005002,0.0004568,0.0004904,0.0004493,0.0004248,0.000399,0.0003755,0.0003369,0.0003134,0.0002932,0.0002764,0.0002504,0.0002166,0.000184,0.0001539,0.0001273,0.0001089,8.801e-05,7.402e-05,6.115e-05,4.803e-05,3.866e-05,3.051e-05,2.328e-05,1.752e-05,1.289e-05,9.505e-06,6.952e-06,4.894e-06,3.567e-06,2.898e-06,2.513e-06,2.452e-06,2.199e-06,2.25e-06,2.017e-06,2.199e-06,2.179e-06,2.148e-06,2.128e-06,1.844e-06,1.946e-06,1.702e-06,1.479e-06,1.449e-06,1.216e-06,1.034e-06,1.064e-06
0.0004612,0.0005038,0.0004535,0.0004873,0.0004496,0.0004268,0.0003966,0.0003806,0.0003382,0.0003172,0.0003004,0.0002754,0.0002478,0.0002154,0.0001846,0.0001555,0.0001293,0.0001077,8.716e-05,7.203e-05,6.206e-05,4.865e-05,3.765e-05,3.121e-05,2.338e-05,1.819e-05,1.296e-05,9.9e-06,7.033e-06,4.894e-06,3.871e-06,2.675e-06,2.462e-06,2.655e-06,2.381e-06,2.118e-06,2.412e-06,2.28e-06,1.784e-06,2.28e-06,1.854e-06,1.834e-06,1.915e-06,1.784e-06,1.479e-06,1.479e-06,1.439e-06,1.023e-06,9.931e-07
0.0004594,0.0005091,0.000459,0.0004892,0.0004534,0.0004274,0.0004011,0.0003816,0.0003395,0.0003161,0.0002963,0.0002759,0.0002446,0.000212,0.000185,0.0001556,0.0001274,0.0001097,8.968e-05,7.407e-05,6.048e-05,4.857e-05,3.796e-05,3.187e-05,2.36e-05,1.711e-05,1.31e-05,9.343e-06,6.516e-06,4.945e-06,3.932e-06,3.07e-06,2.321e-06,2.513e-06,2.361e-06,2.26e-06,2.047e-06,2.179e-06,2.26e-06,1.865e-06,1.996e-06,1.905e-06,2.077e-06,2.067e-06,1.784e-06,1.642e-06,1.246e-06,1.439e-06,8.31e-07
0.0004541,0.0005011,0.0004562,0.0004883,0.0004516,0.0004288,0.0003981,0.000375,0.0003398,0.0003115,0.0002957,0.0002764,0.0002495,0.000215,0.0001816,0.0001546,0.0001278,0.0001088,8.7e-05,7.389e-05,5.988e-05,4.757e-05,3.82e-05,3.087e-05,2.298e-05,1.762e-05,1.312e-05,9.161e-06,6.881e-06,4.854e-06,3.678e-06,3.111e-06,2.503e-06,2.138e-06,2.138e-06,2.169e-06,2.27e-06,2.088e-06,2.138e-06,2.179e-06,1.824e-06,2.179e-06,1.895e-06,1.895e-06,1.409e-06,1.55e-06,1.479e-06,9.931e-07,1.013e-06
0.0004658,0.0005107,0.0004658,0.0004932,0.00045,0.0004301,0.0003994,0.0003751,0.000341,0.0003098,0.0002935,0.000275,0.0002475,0.0002156,0.0001827,0.0001565,0.0001265,0.000109,8.998e-05,7.381e-05,6.049e-05,4.912e-05,3.925e-05,3.06e-05,2.494e-05,1.856e-05,1.345e-05,9.505e-06,7.002e-06,4.813e-06,3.364e-06,3.172e-06,2.827e-06,2.158e-06,2.432e-06,2.209e-06,2.24e-06,2.067e-06,2.371e-06,2.057e-06,1.986e-06,2.118e-06,1.865e-06,1.662e-06,1.591e-06,1.439e-06,1.216e-06,1.206e-06,1.165e-06
0.0004683,0.0005116,0.0004631,0.0004945,0.0004482,0.0004273,0.0003971,0.0003784,0.0003369,0.0003122,0.0002963,0.0002755,0.000246,0.0002194,0.0001842,0.000154,0.0001287,0.0001067,8.981e-05,7.326e-05,6.139e-05,4.961e-05,3.928e-05,3.099e-05,2.438e-05,1.814e-05,1.327e-05,9.657e-06,6.931e-06,5.158e-06,4.043e-06,3.172e-06,2.827e-06,2.574e-06,2.219e-06,2.564e-06,2.351e-06,2.321e-06,2.229e-06,2.179e-06,2.067e-06,2.138e-06,1.753e-06,1.844e-06,1.662e-06,1.642e-06,1.449e-06,1.196e-06,9.931e-07
0.0004689,0.0005128,0.0004648,0.0004921,0.000454,0.0004316,0.0003903,0.0003791,0.0003436,0.0003189,0.0002949,0.0002751,0.0002486,0.0002132,0.0001845,0.0001549,0.0001284,0.0001082,8.774e-05,7.533e-05,6.161e-05,4.822e-05,3.914e-05,3.066e-05,2.478e-05,1.773e-05,1.31e-05,9.738e-06,7.134e-06,5.391e-06,3.506e-06,3.07e-06,2.584e-06,2.331e-06,2.29e-06,2.148e-06,2.422e-06,1.915e-06,2.392e-06,2.158e-06,2.098e-06,1.956e-06,1.753e-06,1.804e-06,1.591e-06,1.307e-06,1.368e-06,1.054e-06,1.165e-06
0.0004647,0.0005048,0.0004566,0.0004928,0.0004485,0.0004282,0.0003965,0.0003771,0.0003412,0.0003151,0.0002993,0.0002743,0.0002527,0.0002178,0.0001847,0.0001559,0.0001277,0.0001082,8.804e-05,7.206e-05,6.068e-05,4.854e-05,3.914e-05,3.067e-05,2.4e-05,1.803e-05,1.316e-05,9.384e-06,6.881e-06,4.651e-06,4.053e-06,2.817e-06,2.442e-06,2.28e-06,2.31e-06,2.452e-06,2.462e-06,2.057e-06,2.3e-06,1.905e-06,2.24e-06,1.824e-06,2.088e-06,1.875e-06,1.652e-06,1.459e-06,1.165e-06,1.226e-06,1.003e-06
0.0004562,0.0005016,0.0004544,0.0004888,0.0004462,0.0004311,0.0003991,0.0003765,0.0003359,0.0003134,0.0002964,0.0002714,0.0002484,0.0002139,0.0001869,0.0001537,0.0001291,0.0001071,8.896e-05,7.289e-05,6.018e-05,4.867e-05,3.782e-05,3.031e-05,2.365e-05,1.688e-05,1.295e-05,9.455e-06,6.546e-06,4.834e-06,3.537e-06,3.04e-06,2.645e-06,3e-06,2.28e-06,2.645e-06,2.341e-06,2.179e-06,1.956e-06,2.037e-06,1.996e-06,1.996e-06,1.905e-06,1.702e-06,1.561e-06,1.327e-06,1.297e-06,1.216e-06,1.186e-06
0.0004478,0.0005,0.0004551,0.0004865,0.0004484,0.0004279,0.0003977,0.0003775,0.0003398,0.0003156,0.0002984,0.0002794,0.000248,0.0002143,0.0001834,0.0001538,0.0001281,0.0001058,8.709e-05,7.26e-05,5.93e-05,4.815e-05,3.919e-05,3.041e-05,2.305e-05,1.773e-05,1.381e-05,9.728e-06,6.485e-06,4.813e-06,3.466e-06,2.979e-06,2.614e-06,2.473e-06,2.26e-06,2.128e-06,2.341e-06,2.067e-06,2.179e-06,1.946e-06,1.936e-06,1.824e-06,1.915e-06,1.571e-06,1.54e-06,1.854e-06,1.388e-06,1.348e-06,1.267e-06
0.0004677,0.0005056,0.0004617,0.0004904,0.0004463,0.0004282,0.000399,0.0003799,0.0003388,0.0003107,0.0002944,0.0002708,0.0002467,0.0002159,0.0001867,0.0001554,0.0001275,0.0001086,8.867e-05,7.45e-05,6.075e-05,4.737e-05,3.778e-05,3.045e-05,2.413e-05,1.814e-05,1.357e-05,9.434e-06,6.881e-06,5.026e-06,3.78e-06,3.162e-06,2.716e-06,2.544e-06,2.371e-06,2.108e-06,2.219e-06,2.088e-06,2.199e-06,2.067e-06,2.047e-06,1.946e-06,1.773e-06,1.702e-06,1.672e-06,1.743e-06,1.459e-06,1.459e-06,1.115e-06
0.0004561,0.0005054,0.0004596,0.0004922,0.000451,0.0004289,0.0003947,0.0003785,0.0003357,0.0003144,0.0002946,0.0002769,0.0002507,0.0002158,0.0001842,0.0001568,0.0001275,0.000108,8.833e-05,7.446e-05,6.007e-05,4.732e-05,3.934e-05,3.123e-05,2.289e-05,1.809e-05,1.238e-05,9.424e-06,6.374e-06,4.915e-06,3.932e-06,2.888e-06,2.533e-06,2.493e-06,2.027e-06,2.098e-06,2.199e-06,2.29e-06,2.361e-06,2.381e-06,2.027e-06,1.956e-06,1.875e-06,1.652e-06,1.581e-06,1.459e-06,1.358e-06,1.317e-06,1.145e-06
0.0004715,0.0005118,0.0004648,0.0004929,0.0004527,0.00043,0.0004006,0.0003804,0.0003379,0.0003119,0.0002957,0.0002765,0.0002495,0.0002133,0.0001859,0.0001531,0.0001279,0.0001106,8.824e-05,7.418e-05,6.017e-05,4.854e-05,3.907e-05,3.069e-05,2.345e-05,1.772e-05,1.324e-05,9.799e-06,6.952e-06,4.702e-06,3.891e-06,3.01e-06,2.341e-06,2.462e-06,2.361e-06,2.473e-06,2.25e-06,2.361e-06,2.118e-06,2.077e-06,1.925e-06,2.017e-06,2.077e-06,1.784e-06,1.824e-06,1.51e-06,1.348e-06,1.196e-06,1.064e-06
0.0004586,0.0005057,0.0004612,0.0004872,0.0004513,0.0004279,0.0003991,0.0003752,0.0003396,0.000317,0.0002965,0.0002767,0.0002525,0.0002174,0.0001867,0.0001559,0.0001272,0.0001078,8.8e-05,7.5e-05,5.981e-05,4.827e-05,3.786e-05,3.181e-05,2.266e-05,1.869e-05,1.368e-05,9.363e-06,6.82e-06,5.097e-06,3.466e-06,3.131e-06,2.533e-06,2.574e-06,2.402e-06,2.25e-06,1.905e-06,1.895e-06,2.047e-06,1.966e-06,2.321e-06,2.169e-06,1.834e-06,1.915e-06,1.439e-06,1.49e-06,1.378e-06,1.034e-06,1.094e-06
0.0004603,0.00051,0.0004594,0.0004956,0.000452,0.0004274,0.000397,0.0003793,0.0003395,0.0003141,0.0002949,0.0002777,0.0002513,0.0002141,0.0001865,0.0001541,0.0001284,0.0001095,8.852e-05,7.295e-05,6.1e-05,4.788e-05,3.762e-05,3.031e-05,2.378e-05,1.769e-05,1.277e-05,9.87e-06,7.023e-06,5.097e-06,4.175e-06,3.111e-06,2.756e-06,2.614e-06,2.351e-06,2.219e-06,2.371e-06,1.713e-06,2.371e-06,2.138e-06,2.128e-06,1.814e-06,1.986e-06,1.773e-06,1.865e-06,1.53e-06,1.186e-06,1.155e-06,1.054e-06
0.0004504,0.0004995,0.0004535,0.0004852,0.0004512,0.0004206,0.0003944,0.0003788,0.0003397,0.0003143,0.0002986,0.0002771,0.0002471,0.000217,0.0001825,0.0001535,0.0001286,0.0001087,8.718e-05,7.332e-05,6.081e-05,4.816e-05,3.848e-05,3.024e-05,2.335e-05,1.768e-05,1.275e-05,9.242e-06,6.141e-06,5.077e-06,3.557e-06,2.908e-06,2.473e-06,2.088e-06,2.574e-06,2.28e-06,2.27e-06,2.462e-06,2.392e-06,2.128e-06,1.875e-06,1.875e-06,2.006e-06,1.814e-06,1.682e-06,1.469e-06,1.307e-06,1.398e-06,1.094e-06
0.0004756,0.0005224,0.0004671,0.0004981,0.0004543,0.0004304,0.0003988,0.0003787,0.0003393,0.000313,0.0002951,0.0002761,0.0002495,0.0002168,0.0001843,0.0001579,0.0001286,0.0001105,8.792e-05,7.367e-05,6.213e-05,4.811e-05,4.032e-05,3.181e-05,2.467e-05,1.866e-05,1.459e-05,1.001e-05,6.881e-06,5.219e-06,3.82e-06,2.827e-06,2.483e-06,2.544e-06,2.412e-06,2.179e-06,2.341e-06,2.402e-06,2.138e-06,2.017e-06,2.027e-06,1.784e-06,2.27e-06,1.885e-06,1.875e-06,1.702e-06,1.49e-06,1.257e-06,1.115e-06
0.0004664,0.0005093,0.0004596,0.0004969,0.0004509,0.0004309,0.0004024,0.0003785,0.0003376,0.0003164,0.0002941,0.0002753,0.0002523,0.0002163,0.000185,0.0001538,0.0001275,0.0001084,8.874e-05,7.463e-05,6.188e-05,4.935e-05,3.863e-05,3.134e-05,2.379e-05,1.761e-05,1.275e-05,9.688e-06,7.377e-06,4.905e-06,3.668e-06,3.02e-06,2.625e-06,2.392e-06,2.26e-06,2.209e-06,2.098e-06,2.321e-06,2.341e-06,2.209e-06,2.148e-06,1.875e-06,1.804e-06,1.692e-06,1.52e-06,1.581e-06,1.267e-06,1.287e-06,1.054e-06
0.0004739,0.0005211,0.0004633,0.0005014,0.0004545,0.0004308,0.0003965,0.0003749,0.0003368,0.0003154,0.0002956,0.0002753,0.0002506,0.0002129,0.0001863,0.0001539,0.0001287,0.0001082,8.903e-05,7.214e-05,6.184e-05,4.924e-05,3.855e-05,3.138e-05,2.403e-05,1.768e-05,1.333e-05,9.992e-06,6.729e-06,4.57e-06,3.344e-06,3.304e-06,2.625e-06,2.675e-06,2.29e-06,2.067e-06,2.402e-06,2.209e-06,2.402e-06,2.229e-06,2.047e-06,1.986e-06,1.966e-06,1.956e-06,1.631e-06,1.348e-06,1.277e-06,1.196e-06,1.084e-06
0.0004691,0.0005106,0.0004586,0.0004931,0.0004552,0.0004286,0.0004025,0.0003761,0.000337,0.0003134,0.0002969,0.0002767,0.0002507,0.0002179,0.000183,0.0001566,0.0001297,0.0001093,8.825e-05,7.46e-05,6.08e-05,4.904e-05,3.959e-05,3.084e-05,2.456e-05,1.781e-05,1.323e-05,9.85e-06,6.496e-06,5.158e-06,3.678e-06,2.817e-06,2.696e-06,2.432e-06,2.341e-06,2.24e-06,2.473e-06,2.321e-06,2.27e-06,2.027e-06,1.956e-06,2.341e-06,1.834e-06,1.976e-06,1.652e-06,1.378e-06,1.459e-06,1.246e-06,1.094e-06
0.0004615,0.0005119,0.0004617,0.0004913,0.0004507,0.0004317,0.0003999,0.0003775,0.0003403,0.0003089,0.0002939,0.0002773,0.0002497,0.0002127,0.0001839,0.0001549,0.0001296,0.0001084,9.082e-05,7.456e-05,6.072e-05,4.841e-05,3.83e-05,3.147e-05,2.28e-05,1.71e-05,1.302e-05,9.799e-06,6.871e-06,4.611e-06,3.739e-06,2.848e-06,2.746e-06,2.544e-06,2.158e-06,2.229e-06,2.432e-06,2.371e-06,2.3e-06,2.006e-06,1.875e-06,1.946e-06,1.672e-06,1.905e-06,1.865e-06,1.277e-06,1.196e-06,1.196e-06,8.918e-07
0.0004722,0.0005143,0.0004611,0.0005003,0.0004549,0.0004319,0.0003984,0.0003792,0.0003367,0.000317,0.0002959,0.0002779,0.0002484,0.0002169,0.0001868,0.0001564,0.0001291,0.0001077,9.056e-05,7.441e-05,6.158e-05,4.852e-05,3.965e-05,3.153e-05,2.41e-05,1.912e-05,1.33e-05,1e-05,7.023e-06,5.128e-06,3.324e-06,3.131e-06,2.716e-06,2.371e-06,2.25e-06,2.219e-06,2.179e-06,1.895e-06,2.077e-06,1.966e-06,2.179e-06,1.834e-06,1.804e-06,1.763e-06,1.54e-06,1.449e-06,1.429e-06,1.277e-06,1.074e-06
0.0004725,0.0005097,0.0004634,0.0004918,0.0004476,0.0004292,0.0003979,0.0003798,0.000339,0.0003138,0.0002988,0.0002764,0.0002478,0.0002134,0.0001832,0.0001562,0.0001295,0.0001092,8.877e-05,7.438e-05,6.257e-05,4.89e-05,3.943e-05,3.153e-05,2.35e-05,1.757e-05,1.32e-05,1.022e-05,6.688e-06,5.087e-06,3.932e-06,2.929e-06,2.584e-06,2.27e-06,2.138e-06,2.371e-06,2.635e-06,2.169e-06,1.804e-06,2.179e-06,2.047e-06,1.804e-06,1.905e-06,1.581e-06,1.763e-06,1.571e-06,1.216e-06,1.338e-06,1.074e-06
0.0004505,0.0004957,0.0004541,0.0004821,0.0004469,0.0004282,0.0003992,0.0003797,0.0003348,0.0003189,0.0002969,0.0002755,0.0002507,0.000215,0.0001829,0.0001568,0.0001289,0.0001054,8.823e-05,7.288e-05,5.896e-05,4.784e-05,3.837e-05,3.059e-05,2.346e-05,1.723e-05,1.266e-05,9.647e-06,6.84e-06,5.219e-06,3.993e-06,2.696e-06,2.614e-06,2.27e-06,2.158e-06,2.219e-06,2.158e-06,2.473e-06,1.956e-06,2.017e-06,2.047e-06,2.331e-06,2.108e-06,1.581e-06,1.682e-06,1.53e-06,1.327e-06,1.175e-06,1.034e-06
0.0004663,0.0005111,0.0004622,0.0004943,0.0004514,0.000429,0.000397,0.0003755,0.0003408,0.0003169,0.0002947,0.0002769,0.000251,0.0002171,0.0001829,0.0001546,0.0001288,0.0001075,8.942e-05,7.312e-05,6.036e-05,4.901e-05,3.813e-05,3.113e-05,2.364e-05,1.838e-05,1.28e-05,9.718e-06,6.871e-06,5.107e-06,3.445e-06,2.929e-06,2.706e-06,2.432e-06,2.483e-06,2.3e-06,2.371e-06,2.28e-06,2.169e-06,2.128e-06,1.915e-06,2.108e-06,1.925e-06,1.794e-06,1.702e-06,1.479e-06,1.571e-06,1.074e-06,1.307e-06
0.0004613,0.0005091,0.0004581,0.0004956,0.0004489,0.0004279,0.0003964,0.0003783,0.0003398,0.0003129,0.0002954,0.0002769,0.0002475,0.0002161,0.0001846,0.0001545,0.0001281,0.0001098,8.903e-05,7.466e-05,6.159e-05,4.795e-05,4.024e-05,3.092e-05,2.336e-05,1.781e-05,1.255e-05,9.556e-06,7.215e-06,5.148e-06,3.861e-06,3.111e-06,2.665e-06,2.462e-06,2.452e-06,2.199e-06,2.27e-06,1.986e-06,2.108e-06,2.047e-06,2.077e-06,1.885e-06,1.672e-06,1.753e-06,1.631e-06,1.672e-06,1.398e-06,1.277e-06,1.044e-06
0.0004691,0.0005155,0.00046,0.0004985,0.0004555,0.0004282,0.0003989,0.000377,0.0003346,0.0003152,0.0002954,0.00028,0.0002493,0.0002136,0.0001842,0.0001549,0.0001289,0.0001097,9.019e-05,7.403e-05,6.09e-05,4.83e-05,3.986e-05,3.131e-05,2.473e-05,1.816e-05,1.327e-05,9.343e-06,6.84e-06,4.793e-06,3.476e-06,3.101e-06,2.564e-06,2.584e-06,2.402e-06,2.28e-06,2.25e-06,2.24e-06,2.422e-06,2.118e-06,2.057e-06,1.915e-06,1.773e-06,1.966e-06,1.53e-06,1.581e-06,1.459e-06,1.125e-06,8.918e-07
0,0,0,0,0,0,0,0,0,0,0,0,0,0,0,0,0,0,0,0,0,0,0,0,0,0,0,0,0,0,0,0,0,0,0,0,0,0,0,0,0,0,0,0,0,0,0,0,0
4th quartile
1.325e+12,1.463e+12,1.611e+12,1.775e+12,1.961e+12,2.163e+12,2.386e+12,2.635e+12,2.912e+12,3.213e+12,3.551e+12,3.919e+12,4.318e+12,4.764e+12,5.257e+12,5.802e+12,6.404e+12,7.065e+12,7.799e+12,8.605e+12,9.499e+12,1.05e+13,1.155e+13,1.277e+13,1.409e+13,1.553e+13,1.714e+13,1.895e+13,2.091e+13,2.316e+13,2.543e+13,2.831e+13,3.118e+13,3.444e+13,3.776e+13,4.196e+13,4.607e+13,5.116e+13,5.623e+13,6.188e+13,6.829e+13,7.565e+13,8.386e+13,9.188e+13,1.023e+14,1.116e+14,1.237e+14,1.361e+14,1.513e+14
0.0006492,0.0006992,0.0005948,0.0005968,0.0005056,0.0004459,0.0003836,0.0003344,0.0002777,0.0002375,0.0002075,0.0001837,0.0001612,0.0001348,0.0001115,8.602e-05,6.707e-05,5.117e-05,3.823e-05,2.93e-05,2.164e-05,1.552e-05,1.194e-05,7.722e-06,5.087e-06,3.253e-06,2.554e-06,1.459e-06,1.277e-06,9.728e-07,1.094e-06,9.424e-07,8.816e-07,7.499e-07,7.803e-07,8.614e-07,9.12e-07,9.019e-07,9.83e-07,1.135e-06,6.283e-07,9.019e-07,1.084e-06,7.093e-07,7.904e-07,7.093e-07,5.472e-07,5.979e-07,4.459e-07
0.0006593,0.0006973,0.0005956,0.0005993,0.0005094,0.0004443,0.0003867,0.0003387,0.0002805,0.0002452,0.0002112,0.0001876,0.0001643,0.0001373,0.0001135,8.699e-05,6.766e-05,5.376e-05,3.886e-05,3.007e-05,2.23e-05,1.665e-05,1.144e-05,7.539e-06,5.482e-06,3.456e-06,2.523e-06,1.753e-06,1.348e-06,1.094e-06,1.013e-06,9.12e-07,9.019e-07,8.411e-07,9.526e-07,7.701e-07,7.6e-07,6.384e-07,1.044e-06,7.701e-07,9.323e-07,7.701e-07,7.397e-07,6.688e-07,8.31e-07,6.891e-07,6.688e-07,4.56e-07,4.661e-07
0.000663,0.0006996,0.0006028,0.0005974,0.0005113,0.0004458,0.0003857,0.0003396,0.0002817,0.000246,0.0002146,0.0001884,0.0001641,0.0001367,0.0001118,8.754e-05,6.846e-05,5.181e-05,4.007e-05,3.015e-05,2.221e-05,1.63e-05,1.177e-05,8.674e-06,5.959e-06,3.76e-06,2.604e-06,1.479e-06,1.307e-06,1.023e-06,9.728e-07,8.208e-07,8.005e-07,8.005e-07,7.296e-07,8.614e-07,8.715e-07,9.931e-07,9.526e-07,1.064e-06,8.614e-07,6.891e-07,8.005e-07,9.019e-07,6.688e-07,4.661e-07,6.283e-07,5.877e-07,3.952e-07
0.0006606,0.0006968,0.0005991,0.0005995,0.0005034,0.0004433,0.0003825,0.0003368,0.0002855,0.0002396,0.0002132,0.000185,0.0001628,0.0001339,0.0001125,8.812e-05,6.722e-05,5.221e-05,3.907e-05,2.935e-05,2.24e-05,1.579e-05,1.192e-05,8.472e-06,5.472e-06,3.972e-06,2.462e-06,1.55e-06,1.277e-06,9.627e-07,8.31e-07,8.512e-07,1.094e-06,8.816e-07,8.614e-07,8.918e-07,1.054e-06,7.397e-07,8.512e-07,9.323e-07,9.424e-07,8.816e-07,7.6e-07,7.397e-07,7.6e-07,6.384e-07,7.093e-07,5.168e-07,3.445e-07
0.0006534,0.0006954,0.0005928,0.0005984,0.0005101,0.000443,0.0003828,0.0003413,0.0002816,0.0002449,0.0002124,0.0001861,0.0001616,0.0001368,0.0001103,8.899e-05,6.706e-05,5.087e-05,3.91e-05,2.903e-05,2.212e-05,1.586e-05,1.141e-05,7.762e-06,5.756e-06,3.739e-06,2.219e-06,1.581e-06,1.287e-06,1.094e-06,1.074e-06,8.512e-07,7.397e-07,9.627e-07,7.701e-07,9.526e-07,9.323e-07,7.397e-07,8.31e-07,8.411e-07,9.627e-07,7.093e-07,8.715e-07,5.675e-07,7.701e-07,7.499e-07,7.499e-07,5.067e-07,4.661e-07
0.0006486,0.0006859,0.0005913,0.000596,0.0005048,0.0004429,0.000382,0.0003359,0.0002773,0.0002427,0.0002098,0.0001847,0.0001617,0.0001348,0.0001102,8.335e-05,6.657e-05,5.234e-05,3.958e-05,2.858e-05,2.177e-05,1.473e-05,1.096e-05,7.245e-06,5.047e-06,3.385e-06,2.138e-06,1.51e-06,1.186e-06,9.12e-07,8.816e-07,9.323e-07,8.208e-07,7.093e-07,8.208e-07,1.064e-06,8.411e-07,1.044e-06,7.701e-07,9.526e-07,8.208e-07,8.107e-07,7.803e-07,8.411e-07,7.803e-07,5.776e-07,5.776e-07,5.371e-07,4.661e-07
0.0006633,0.0006993,0.0005992,0.0005992,0.0005064,0.0004452,0.0003869,0.0003396,0.0002811,0.000244,0.000212,0.0001864,0.0001613,0.0001356,0.0001122,8.597e-05,6.86e-05,5.175e-05,3.987e-05,2.921e-05,2.2e-05,1.601e-05,1.151e-05,8.34e-06,5.178e-06,3.881e-06,2.442e-06,1.773e-06,1.388e-06,8.208e-07,7.701e-07,8.715e-07,8.005e-07,9.931e-07,8.208e-07,8.411e-07,8.715e-07,8.715e-07,8.614e-07,1.084e-06,9.12e-07,8.208e-07,9.019e-07,8.31e-07,6.891e-07,6.891e-07,6.181e-07,7.499e-07,3.648e-07
0.0006493,0.000691,0.0005907,0.0005994,0.0005068,0.0004435,0.0003863,0.0003383,0.0002796,0.0002425,0.0002094,0.000186,0.0001618,0.000135,0.0001087,8.542e-05,6.663e-05,5.004e-05,3.907e-05,2.916e-05,2.149e-05,1.535e-05,1.065e-05,7.864e-06,5.381e-06,3.932e-06,2.564e-06,1.895e-06,1.54e-06,9.728e-07,8.918e-07,8.816e-07,8.31e-07,6.587e-07,5.877e-07,8.31e-07,1.175e-06,1.013e-06,9.83e-07,7.904e-07,7.803e-07,9.019e-07,8.005e-07,6.789e-07,7.499e-07,6.688e-07,5.573e-07,5.573e-07,3.749e-07
0.0006449,0.0006868,0.000591,0.0005938,0.0005075,0.000443,0.0003784,0.0003362,0.0002744,0.0002404,0.0002065,0.0001838,0.000159,0.0001348,0.0001071,8.669e-05,6.584e-05,5.13e-05,3.834e-05,2.937e-05,2.058e-05,1.587e-05,1.087e-05,7.58e-06,5.138e-06,3.456e-06,2.098e-06,1.763e-06,1.115e-06,9.83e-07,7.803e-07,9.424e-07,8.411e-07,8.614e-07,9.222e-07,7.093e-07,9.222e-07,8.208e-07,1.013e-06,9.424e-07,9.019e-07,8.715e-07,8.107e-07,6.485e-07,6.891e-07,7.6e-07,6.283e-07,4.357e-07,3.445e-07
0.0006581,0.0006967,0.000596,0.0005986,0.0005087,0.0004467,0.0003863,0.0003389,0.000282,0.0002382,0.0002121,0.0001862,0.0001644,0.0001366,0.0001096,8.695e-05,6.467e-05,5.097e-05,3.78e-05,2.892e-05,2.251e-05,1.65e-05,1.078e-05,8.168e-06,5.33e-06,3.577e-06,2.939e-06,1.611e-06,1.327e-06,1.246e-06,9.222e-07,1.044e-06,9.323e-07,8.107e-07,6.587e-07,9.12e-07,8.816e-07,8.107e-07,9.526e-07,7.803e-07,8.005e-07,8.208e-07,8.31e-07,8.512e-07,6.181e-07,6.891e-07,5.675e-07,6.181e-07,4.864e-07
0.0006481,0.0006847,0.0005876,0.0005946,0.0005057,0.0004425,0.0003822,0.0003355,0.0002785,0.000241,0.000211,0.0001855,0.0001597,0.0001353,0.0001082,8.481e-05,6.405e-05,5.007e-05,3.845e-05,2.872e-05,2.081e-05,1.509e-05,1.16e-05,7.367e-06,5.381e-06,3.293e-06,2.321e-06,1.571e-06,1.51e-06,1.094e-06,8.816e-07,9.323e-07,9.526e-07,8.107e-07,7.296e-07,8.816e-07,7.296e-07,1.023e-06,7.6e-07,9.019e-07,8.918e-07,8.005e-07,7.803e-07,8.512e-07,6.789e-07,5.877e-07,4.864e-07,5.776e-07,5.371e-07
0.0006552,0.0006989,0.0005982,0.0005999,0.0005079,0.000444,0.0003842,0.0003386,0.0002824,0.0002418,0.0002096,0.0001873,0.000163,0.000136,0.0001116,8.686e-05,6.708e-05,5.245e-05,3.862e-05,2.89e-05,2.291e-05,1.655e-05,1.137e-05,8.005e-06,5.837e-06,3.638e-06,2.392e-06,1.824e-06,1.236e-06,1.013e-06,9.627e-07,7.296e-07,9.526e-07,8.614e-07,8.816e-07,8.411e-07,9.526e-07,7.296e-07,9.424e-07,1.013e-06,8.31e-07,8.208e-07,7.397e-07,5.877e-07,7.904e-07,5.573e-07,7.093e-07,5.877e-07,4.256e-07
0.0006591,0.0007019,0.000602,0.0006006,0.0005098,0.0004503,0.0003834,0.0003391,0.0002802,0.0002439,0.0002129,0.000185,0.000166,0.000138,0.0001135,8.666e-05,6.713e-05,5.194e-05,4.044e-05,2.995e-05,2.153e-05,1.606e-05,1.125e-05,8.38e-06,4.935e-06,3.82e-06,2.229e-06,1.611e-06,1.155e-06,1.084e-06,8.208e-07,1.023e-06,9.222e-07,1.013e-06,9.931e-07,9.424e-07,7.499e-07,9.627e-07,9.627e-07,8.31e-07,1.044e-06,7.296e-07,7.296e-07,7.296e-07,7.499e-07,5.776e-07,4.763e-07,5.675e-07,6.181e-07
0.0006397,0.000686,0.0005897,0.0005936,0.0005033,0.0004445,0.0003793,0.0003343,0.0002759,0.0002373,0.0002055,0.0001818,0.000159,0.0001309,0.000108,8.451e-05,6.563e-05,4.968e-05,3.725e-05,2.768e-05,2.096e-05,1.514e-05,1.038e-05,7.56e-06,5.269e-06,3.405e-06,2.128e-06,1.794e-06,1.125e-06,1.155e-06,8.411e-07,8.715e-07,7.701e-07,8.715e-07,6.485e-07,9.222e-07,7.195e-07,9.323e-07,8.107e-07,9.627e-07,6.384e-07,9.12e-07,8.107e-07,8.31e-07,7.904e-07,5.979e-07,4.965e-07,4.256e-07,4.763e-07
0.0006588,0.0006948,0.0005902,0.0005965,0.0005056,0.000446,0.0003839,0.0003361,0.0002809,0.0002398,0.0002128,0.0001845,0.0001628,0.0001369,0.0001117,8.726e-05,6.652e-05,5.187e-05,3.944e-05,3.029e-05,2.285e-05,1.606e-05,1.099e-05,8.016e-06,5.563e-06,3.719e-06,2.189e-06,1.844e-06,1.165e-06,1.034e-06,1.074e-06,8.816e-07,8.715e-07,9.222e-07,9.931e-07,8.208e-07,7.803e-07,7.803e-07,1.003e-06,8.005e-07,8.512e-07,7.803e-07,7.397e-07,7.296e-07,6.891e-07,6.688e-07,6.283e-07,5.675e-07,4.053e-07
0.0006579,0.0007035,0.0005995,0.0005987,0.000504,0.0004503,0.0003844,0.0003366,0.000282,0.0002446,0.0002133,0.0001866,0.0001646,0.0001387,0.0001105,8.679e-05,6.653e-05,5.281e-05,3.942e-05,3.015e-05,2.199e-05,1.621e-05,1.159e-05,7.975e-06,4.996e-06,3.496e-06,2.584e-06,1.733e-06,1.226e-06,1.064e-06,9.323e-07,7.803e-07,8.614e-07,9.323e-07,7.701e-07,8.816e-07,7.701e-07,9.931e-07,9.222e-07,1.003e-06,8.918e-07,6.688e-07,8.005e-07,7.701e-07,7.701e-07,5.472e-07,5.877e-07,4.56e-07,5.269e-07
0.0006541,0.0006939,0.0005944,0.0005942,0.0005081,0.0004463,0.0003809,0.0003344,0.0002826,0.0002398,0.0002082,0.0001845,0.0001608,0.0001348,0.0001112,8.715e-05,6.531e-05,5.136e-05,3.778e-05,2.889e-05,2.225e-05,1.503e-05,1.084e-05,7.853e-06,5.168e-06,3.344e-06,2.503e-06,1.723e-06,1.125e-06,1.013e-06,8.107e-07,8.816e-07,8.107e-07,7.195e-07,7.296e-07,9.323e-07,7.904e-07,1.023e-06,9.222e-07,8.107e-07,8.107e-07,9.728e-07,8.107e-07,7.195e-07,7.397e-07,6.688e-07,6.891e-07,5.067e-07,4.357e-07
0.0006453,0.0006922,0.0005898,0.0005977,0.0005039,0.0004525,0.000382,0.0003348,0.0002812,0.0002412,0.000208,0.0001831,0.000159,0.0001345,0.0001093,8.412e-05,6.483e-05,4.997e-05,3.853e-05,2.861e-05,2.061e-05,1.533e-05,1.102e-05,7.793e-06,5.513e-06,3.739e-06,2.179e-06,1.652e-06,1.135e-06,1.094e-06,8.005e-07,7.397e-07,8.005e-07,6.789e-07,9.83e-07,8.208e-07,7.296e-07,9.222e-07,8.107e-07,9.222e-07,8.816e-07,7.499e-07,8.005e-07,7.803e-07,8.411e-07,6.688e-07,5.776e-07,5.877e-07,5.877e-07
0.0006457,0.0006944,0.0005953,0.0005989,0.000506,0.0004482,0.0003832,0.0003356,0.0002804,0.0002405,0.0002083,0.0001833,0.0001614,0.0001362,0.0001083,8.652e-05,6.664e-05,5.146e-05,3.837e-05,2.93e-05,2.138e-05,1.518e-05,1.063e-05,7.712e-06,4.986e-06,3.314e-06,2.088e-06,1.692e-06,9.323e-07,1.044e-06,9.424e-07,8.411e-07,8.005e-07,8.816e-07,9.526e-07,1.044e-06,8.208e-07,7.093e-07,8.208e-07,8.31e-07,8.005e-07,8.31e-07,7.803e-07,9.83e-07,7.093e-07,6.08e-07,5.877e-07,6.384e-07,5.371e-07
0.000655,0.0006937,0.0005984,0.0005975,0.0005047,0.0004455,0.0003809,0.0003383,0.0002793,0.0002413,0.0002097,0.0001842,0.0001631,0.0001356,0.000111,8.587e-05,6.634e-05,5.098e-05,3.826e-05,2.941e-05,2.27e-05,1.535e-05,1.145e-05,7.945e-06,5.604e-06,3.729e-06,2.483e-06,1.682e-06,1.51e-06,1.145e-06,9.424e-07,9.83e-07,7.701e-07,8.411e-07,8.208e-07,8.816e-07,8.715e-07,7.904e-07,8.005e-07,8.715e-07,9.526e-07,8.411e-07,8.816e-07,6.891e-07,7.803e-07,6.485e-07,7.803e-07,5.776e-07,3.547e-07
0.0006472,0.0006865,0.0005952,0.0005914,0.0005078,0.0004409,0.0003825,0.000336,0.0002819,0.0002427,0.0002104,0.0001795,0.0001611,0.0001336,0.0001091,8.485e-05,6.579e-05,5.106e-05,3.705e-05,2.843e-05,2.161e-05,1.558e-05,1.132e-05,8.056e-06,4.945e-06,3.689e-06,2.726e-06,1.621e-06,1.267e-06,1.023e-06,7.6e-07,8.614e-07,7.499e-07,8.107e-07,8.411e-07,9.222e-07,8.715e-07,1.023e-06,8.208e-07,8.614e-07,9.931e-07,8.816e-07,8.005e-07,6.789e-07,6.992e-07,6.08e-07,5.269e-07,5.168e-07,4.661e-07
0.0006541,0.0006947,0.0005919,0.0005978,0.0005084,0.0004438,0.0003868,0.0003367,0.0002793,0.0002411,0.0002134,0.0001857,0.0001616,0.0001367,0.0001119,8.795e-05,6.658e-05,5.148e-05,3.927e-05,2.97e-05,2.149e-05,1.593e-05,1.082e-05,7.975e-06,5.421e-06,3.537e-06,2.371e-06,1.692e-06,1.216e-06,8.918e-07,7.195e-07,9.323e-07,8.208e-07,9.424e-07,6.992e-07,8.918e-07,8.107e-07,9.019e-07,7.803e-07,7.803e-07,8.614e-07,9.323e-07,7.499e-07,7.296e-07,6.688e-07,7.803e-07,6.485e-07,5.168e-07,5.472e-07
0.0006592,0.0006973,0.0005952,0.0005966,0.0005108,0.0004479,0.0003846,0.0003363,0.0002806,0.0002447,0.0002123,0.0001878,0.0001641,0.0001373,0.0001114,8.739e-05,6.713e-05,5.277e-05,3.957e-05,3.003e-05,2.236e-05,1.639e-05,1.126e-05,8.208e-06,5.452e-06,3.912e-06,2.452e-06,1.804e-06,1.165e-06,9.627e-07,9.728e-07,8.715e-07,8.107e-07,8.816e-07,8.411e-07,9.627e-07,9.222e-07,8.107e-07,7.803e-07,8.411e-07,7.397e-07,8.411e-07,8.31e-07,7.803e-07,7.093e-07,6.891e-07,6.283e-07,5.776e-07,4.661e-07
0.0006599,0.0006932,0.000597,0.0005953,0.000508,0.000447,0.0003843,0.0003377,0.0002849,0.0002429,0.0002113,0.0001854,0.0001648,0.0001383,0.0001115,8.699e-05,6.663e-05,5.195e-05,3.915e-05,2.944e-05,2.198e-05,1.581e-05,1.143e-05,7.975e-06,5.766e-06,3.81e-06,2.483e-06,1.571e-06,1.155e-06,8.208e-07,9.931e-07,8.816e-07,7.803e-07,8.208e-07,8.715e-07,8.208e-07,1.034e-06,9.323e-07,9.627e-07,8.512e-07,7.701e-07,7.093e-07,8.816e-07,8.208e-07,8.31e-07,5.877e-07,5.979e-07,4.763e-07,5.573e-07
0.0006515,0.0006924,0.0005933,0.0005985,0.0005068,0.0004459,0.0003859,0.0003356,0.0002796,0.0002416,0.0002103,0.0001837,0.000161,0.0001339,0.0001107,8.674e-05,6.604e-05,5.157e-05,3.883e-05,2.85e-05,2.18e-05,1.577e-05,1.117e-05,7.6e-06,5.29e-06,3.374e-06,2.341e-06,1.814e-06,1.094e-06,9.323e-07,1.145e-06,5.979e-07,7.397e-07,7.904e-07,9.222e-07,8.512e-07,6.789e-07,7.701e-07,8.411e-07,9.019e-07,7.499e-07,7.093e-07,6.992e-07,7.296e-07,7.195e-07,6.992e-07,4.661e-07,4.053e-07,5.067e-07
0.0006464,0.0006894,0.0005923,0.0005928,0.0005055,0.0004425,0.0003821,0.0003382,0.000278,0.0002389,0.0002073,0.0001816,0.00016,0.0001327,0.0001096,8.551e-05,6.501e-05,5.015e-05,3.814e-05,2.941e-05,2.148e-05,1.485e-05,1.022e-05,7.874e-06,4.834e-06,3.364e-06,2.371e-06,1.631e-06,1.023e-06,9.424e-07,8.107e-07,9.019e-07,7.296e-07,8.107e-07,7.803e-07,9.424e-07,1.034e-06,8.005e-07,9.323e-07,8.816e-07,9.019e-07,8.614e-07,8.107e-07,6.485e-07,7.296e-07,5.979e-07,6.688e-07,4.155e-07,4.357e-07
0.0006431,0.0006835,0.0005935,0.000592,0.000504,0.000446,0.0003825,0.0003369,0.0002773,0.0002408,0.0002069,0.0001809,0.0001602,0.0001328,0.000107,8.53e-05,6.438e-05,4.996e-05,3.766e-05,2.782e-05,2.151e-05,1.502e-05,1.029e-05,7.752e-06,5.695e-06,3.638e-06,2.128e-06,1.621e-06,1.327e-06,1.155e-06,1.115e-06,7.397e-07,8.411e-07,1.003e-06,8.107e-07,7.803e-07,8.816e-07,1.023e-06,9.424e-07,8.31e-07,9.526e-07,7.6e-07,8.918e-07,8.512e-07,6.688e-07,8.31e-07,5.675e-07,5.979e-07,4.56e-07
0.0006509,0.0006915,0.0005929,0.0005983,0.0005083,0.0004439,0.000382,0.0003391,0.0002819,0.00024,0.0002123,0.0001873,0.0001622,0.0001349,0.0001109,8.731e-05,6.676e-05,5.222e-05,3.932e-05,2.935e-05,2.221e-05,1.563e-05,1.093e-05,7.651e-06,5.705e-06,3.8e-06,2.493e-06,1.834e-06,1.378e-06,1.054e-06,8.411e-07,8.715e-07,9.83e-07,1.013e-06,8.614e-07,8.31e-07,8.411e-07,8.411e-07,8.614e-07,7.904e-07,7.904e-07,7.904e-07,8.005e-07,8.512e-07,6.891e-07,7.397e-07,4.459e-07,7.397e-07,4.965e-07
0.0006539,0.0006905,0.0005929,0.0005962,0.0005021,0.0004435,0.0003821,0.0003373,0.0002815,0.0002413,0.0002086,0.0001834,0.000161,0.0001349,0.000109,8.812e-05,6.525e-05,5.105e-05,3.857e-05,2.91e-05,2.083e-05,1.611e-05,1.075e-05,7.823e-06,5.28e-06,3.374e-06,2.25e-06,1.561e-06,1.257e-06,9.323e-07,1.115e-06,9.931e-07,7.904e-07,7.904e-07,9.222e-07,6.789e-07,7.904e-07,8.512e-07,9.019e-07,9.83e-07,7.904e-07,1.003e-06,8.208e-07,8.107e-07,8.208e-07,8.208e-07,4.965e-07,6.384e-07,4.256e-07
0.0006556,0.0006991,0.0005979,0.0005994,0.0005065,0.0004491,0.0003876,0.0003406,0.0002825,0.0002417,0.0002096,0.0001857,0.0001626,0.0001363,0.0001119,8.663e-05,6.712e-05,5.125e-05,3.876e-05,2.871e-05,2.251e-05,1.598e-05,1.145e-05,7.762e-06,5.249e-06,3.699e-06,2.442e-06,1.55e-06,1.327e-06,1.206e-06,1.094e-06,9.424e-07,8.411e-07,1.013e-06,9.728e-07,1.064e-06,8.005e-07,9.931e-07,1.074e-06,8.918e-07,9.526e-07,8.715e-07,1.034e-06,9.931e-07,8.005e-07,7.296e-07,5.168e-07,5.675e-07,4.459e-07
0.0006498,0.0006907,0.0005964,0.0005948,0.0005052,0.000447,0.0003809,0.0003364,0.0002814,0.0002393,0.0002063,0.0001837,0.0001612,0.0001353,0.0001114,8.687e-05,6.604e-05,5.118e-05,3.961e-05,2.796e-05,2.182e-05,1.541e-05,1.074e-05,7.661e-06,5.249e-06,3.749e-06,2.381e-06,1.743e-06,1.419e-06,1.003e-06,9.12e-07,8.411e-07,8.107e-07,6.992e-07,8.208e-07,9.12e-07,8.715e-07,9.424e-07,8.614e-07,7.904e-07,9.019e-07,8.816e-07,6.485e-07,8.512e-07,5.979e-07,5.067e-07,6.283e-07,5.979e-07,4.763e-07
0.0006558,0.0006903,0.0005994,0.0005977,0.0005074,0.0004488,0.0003856,0.0003366,0.0002799,0.0002424,0.0002096,0.0001812,0.0001602,0.0001348,0.0001099,8.703e-05,6.703e-05,5.118e-05,3.708e-05,2.903e-05,2.176e-05,1.61e-05,1.101e-05,7.995e-06,5.584e-06,3.628e-06,2.392e-06,1.763e-06,1.5e-06,1.094e-06,8.107e-07,9.019e-07,7.904e-07,9.323e-07,9.222e-07,8.614e-07,9.019e-07,7.701e-07,9.424e-07,1.023e-06,1.074e-06,7.296e-07,6.587e-07,6.688e-07,7.499e-07,6.789e-07,5.269e-07,5.573e-07,4.459e-07
0.000647,0.0006837,0.0005906,0.0005911,0.0005053,0.0004422,0.0003831,0.0003332,0.000281,0.000237,0.0002085,0.0001816,0.0001594,0.0001339,0.0001086,8.543e-05,6.422e-05,5.159e-05,3.762e-05,2.8e-05,2.122e-05,1.494e-05,1.118e-05,7.468e-06,5.391e-06,4.053e-06,2.341e-06,1.905e-06,1.135e-06,9.83e-07,9.323e-07,1.084e-06,8.411e-07,1.003e-06,8.107e-07,1.013e-06,1.084e-06,8.918e-07,8.918e-07,8.31e-07,8.411e-07,8.411e-07,8.208e-07,6.384e-07,7.803e-07,6.789e-07,5.371e-07,5.168e-07,4.763e-07
0.0006622,0.0007027,0.0006027,0.0005972,0.0005069,0.0004427,0.000384,0.0003391,0.0002823,0.0002449,0.0002144,0.0001859,0.0001638,0.0001394,0.0001137,8.991e-05,6.9e-05,5.365e-05,3.977e-05,2.966e-05,2.251e-05,1.514e-05,1.217e-05,8.512e-06,5.452e-06,3.618e-06,2.189e-06,1.784e-06,1.469e-06,1.003e-06,8.005e-07,8.614e-07,9.12e-07,8.31e-07,9.931e-07,8.107e-07,9.019e-07,1.023e-06,9.627e-07,1.003e-06,8.918e-07,6.992e-07,9.728e-07,7.6e-07,5.371e-07,7.093e-07,5.371e-07,5.472e-07,5.472e-07
0.0006615,0.0007022,0.0005963,0.0005984,0.0005082,0.0004437,0.0003826,0.000341,0.0002814,0.0002453,0.0002109,0.0001857,0.0001629,0.0001343,0.00011,8.802e-05,6.789e-05,5.201e-05,3.875e-05,3.03e-05,2.177e-05,1.562e-05,1.137e-05,8.076e-06,5.29e-06,3.516e-06,2.442e-06,1.804e-06,1.449e-06,1.034e-06,8.31e-07,1.023e-06,8.918e-07,1.003e-06,9.83e-07,7.904e-07,8.816e-07,9.728e-07,9.931e-07,7.701e-07,8.31e-07,8.005e-07,8.715e-07,6.789e-07,8.411e-07,7.296e-07,5.979e-07,5.675e-07,3.547e-07
0.0006626,0.0007029,0.0006008,0.0006013,0.000505,0.0004463,0.0003807,0.0003391,0.0002856,0.0002454,0.0002106,0.0001883,0.000163,0.0001379,0.0001133,8.771e-05,6.801e-05,5.267e-05,3.867e-05,2.913e-05,2.206e-05,1.643e-05,1.099e-05,8.097e-06,5.685e-06,3.739e-06,2.392e-06,1.702e-06,1.196e-06,1.074e-06,1.013e-06,8.816e-07,7.803e-07,9.12e-07,8.715e-07,8.918e-07,8.208e-07,8.918e-07,9.526e-07,7.904e-07,9.526e-07,7.701e-07,8.411e-07,9.424e-07,6.485e-07,5.269e-07,6.789e-07,4.763e-07,4.965e-07
0.0006556,0.0006972,0.0005987,0.0005982,0.0005082,0.0004464,0.0003866,0.0003376,0.0002832,0.0002421,0.0002097,0.000187,0.0001622,0.0001363,0.0001107,8.755e-05,6.738e-05,5.264e-05,3.944e-05,2.883e-05,2.207e-05,1.53e-05,1.195e-05,8.522e-06,6.009e-06,3.648e-06,2.209e-06,1.581e-06,1.49e-06,1.105e-06,8.208e-07,8.208e-07,7.397e-07,9.12e-07,8.918e-07,7.803e-07,8.816e-07,8.208e-07,8.614e-07,9.931e-07,8.512e-07,8.411e-07,7.296e-07,8.411e-07,6.485e-07,5.675e-07,6.992e-07,4.864e-07,6.688e-07
0.0006564,0.0006924,0.0005929,0.0005974,0.0005104,0.000447,0.0003865,0.0003392,0.00028,0.0002436,0.0002073,0.0001838,0.0001641,0.0001367,0.0001083,8.624e-05,6.604e-05,5.076e-05,3.861e-05,2.939e-05,2.082e-05,1.518e-05,1.151e-05,7.752e-06,5.148e-06,3.719e-06,2.503e-06,1.784e-06,1.145e-06,9.323e-07,9.12e-07,8.512e-07,7.904e-07,8.816e-07,9.323e-07,9.83e-07,8.107e-07,8.31e-07,9.931e-07,7.803e-07,9.323e-07,8.31e-07,8.614e-07,7.6e-07,6.181e-07,5.675e-07,4.965e-07,4.661e-07,5.472e-07
0.0006569,0.000699,0.000603,0.0005957,0.0005079,0.0004491,0.0003868,0.0003418,0.0002847,0.0002461,0.0002137,0.0001866,0.0001651,0.0001374,0.0001117,8.743e-05,6.789e-05,5.2e-05,3.855e-05,2.961e-05,2.242e-05,1.678e-05,1.206e-05,8.32e-06,5.604e-06,3.81e-06,2.361e-06,1.611e-06,1.246e-06,1.094e-06,1.054e-06,8.208e-07,8.31e-07,8.107e-07,8.918e-07,8.31e-07,7.296e-07,9.222e-07,1.044e-06,8.512e-07,1.023e-06,7.397e-07,7.803e-07,8.715e-07,6.485e-07,6.08e-07,6.181e-07,4.256e-07,4.56e-07
0.0006586,0.0006978,0.0005964,0.0005973,0.0005078,0.0004458,0.0003859,0.0003398,0.0002786,0.0002429,0.0002137,0.0001838,0.0001653,0.0001397,0.0001132,8.954e-05,6.566e-05,5.27e-05,3.898e-05,2.932e-05,2.223e-05,1.555e-05,1.153e-05,8.178e-06,5.533e-06,3.871e-06,2.614e-06,1.854e-06,1.388e-06,1.155e-06,8.31e-07,9.424e-07,6.891e-07,8.816e-07,7.6e-07,8.411e-07,9.526e-07,9.019e-07,7.195e-07,8.208e-07,8.411e-07,1.105e-06,8.31e-07,8.512e-07,7.6e-07,8.107e-07,6.181e-07,4.053e-07,4.763e-07
0.0006486,0.0006924,0.0005914,0.000597,0.0005061,0.0004475,0.0003816,0.0003354,0.0002772,0.0002354,0.0002093,0.0001823,0.0001598,0.0001342,0.0001084,8.492e-05,6.5e-05,5.03e-05,3.739e-05,2.87e-05,2.096e-05,1.51e-05,1.105e-05,7.215e-06,5.259e-06,3.739e-06,2.179e-06,1.469e-06,1.125e-06,1.054e-06,9.019e-07,7.499e-07,7.397e-07,8.614e-07,9.424e-07,7.701e-07,9.83e-07,8.715e-07,9.12e-07,7.904e-07,9.12e-07,8.208e-07,6.992e-07,8.107e-07,6.688e-07,6.181e-07,6.891e-07,5.067e-07,5.877e-07
0.0006574,0.000698,0.0005956,0.0005984,0.0005071,0.0004463,0.0003837,0.0003375,0.0002836,0.0002453,0.0002117,0.0001833,0.0001626,0.0001351,0.0001109,8.723e-05,6.599e-05,5.265e-05,3.865e-05,2.941e-05,2.095e-05,1.604e-05,1.088e-05,7.641e-06,5.736e-06,3.618e-06,2.614e-06,2.037e-06,1.236e-06,8.816e-07,8.715e-07,8.715e-07,1.074e-06,9.12e-07,9.526e-07,9.019e-07,9.019e-07,7.499e-07,6.992e-07,9.83e-07,8.816e-07,6.283e-07,7.904e-07,8.411e-07,7.195e-07,6.485e-07,6.283e-07,4.357e-07,3.547e-07
0.0006536,0.0006931,0.000596,0.0005936,0.0005076,0.0004451,0.0003858,0.0003373,0.0002803,0.0002392,0.0002108,0.0001846,0.0001605,0.0001343,0.0001096,8.519e-05,6.542e-05,5.192e-05,3.691e-05,2.904e-05,2.274e-05,1.637e-05,1.148e-05,7.884e-06,5.32e-06,3.678e-06,2.219e-06,1.692e-06,1.277e-06,1.003e-06,8.005e-07,9.627e-07,7.093e-07,1.044e-06,9.019e-07,7.803e-07,8.715e-07,8.31e-07,8.31e-07,7.6e-07,8.512e-07,7.803e-07,9.83e-07,8.005e-07,7.6e-07,8.715e-07,5.168e-07,5.675e-07,4.053e-07
0.000657,0.0006955,0.0005954,0.0005992,0.0005101,0.000445,0.0003825,0.0003387,0.000282,0.0002439,0.0002125,0.0001842,0.0001658,0.0001362,0.000111,8.682e-05,6.696e-05,5.353e-05,4.121e-05,2.903e-05,2.248e-05,1.563e-05,1.137e-05,7.995e-06,5.553e-06,3.374e-06,2.422e-06,1.743e-06,1.388e-06,1.115e-06,9.12e-07,7.397e-07,6.587e-07,1.013e-06,8.31e-07,9.526e-07,8.208e-07,8.411e-07,1.003e-06,9.019e-07,8.918e-07,8.816e-07,8.614e-07,8.31e-07,7.397e-07,5.877e-07,6.485e-07,5.877e-07,5.877e-07
0,0,0,0,0,0,0,0,0,0,0,0,0,0,0,0,0,0,0,0,0,0,0,0,0,0,0,0,0,0,0,0,0,0,0,0,0,0,0,0,0,0,0,0,0,0,0,0,0
