  z   OmegaM  h
-0.00308 0.3071 0.678
Mass_Bins    dn/dlnM ... 
Here follow 4 mass functions, one for each quartile of the parameter Xoff
1st quartile
bin0,bin1,bin2,bin3,bin4,bin5,bin6,bin7,bin8,bin9,bin10,bin11,bin12,bin13,bin14,bin15,bin16,bin17,bin18,bin19,bin20,bin21,bin22,bin23,bin24,bin25,bin26,bin27,bin28,bin29,bin30,bin31,bin32,bin33,bin34,bin35,bin36,bin37,bin38,bin39,bin40,bin41,bin42,bin43,bin44,bin45,bin46,bin47,bin48
1.326e+12,1.464e+12,1.613e+12,1.778e+12,1.964e+12,2.167e+12,2.391e+12,2.64e+12,2.916e+12,3.219e+12,3.557e+12,3.926e+12,4.327e+12,4.774e+12,5.265e+12,5.814e+12,6.414e+12,7.078e+12,7.814e+12,8.624e+12,9.523e+12,1.051e+13,1.16e+13,1.28e+13,1.413e+13,1.559e+13,1.721e+13,1.898e+13,2.096e+13,2.313e+13,2.553e+13,2.818e+13,3.11e+13,3.433e+13,3.788e+13,4.182e+13,4.617e+13,5.093e+13,5.622e+13,6.201e+13,6.847e+13,7.565e+13,8.339e+13,9.199e+13,1.016e+14,1.121e+14,1.238e+14,1.366e+14,1.506e+14
9.085e-05,0.0001076,0.0001076,0.0001294,0.0001358,0.0001476,0.0001563,0.0001714,0.0001744,0.0001837,0.0001891,0.000207,0.0002234,0.0002321,0.0002358,0.0002277,0.0002244,0.0002228,0.0002168,0.0002133,0.0002106,0.0002028,0.0001953,0.0001914,0.0001866,0.0001788,0.0001718,0.0001657,0.0001561,0.0001493,0.0001437,0.0001307,0.000125,0.0001167,0.0001055,9.818e-05,8.633e-05,7.801e-05,7.069e-05,6.275e-05,5.459e-05,4.831e-05,4.508e-05,3.857e-05,3.327e-05,2.965e-05,2.486e-05,2.221e-05,1.903e-05
9.57e-05,0.0001136,0.0001134,0.0001362,0.000141,0.0001513,0.0001611,0.0001755,0.0001807,0.0001881,0.000196,0.0002094,0.0002295,0.0002323,0.0002318,0.0002332,0.0002241,0.0002272,0.0002159,0.0002141,0.0002109,0.0002016,0.0001943,0.0001918,0.0001849,0.0001773,0.0001693,0.0001617,0.0001573,0.0001484,0.0001409,0.0001295,0.0001255,0.0001164,0.0001076,9.596e-05,8.71e-05,7.84e-05,7.071e-05,6.306e-05,5.402e-05,4.958e-05,4.263e-05,3.841e-05,3.205e-05,2.86e-05,2.514e-05,2.076e-05,1.879e-05
9.475e-05,0.0001142,0.0001147,0.0001373,0.0001411,0.0001512,0.0001638,0.0001758,0.0001821,0.0001883,0.0001958,0.0002147,0.0002292,0.0002345,0.0002347,0.0002343,0.000226,0.000225,0.000217,0.0002135,0.000211,0.0002034,0.0001951,0.000194,0.000184,0.0001791,0.0001696,0.0001667,0.0001572,0.0001504,0.0001409,0.0001345,0.000125,0.0001174,0.0001068,9.678e-05,8.711e-05,7.95e-05,6.993e-05,6.226e-05,5.687e-05,4.74e-05,4.348e-05,3.71e-05,3.392e-05,2.838e-05,2.58e-05,2.188e-05,1.812e-05
9.252e-05,0.0001128,0.0001106,0.0001355,0.0001381,0.0001474,0.0001607,0.0001726,0.0001795,0.0001835,0.0001915,0.0002123,0.0002273,0.0002313,0.0002324,0.0002301,0.0002253,0.0002241,0.000216,0.0002141,0.0002121,0.0002004,0.0001946,0.0001911,0.0001857,0.000179,0.0001724,0.0001659,0.0001586,0.0001497,0.0001427,0.0001332,0.0001248,0.000116,0.0001064,9.662e-05,8.86e-05,7.937e-05,6.889e-05,6.165e-05,5.739e-05,4.842e-05,4.371e-05,3.752e-05,3.365e-05,2.863e-05,2.555e-05,2.1e-05,1.793e-05
9.04e-05,0.0001107,0.000111,0.0001315,0.0001386,0.0001484,0.0001549,0.000171,0.0001778,0.0001853,0.0001955,0.0002092,0.0002258,0.0002297,0.0002339,0.0002306,0.0002265,0.0002271,0.0002168,0.0002137,0.0002094,0.0002011,0.0001975,0.0001932,0.0001859,0.0001797,0.0001706,0.0001655,0.0001569,0.0001483,0.0001418,0.0001342,0.0001266,0.0001159,0.0001079,9.758e-05,8.755e-05,7.953e-05,7.082e-05,6.394e-05,5.59e-05,4.924e-05,4.37e-05,3.797e-05,3.317e-05,2.815e-05,2.467e-05,2.167e-05,1.807e-05
8.866e-05,0.000105,0.0001041,0.0001251,0.0001337,0.0001414,0.0001534,0.0001658,0.0001716,0.0001828,0.0001917,0.0002071,0.0002233,0.0002267,0.0002325,0.00023,0.0002265,0.0002236,0.000219,0.0002123,0.0002105,0.0002016,0.0001969,0.0001936,0.0001842,0.0001791,0.0001705,0.0001653,0.0001576,0.0001529,0.0001423,0.0001353,0.0001252,0.000116,0.0001064,9.788e-05,8.658e-05,7.866e-05,7.049e-05,6.198e-05,5.643e-05,4.865e-05,4.395e-05,3.732e-05,3.321e-05,2.921e-05,2.53e-05,2.221e-05,1.833e-05
9.411e-05,0.0001121,0.0001129,0.0001346,0.0001415,0.000151,0.0001631,0.0001737,0.0001777,0.0001863,0.0001943,0.0002084,0.0002318,0.0002338,0.0002337,0.0002314,0.0002262,0.000226,0.0002178,0.000212,0.0002085,0.0001998,0.0001964,0.0001905,0.0001842,0.0001779,0.000174,0.0001655,0.0001562,0.00015,0.000142,0.0001344,0.0001248,0.0001169,0.0001065,9.654e-05,8.865e-05,7.871e-05,7.005e-05,6.228e-05,5.491e-05,4.981e-05,4.374e-05,3.864e-05,3.286e-05,2.903e-05,2.582e-05,2.149e-05,1.851e-05
9.123e-05,0.0001061,0.0001067,0.0001314,0.0001332,0.0001441,0.0001566,0.0001689,0.0001751,0.0001833,0.0001922,0.0002107,0.0002274,0.0002309,0.0002326,0.0002314,0.0002256,0.0002264,0.0002155,0.0002145,0.0002092,0.0001998,0.0001975,0.0001907,0.0001848,0.0001796,0.0001695,0.0001643,0.000158,0.0001503,0.0001429,0.0001342,0.0001274,0.0001186,0.0001059,9.758e-05,8.8e-05,7.887e-05,6.872e-05,6.383e-05,5.562e-05,4.865e-05,4.371e-05,3.774e-05,3.312e-05,2.943e-05,2.506e-05,2.117e-05,1.78e-05
8.491e-05,0.0001036,0.0001031,0.000125,0.0001303,0.0001432,0.0001505,0.0001665,0.0001697,0.0001812,0.0001898,0.0002037,0.0002238,0.0002281,0.0002316,0.0002281,0.0002232,0.0002269,0.0002154,0.000215,0.0002106,0.0002002,0.0001989,0.0001922,0.0001866,0.0001772,0.000171,0.000165,0.0001582,0.0001491,0.0001442,0.0001337,0.0001234,0.0001153,0.0001078,9.719e-05,8.681e-05,7.719e-05,7.084e-05,6.475e-05,5.639e-05,4.934e-05,4.225e-05,3.769e-05,3.395e-05,2.86e-05,2.605e-05,2.143e-05,1.81e-05
9.075e-05,0.0001101,0.0001093,0.0001324,0.0001376,0.0001502,0.0001578,0.0001704,0.0001765,0.0001873,0.0001943,0.0002108,0.0002275,0.0002314,0.0002338,0.0002315,0.0002249,0.0002223,0.0002181,0.0002136,0.0002071,0.0002007,0.0001967,0.0001919,0.000185,0.0001796,0.0001711,0.0001645,0.0001566,0.0001514,0.0001442,0.0001341,0.0001256,0.0001163,0.0001066,9.765e-05,8.857e-05,7.79e-05,6.942e-05,6.308e-05,5.562e-05,4.774e-05,4.29e-05,3.826e-05,3.335e-05,2.949e-05,2.528e-05,2.155e-05,1.876e-05
8.515e-05,0.0001032,0.0001035,0.0001254,0.0001279,0.0001431,0.0001521,0.0001652,0.0001718,0.0001788,0.0001885,0.0002027,0.000223,0.0002309,0.0002314,0.0002322,0.0002224,0.0002234,0.0002176,0.0002158,0.0002091,0.0001995,0.0001965,0.0001904,0.0001864,0.0001789,0.00017,0.000165,0.0001581,0.0001518,0.0001417,0.0001344,0.0001238,0.0001171,0.0001063,9.77e-05,8.74e-05,7.719e-05,7.161e-05,6.323e-05,5.564e-05,4.926e-05,4.411e-05,3.627e-05,3.452e-05,2.918e-05,2.507e-05,2.098e-05,1.904e-05
9.086e-05,0.00011,0.0001105,0.0001322,0.0001368,0.0001487,0.0001601,0.0001706,0.0001765,0.000185,0.0001959,0.0002086,0.0002274,0.0002322,0.0002352,0.0002325,0.0002246,0.0002242,0.0002162,0.000212,0.0002104,0.0002055,0.0001938,0.0001925,0.0001829,0.0001786,0.0001705,0.0001671,0.0001591,0.0001519,0.0001473,0.0001309,0.0001249,0.0001171,0.0001054,9.813e-05,8.693e-05,8.073e-05,7.006e-05,6.324e-05,5.569e-05,4.878e-05,4.276e-05,3.793e-05,3.31e-05,2.821e-05,2.442e-05,2.174e-05,1.924e-05
9.521e-05,0.000114,0.000114,0.0001387,0.0001409,0.0001518,0.0001644,0.0001735,0.0001788,0.0001869,0.000196,0.0002121,0.0002289,0.0002325,0.000238,0.0002305,0.0002254,0.0002232,0.0002156,0.0002143,0.0002079,0.0002042,0.0001978,0.0001904,0.0001848,0.0001796,0.0001701,0.0001654,0.0001592,0.0001508,0.0001428,0.0001343,0.0001246,0.0001147,0.0001078,9.69e-05,8.762e-05,8.009e-05,7.011e-05,6.202e-05,5.545e-05,4.939e-05,4.351e-05,3.744e-05,3.326e-05,2.9e-05,2.553e-05,2.126e-05,1.839e-05
8.176e-05,0.0001004,0.0001027,0.0001233,0.0001288,0.0001382,0.00015,0.0001624,0.0001651,0.0001764,0.0001855,0.0002013,0.0002183,0.0002272,0.0002309,0.0002265,0.0002245,0.0002214,0.0002159,0.0002143,0.0002103,0.0002009,0.0001967,0.0001912,0.0001875,0.0001801,0.0001705,0.0001643,0.000156,0.0001534,0.0001418,0.000133,0.0001252,0.0001161,0.0001072,9.797e-05,8.811e-05,7.897e-05,6.969e-05,6.254e-05,5.689e-05,4.889e-05,4.452e-05,3.838e-05,3.349e-05,2.999e-05,2.411e-05,2.066e-05,1.862e-05
9.199e-05,0.0001087,0.000109,0.0001347,0.0001361,0.0001494,0.0001569,0.0001725,0.0001772,0.0001848,0.0001953,0.0002113,0.0002283,0.0002328,0.000232,0.0002319,0.0002253,0.0002235,0.0002169,0.0002126,0.0002109,0.0002,0.0001962,0.0001909,0.0001834,0.0001801,0.0001726,0.000163,0.0001576,0.0001516,0.000141,0.000131,0.000126,0.0001184,0.0001066,9.68e-05,8.866e-05,7.884e-05,7.074e-05,6.255e-05,5.597e-05,4.9e-05,4.282e-05,3.82e-05,3.271e-05,2.913e-05,2.482e-05,2.115e-05,1.842e-05
9.264e-05,0.0001092,0.0001121,0.000134,0.0001415,0.0001491,0.0001609,0.0001751,0.0001767,0.0001869,0.0001977,0.0002096,0.0002281,0.0002321,0.0002334,0.0002311,0.0002255,0.000221,0.0002223,0.0002115,0.0002093,0.0002008,0.0001984,0.0001917,0.0001851,0.0001796,0.0001732,0.0001656,0.0001577,0.0001506,0.0001431,0.0001337,0.0001265,0.0001141,0.0001067,9.592e-05,8.995e-05,7.957e-05,6.906e-05,6.308e-05,5.467e-05,4.879e-05,4.247e-05,3.943e-05,3.282e-05,2.934e-05,2.405e-05,2.173e-05,1.878e-05
9.09e-05,0.0001068,0.0001065,0.0001305,0.0001351,0.0001461,0.0001561,0.0001687,0.0001745,0.0001861,0.0001913,0.0002068,0.0002246,0.0002309,0.0002322,0.0002308,0.0002274,0.0002215,0.0002164,0.0002135,0.0002079,0.0002019,0.0001957,0.0001924,0.0001841,0.0001775,0.0001731,0.0001648,0.0001582,0.00015,0.0001427,0.000135,0.0001265,0.0001168,0.0001065,9.56e-05,8.804e-05,7.875e-05,7.056e-05,6.319e-05,5.597e-05,4.84e-05,4.276e-05,3.816e-05,3.342e-05,2.815e-05,2.456e-05,2.191e-05,1.832e-05
8.573e-05,0.0001058,0.0001049,0.0001283,0.0001343,0.0001411,0.000153,0.0001706,0.0001699,0.0001794,0.0001897,0.0002042,0.0002238,0.0002314,0.0002306,0.0002289,0.0002242,0.000221,0.0002157,0.0002158,0.0002084,0.0002045,0.0001962,0.000193,0.000185,0.0001788,0.0001719,0.0001659,0.0001575,0.0001518,0.0001421,0.0001349,0.0001247,0.0001151,0.000106,9.8e-05,8.804e-05,8.054e-05,7.029e-05,6.4e-05,5.718e-05,4.836e-05,4.305e-05,3.872e-05,3.457e-05,2.932e-05,2.509e-05,2.091e-05,1.83e-05
8.817e-05,0.0001055,0.0001063,0.0001276,0.0001324,0.000146,0.0001564,0.0001676,0.000172,0.0001853,0.0001897,0.0002033,0.0002256,0.0002308,0.0002335,0.000228,0.0002225,0.0002256,0.0002175,0.0002146,0.0002082,0.0002001,0.0001974,0.0001929,0.0001851,0.0001801,0.0001711,0.0001662,0.0001594,0.0001517,0.0001424,0.0001333,0.0001249,0.000118,0.0001073,9.868e-05,8.755e-05,7.77e-05,7.084e-05,6.369e-05,5.631e-05,4.974e-05,4.251e-05,3.721e-05,3.336e-05,2.868e-05,2.486e-05,2.167e-05,1.79e-05
8.951e-05,0.0001091,0.0001072,0.0001295,0.0001356,0.0001486,0.0001571,0.00017,0.0001742,0.0001811,0.0001937,0.0002049,0.0002246,0.0002264,0.0002336,0.0002318,0.000226,0.0002256,0.0002181,0.0002157,0.0002125,0.0002028,0.000194,0.0001904,0.0001852,0.0001796,0.0001713,0.0001634,0.0001592,0.0001494,0.0001402,0.0001356,0.0001254,0.0001172,0.000106,9.908e-05,8.814e-05,7.911e-05,7.102e-05,6.324e-05,5.658e-05,4.867e-05,4.433e-05,3.843e-05,3.328e-05,2.832e-05,2.503e-05,2.159e-05,1.871e-05
8.569e-05,0.0001059,0.0001023,0.000129,0.0001304,0.0001433,0.0001522,0.0001665,0.0001723,0.0001802,0.0001898,0.0002032,0.0002251,0.0002273,0.0002325,0.0002314,0.0002245,0.0002241,0.0002163,0.0002159,0.0002084,0.0002004,0.000194,0.0001927,0.000185,0.000181,0.0001718,0.0001645,0.0001554,0.0001505,0.0001434,0.0001348,0.0001259,0.0001185,0.0001072,9.918e-05,8.757e-05,7.831e-05,7.021e-05,6.103e-05,5.659e-05,4.823e-05,4.149e-05,3.855e-05,3.274e-05,2.944e-05,2.409e-05,2.143e-05,1.885e-05
8.89e-05,0.0001106,0.0001107,0.0001318,0.000137,0.0001489,0.0001578,0.0001699,0.000179,0.0001845,0.000194,0.0002106,0.0002263,0.0002332,0.0002337,0.0002306,0.0002238,0.0002232,0.0002174,0.0002148,0.0002098,0.0002045,0.0001951,0.0001918,0.0001848,0.0001783,0.0001731,0.0001644,0.0001577,0.0001527,0.000142,0.000134,0.0001255,0.0001156,0.0001067,9.705e-05,8.526e-05,7.904e-05,6.935e-05,6.205e-05,5.496e-05,4.867e-05,4.324e-05,3.702e-05,3.305e-05,3.003e-05,2.443e-05,2.105e-05,1.844e-05
9.349e-05,0.0001119,0.0001114,0.0001354,0.0001389,0.0001525,0.0001609,0.0001731,0.0001759,0.0001868,0.0001988,0.0002117,0.0002261,0.0002315,0.0002337,0.0002298,0.0002248,0.000226,0.0002144,0.0002108,0.0002095,0.0001992,0.0001978,0.0001917,0.0001842,0.000177,0.000171,0.0001651,0.000159,0.0001525,0.0001431,0.0001335,0.0001258,0.000116,0.0001057,9.891e-05,8.86e-05,7.974e-05,7.189e-05,6.328e-05,5.444e-05,4.872e-05,4.362e-05,3.758e-05,3.322e-05,2.841e-05,2.515e-05,2.098e-05,1.75e-05
9.063e-05,0.0001113,0.0001089,0.0001317,0.0001362,0.0001491,0.0001579,0.0001745,0.0001784,0.0001874,0.0001941,0.0002071,0.0002255,0.0002321,0.0002312,0.0002326,0.0002257,0.0002255,0.0002173,0.0002156,0.0002075,0.000202,0.0001959,0.0001913,0.000186,0.0001778,0.0001715,0.0001651,0.0001598,0.0001508,0.000145,0.0001333,0.0001264,0.0001166,0.000105,9.84e-05,8.966e-05,8.016e-05,7.141e-05,6.304e-05,5.58e-05,4.812e-05,4.182e-05,3.706e-05,3.401e-05,2.864e-05,2.439e-05,2.252e-05,1.862e-05
8.706e-05,0.0001056,0.0001076,0.0001299,0.0001345,0.0001464,0.0001551,0.0001672,0.0001716,0.0001827,0.000194,0.0002058,0.0002234,0.0002304,0.0002336,0.0002305,0.0002227,0.0002233,0.0002193,0.000213,0.0002078,0.0002021,0.0001978,0.0001929,0.0001865,0.0001809,0.0001718,0.0001659,0.0001593,0.0001504,0.0001444,0.000134,0.0001268,0.0001168,0.0001071,9.629e-05,8.77e-05,7.963e-05,6.969e-05,6.321e-05,5.654e-05,4.937e-05,4.412e-05,3.838e-05,3.278e-05,2.913e-05,2.506e-05,2.164e-05,1.881e-05
8.745e-05,0.0001038,0.0001052,0.0001295,0.000134,0.0001437,0.0001521,0.0001664,0.0001716,0.0001825,0.0001904,0.0002062,0.0002226,0.0002287,0.0002313,0.0002282,0.0002239,0.0002239,0.0002148,0.0002158,0.0002078,0.0002007,0.000195,0.0001923,0.0001848,0.0001777,0.0001699,0.0001645,0.0001584,0.0001517,0.0001411,0.0001342,0.0001264,0.0001157,0.0001056,9.739e-05,8.831e-05,7.964e-05,6.992e-05,6.471e-05,5.509e-05,4.946e-05,4.265e-05,3.772e-05,3.153e-05,2.897e-05,2.505e-05,2.101e-05,1.824e-05
8.346e-05,0.0001036,0.0001043,0.0001228,0.0001316,0.0001406,0.0001512,0.0001643,0.0001699,0.0001782,0.0001915,0.0002038,0.0002211,0.0002307,0.0002299,0.0002287,0.0002229,0.0002218,0.0002139,0.0002151,0.0002075,0.0002011,0.0001961,0.0001925,0.0001811,0.0001785,0.0001731,0.0001651,0.000159,0.0001518,0.0001424,0.0001357,0.0001265,0.0001173,0.0001069,9.973e-05,8.884e-05,7.901e-05,7.001e-05,6.313e-05,5.587e-05,4.85e-05,4.215e-05,3.797e-05,3.328e-05,2.806e-05,2.458e-05,2.195e-05,1.842e-05
9.145e-05,0.0001112,0.0001107,0.0001342,0.0001372,0.0001481,0.0001572,0.0001714,0.0001782,0.0001865,0.0001925,0.0002101,0.0002265,0.0002291,0.0002321,0.0002312,0.0002258,0.0002237,0.0002156,0.0002137,0.0002091,0.0002028,0.0001969,0.0001892,0.0001824,0.000179,0.0001735,0.0001643,0.0001562,0.0001505,0.0001427,0.0001324,0.0001259,0.0001141,0.0001071,9.778e-05,8.836e-05,7.888e-05,7.039e-05,6.237e-05,5.591e-05,4.799e-05,4.179e-05,3.676e-05,3.271e-05,2.869e-05,2.583e-05,2.166e-05,1.887e-05
8.713e-05,0.0001086,0.0001076,0.00013,0.0001369,0.0001463,0.0001543,0.0001707,0.0001733,0.0001818,0.0001936,0.0002093,0.000224,0.000229,0.0002334,0.000229,0.0002278,0.0002249,0.0002166,0.0002118,0.0002099,0.0002022,0.0001941,0.0001904,0.0001841,0.0001793,0.0001699,0.000165,0.0001593,0.0001496,0.0001414,0.0001334,0.000122,0.0001166,0.0001068,9.688e-05,8.698e-05,7.826e-05,7.011e-05,6.363e-05,5.576e-05,4.981e-05,4.405e-05,3.721e-05,3.325e-05,2.896e-05,2.418e-05,2.232e-05,1.885e-05
9.059e-05,0.00011,0.0001118,0.000135,0.0001377,0.000147,0.0001573,0.0001713,0.000179,0.0001831,0.0001946,0.0002096,0.0002287,0.0002318,0.0002325,0.0002318,0.0002286,0.0002248,0.000218,0.0002111,0.0002088,0.0002039,0.0001962,0.0001936,0.0001851,0.0001766,0.0001712,0.0001667,0.0001597,0.0001495,0.0001437,0.0001352,0.0001247,0.0001151,0.0001056,0.0001002,9.033e-05,7.796e-05,7.016e-05,6.288e-05,5.607e-05,4.86e-05,4.232e-05,3.847e-05,3.35e-05,2.878e-05,2.595e-05,2.139e-05,1.812e-05
8.794e-05,0.0001061,0.0001059,0.0001285,0.0001348,0.000143,0.0001555,0.0001682,0.0001743,0.0001821,0.0001929,0.0002067,0.0002239,0.0002322,0.0002304,0.0002302,0.000226,0.000228,0.0002136,0.0002139,0.0002145,0.0002033,0.0001977,0.0001927,0.0001853,0.0001783,0.0001729,0.0001646,0.0001584,0.0001522,0.0001427,0.0001331,0.0001258,0.0001148,0.0001073,9.633e-05,8.647e-05,7.763e-05,7.076e-05,6.198e-05,5.599e-05,4.821e-05,4.313e-05,3.841e-05,3.425e-05,2.805e-05,2.476e-05,2.113e-05,1.855e-05
8.927e-05,0.0001076,0.0001065,0.0001313,0.0001343,0.0001469,0.0001564,0.0001704,0.0001744,0.0001837,0.0001921,0.0002103,0.0002269,0.0002297,0.0002336,0.0002309,0.0002241,0.0002246,0.0002173,0.0002145,0.0002112,0.0002046,0.0001964,0.000194,0.0001844,0.0001792,0.0001713,0.0001646,0.0001571,0.0001515,0.0001431,0.0001357,0.0001246,0.000118,0.0001061,9.684e-05,8.739e-05,7.759e-05,7.061e-05,6.254e-05,5.493e-05,4.853e-05,4.351e-05,3.853e-05,3.25e-05,2.906e-05,2.588e-05,2.135e-05,1.876e-05
9.518e-05,0.000116,0.0001141,0.0001364,0.0001415,0.0001548,0.000162,0.0001756,0.0001818,0.00019,0.0001995,0.0002121,0.0002283,0.0002366,0.0002368,0.0002329,0.0002269,0.0002244,0.0002208,0.000212,0.0002103,0.0002012,0.0001951,0.0001899,0.0001836,0.0001773,0.0001703,0.0001635,0.0001555,0.0001507,0.000142,0.0001336,0.0001269,0.0001163,0.0001064,9.753e-05,8.964e-05,7.89e-05,6.999e-05,6.213e-05,5.504e-05,4.937e-05,4.341e-05,3.734e-05,3.376e-05,2.927e-05,2.49e-05,2.193e-05,1.779e-05
9.215e-05,0.0001083,0.0001122,0.000134,0.0001383,0.0001499,0.0001583,0.0001719,0.0001752,0.0001859,0.000194,0.0002109,0.0002269,0.0002319,0.0002331,0.0002319,0.0002234,0.0002239,0.0002174,0.0002136,0.0002086,0.0002023,0.0001957,0.0001936,0.0001858,0.0001751,0.0001724,0.0001649,0.0001588,0.0001503,0.0001435,0.000135,0.0001242,0.0001152,0.0001076,9.804e-05,8.874e-05,7.868e-05,7.023e-05,6.309e-05,5.591e-05,4.927e-05,4.464e-05,3.816e-05,3.295e-05,2.879e-05,2.536e-05,2.149e-05,1.839e-05
9.462e-05,0.0001132,0.0001125,0.0001382,0.0001418,0.0001554,0.0001626,0.0001782,0.0001789,0.0001876,0.0001979,0.0002131,0.0002306,0.0002352,0.0002351,0.0002319,0.0002266,0.0002252,0.0002165,0.0002153,0.0002097,0.0001991,0.0001937,0.00019,0.000184,0.0001764,0.0001688,0.0001635,0.0001576,0.0001507,0.0001435,0.0001316,0.0001266,0.0001146,0.0001059,9.704e-05,8.752e-05,7.828e-05,6.902e-05,6.295e-05,5.511e-05,5.059e-05,4.353e-05,3.848e-05,3.294e-05,2.798e-05,2.592e-05,2.183e-05,1.808e-05
9.048e-05,0.0001106,0.0001104,0.0001329,0.0001387,0.000151,0.0001585,0.0001735,0.0001767,0.000186,0.0001963,0.0002113,0.0002288,0.0002334,0.000233,0.0002316,0.0002262,0.000222,0.0002161,0.0002151,0.00021,0.000201,0.0001963,0.0001935,0.0001849,0.0001809,0.0001725,0.0001621,0.0001581,0.0001493,0.0001435,0.0001334,0.0001242,0.0001149,0.0001054,9.723e-05,8.739e-05,7.915e-05,7.113e-05,6.309e-05,5.574e-05,4.957e-05,4.315e-05,3.833e-05,3.394e-05,2.826e-05,2.393e-05,2.17e-05,1.841e-05
9.105e-05,0.0001069,0.0001101,0.0001312,0.0001374,0.0001449,0.0001578,0.0001692,0.0001754,0.0001839,0.0001931,0.0002084,0.0002281,0.0002296,0.0002314,0.0002302,0.0002285,0.0002255,0.0002198,0.0002129,0.0002068,0.000199,0.0001958,0.0001918,0.000187,0.0001795,0.000171,0.0001667,0.0001569,0.0001505,0.000142,0.0001336,0.0001245,0.0001173,0.0001062,9.902e-05,8.647e-05,7.926e-05,7.064e-05,6.21e-05,5.506e-05,4.955e-05,4.236e-05,3.82e-05,3.291e-05,2.886e-05,2.508e-05,2.181e-05,1.824e-05
9.4e-05,0.000113,0.0001118,0.0001356,0.0001401,0.0001515,0.00016,0.0001733,0.0001786,0.0001875,0.0001982,0.000212,0.0002297,0.0002338,0.0002368,0.0002309,0.0002264,0.0002254,0.000218,0.0002139,0.0002093,0.0002035,0.0001977,0.0001908,0.0001857,0.0001788,0.0001713,0.0001641,0.0001591,0.0001493,0.0001429,0.0001334,0.0001264,0.0001159,0.0001079,9.704e-05,8.871e-05,7.932e-05,6.91e-05,6.251e-05,5.452e-05,4.914e-05,4.344e-05,3.932e-05,3.344e-05,2.857e-05,2.531e-05,2.167e-05,1.779e-05
9.254e-05,0.0001123,0.0001118,0.0001341,0.00014,0.000151,0.0001575,0.0001752,0.0001805,0.0001846,0.0001957,0.0002109,0.0002275,0.000235,0.0002352,0.0002316,0.000226,0.000223,0.0002176,0.0002101,0.0002109,0.0002045,0.0001954,0.0001901,0.0001847,0.0001752,0.0001705,0.0001648,0.0001577,0.0001509,0.0001412,0.0001319,0.0001246,0.0001175,0.0001072,9.912e-05,8.893e-05,7.917e-05,7.121e-05,6.253e-05,5.685e-05,4.936e-05,4.255e-05,3.792e-05,3.281e-05,2.973e-05,2.559e-05,2.117e-05,1.809e-05
8.45e-05,0.0001038,0.0001035,0.0001281,0.0001305,0.0001423,0.000152,0.0001675,0.0001713,0.0001803,0.0001876,0.0002017,0.0002242,0.0002248,0.0002332,0.0002291,0.0002234,0.000226,0.0002157,0.0002136,0.0002105,0.0002003,0.0001955,0.0001939,0.0001869,0.0001794,0.0001716,0.0001653,0.0001585,0.0001515,0.0001414,0.000137,0.0001259,0.0001172,0.0001047,9.862e-05,8.761e-05,7.782e-05,6.954e-05,6.222e-05,5.617e-05,4.988e-05,4.274e-05,3.719e-05,3.26e-05,2.935e-05,2.556e-05,2.139e-05,1.785e-05
9.113e-05,0.0001108,0.0001126,0.0001333,0.0001377,0.0001496,0.0001588,0.0001724,0.0001755,0.0001859,0.0001928,0.0002104,0.0002261,0.000231,0.0002347,0.0002298,0.0002265,0.0002239,0.0002188,0.0002125,0.0002088,0.0002024,0.0001956,0.0001928,0.0001836,0.000181,0.0001694,0.0001681,0.000158,0.000151,0.000143,0.0001335,0.0001238,0.0001153,0.0001065,9.832e-05,8.964e-05,7.894e-05,6.88e-05,6.284e-05,5.689e-05,4.712e-05,4.262e-05,3.677e-05,3.335e-05,2.892e-05,2.561e-05,2.181e-05,1.836e-05
9.054e-05,0.0001081,0.0001092,0.0001289,0.0001354,0.0001468,0.0001576,0.0001716,0.0001778,0.0001834,0.0001913,0.0002067,0.0002262,0.0002309,0.0002351,0.0002291,0.0002241,0.000223,0.0002166,0.0002128,0.0002096,0.0002012,0.0001959,0.0001936,0.0001854,0.0001782,0.0001704,0.0001657,0.0001562,0.0001501,0.0001422,0.0001351,0.0001241,0.0001152,0.0001067,9.743e-05,8.832e-05,7.909e-05,7.084e-05,6.234e-05,5.635e-05,4.83e-05,4.3e-05,3.736e-05,3.354e-05,2.852e-05,2.517e-05,2.191e-05,1.81e-05
9.41e-05,0.0001127,0.0001109,0.0001342,0.0001393,0.0001525,0.0001601,0.0001733,0.0001778,0.0001843,0.000195,0.0002111,0.000227,0.0002321,0.0002336,0.0002327,0.0002255,0.000227,0.0002158,0.0002144,0.0002094,0.0002022,0.0001966,0.0001923,0.0001836,0.0001807,0.000172,0.0001656,0.0001563,0.0001507,0.0001422,0.0001338,0.0001238,0.0001172,0.0001067,9.642e-05,8.839e-05,7.888e-05,6.851e-05,6.318e-05,5.544e-05,4.851e-05,4.317e-05,3.716e-05,3.288e-05,2.86e-05,2.554e-05,2.118e-05,1.807e-05
0,0,0,0,0,0,0,0,0,0,0,0,0,0,0,0,0,0,0,0,0,0,0,0,0,0,0,0,0,0,0,0,0,0,0,0,0,0,0,0,0,0,0,0,0,0,0,0,0
0,0,0,0,0,0,0,0,0,0,0,0,0,0,0,0,0,0,0,0,0,0,0,0,0,0,0,0,0,0,0,0,0,0,0,0,0,0,0,0,0,0,0,0,0,0,0,0,0
2nd quartile
1.326e+12,1.464e+12,1.613e+12,1.777e+12,1.963e+12,2.166e+12,2.389e+12,2.638e+12,2.915e+12,3.218e+12,3.553e+12,3.922e+12,4.325e+12,4.773e+12,5.264e+12,5.81e+12,6.411e+12,7.074e+12,7.81e+12,8.611e+12,9.516e+12,1.05e+13,1.159e+13,1.278e+13,1.411e+13,1.558e+13,1.719e+13,1.897e+13,2.093e+13,2.308e+13,2.547e+13,2.811e+13,3.106e+13,3.429e+13,3.786e+13,4.174e+13,4.607e+13,5.091e+13,5.613e+13,6.201e+13,6.869e+13,7.568e+13,8.358e+13,9.216e+13,1.014e+14,1.124e+14,1.238e+14,1.368e+14,1.505e+14
0.0002444,0.0002842,0.000272,0.0003158,0.0003109,0.0003188,0.0003182,0.0003274,0.0003182,0.0003084,0.0003003,0.0003022,0.0003077,0.0002956,0.0002767,0.0002503,0.0002213,0.0002021,0.0001828,0.0001601,0.0001425,0.0001258,0.00011,9.561e-05,8.223e-05,6.95e-05,5.846e-05,4.775e-05,3.933e-05,3.066e-05,2.403e-05,1.799e-05,1.357e-05,9.191e-06,6.485e-06,5.097e-06,3.952e-06,3.952e-06,3.628e-06,3.172e-06,3e-06,2.716e-06,2.868e-06,2.696e-06,2.614e-06,1.946e-06,2.118e-06,2.523e-06,2.696e-06
0.0002551,0.0002932,0.0002806,0.0003196,0.0003152,0.0003239,0.0003245,0.0003318,0.0003165,0.0003127,0.0003031,0.000301,0.0003071,0.0002911,0.0002735,0.0002477,0.0002212,0.0002016,0.0001789,0.0001604,0.0001424,0.000125,0.0001062,9.481e-05,8.145e-05,7.048e-05,5.893e-05,4.966e-05,3.89e-05,3.044e-05,2.392e-05,1.871e-05,1.324e-05,1.034e-05,6.759e-06,5.351e-06,4.256e-06,3.648e-06,3.466e-06,3.162e-06,3.02e-06,3.04e-06,2.645e-06,2.675e-06,2.787e-06,2.28e-06,2.594e-06,2.25e-06,2.594e-06
0.0002533,0.0002965,0.0002858,0.0003257,0.0003177,0.0003252,0.000322,0.0003302,0.0003219,0.0003112,0.0003043,0.0003054,0.0003078,0.0002954,0.0002707,0.0002484,0.0002223,0.0002046,0.0001803,0.0001625,0.0001439,0.0001234,0.0001099,9.503e-05,8.225e-05,6.971e-05,5.851e-05,4.803e-05,3.882e-05,3.141e-05,2.362e-05,1.816e-05,1.199e-05,9.191e-06,7.164e-06,5.117e-06,4.226e-06,3.82e-06,3.567e-06,3.273e-06,3.222e-06,2.837e-06,2.736e-06,2.665e-06,2.696e-06,2.564e-06,2.483e-06,2.392e-06,2.462e-06
0.0002509,0.0002871,0.0002806,0.0003245,0.0003164,0.0003231,0.0003205,0.0003281,0.0003179,0.000312,0.0003037,0.0003018,0.0003105,0.0002946,0.0002731,0.000249,0.0002212,0.0002034,0.0001778,0.0001605,0.0001436,0.000123,0.0001084,9.578e-05,8.318e-05,6.941e-05,5.917e-05,4.838e-05,3.826e-05,3.084e-05,2.373e-05,1.781e-05,1.323e-05,9.89e-06,6.8e-06,5.168e-06,4.489e-06,3.699e-06,3.628e-06,3.243e-06,3.162e-06,2.787e-06,2.858e-06,2.756e-06,2.858e-06,2.462e-06,2.483e-06,2.28e-06,2.756e-06
0.000248,0.0002865,0.0002798,0.0003198,0.0003137,0.0003208,0.0003211,0.0003295,0.0003177,0.0003135,0.0003037,0.0002999,0.0003085,0.0002937,0.0002737,0.0002495,0.0002232,0.0002009,0.0001789,0.0001622,0.0001437,0.0001244,0.0001102,9.366e-05,8.167e-05,7.016e-05,5.797e-05,4.838e-05,3.99e-05,3.102e-05,2.448e-05,1.865e-05,1.297e-05,9.262e-06,6.759e-06,5.016e-06,4.307e-06,3.263e-06,3.425e-06,3.304e-06,3.172e-06,2.908e-06,2.533e-06,2.523e-06,2.574e-06,2.452e-06,2.179e-06,2.473e-06,2.696e-06
0.0002398,0.0002823,0.0002726,0.0003121,0.000306,0.0003142,0.0003177,0.0003271,0.0003172,0.0003101,0.0003075,0.0003,0.0003074,0.0002957,0.0002778,0.0002515,0.0002235,0.0002054,0.0001818,0.0001615,0.0001453,0.0001233,0.0001093,9.587e-05,8.142e-05,7.007e-05,5.872e-05,4.869e-05,3.743e-05,3.096e-05,2.397e-05,1.765e-05,1.311e-05,9.07e-06,6.465e-06,5.776e-06,4.134e-06,3.77e-06,3.192e-06,3.233e-06,2.949e-06,3e-06,3.07e-06,2.625e-06,2.645e-06,2.513e-06,2.3e-06,2.523e-06,2.554e-06
0.0002545,0.0002918,0.000282,0.0003207,0.0003148,0.0003209,0.0003235,0.000332,0.0003193,0.0003095,0.0003008,0.0003072,0.0003076,0.0002923,0.0002771,0.0002486,0.0002238,0.0002037,0.000179,0.0001593,0.0001416,0.000125,0.0001093,9.658e-05,8.225e-05,6.855e-05,5.824e-05,5.013e-05,3.923e-05,3.025e-05,2.454e-05,1.822e-05,1.323e-05,9.232e-06,6.181e-06,4.965e-06,4.134e-06,3.749e-06,3.344e-06,3.212e-06,3.162e-06,2.979e-06,2.858e-06,2.604e-06,2.665e-06,2.27e-06,2.189e-06,1.996e-06,2.625e-06
0.000246,0.0002857,0.0002759,0.0003129,0.000311,0.0003182,0.0003196,0.000328,0.000318,0.0003144,0.0003039,0.0003026,0.000305,0.0002939,0.0002762,0.0002505,0.0002242,0.000203,0.0001784,0.0001609,0.0001438,0.0001244,0.0001093,9.527e-05,8.256e-05,6.92e-05,5.764e-05,4.799e-05,3.885e-05,3.115e-05,2.425e-05,1.731e-05,1.237e-05,9.333e-06,6.293e-06,4.955e-06,4.124e-06,3.901e-06,3.04e-06,3.233e-06,3.415e-06,2.989e-06,2.716e-06,2.574e-06,2.412e-06,2.179e-06,2.523e-06,2.412e-06,2.533e-06
0.0002359,0.0002739,0.0002684,0.0003119,0.0003055,0.0003144,0.0003161,0.000327,0.0003155,0.0003089,0.0003011,0.0003017,0.0003096,0.0002944,0.000274,0.0002493,0.0002249,0.000204,0.0001794,0.0001606,0.0001431,0.0001246,0.0001109,9.6e-05,8.293e-05,6.85e-05,5.795e-05,4.945e-05,3.847e-05,3.162e-05,2.385e-05,1.782e-05,1.324e-05,9.678e-06,6.779e-06,5.209e-06,4.651e-06,3.709e-06,2.827e-06,2.959e-06,3.283e-06,3.273e-06,3.101e-06,2.544e-06,2.473e-06,2.442e-06,2.513e-06,2.371e-06,2.777e-06
0.0002472,0.0002878,0.0002807,0.0003191,0.0003174,0.0003218,0.0003205,0.000329,0.000316,0.0003081,0.0003028,0.0003023,0.0003067,0.0002952,0.0002754,0.000252,0.0002227,0.0002029,0.000181,0.0001587,0.0001437,0.000123,0.0001076,9.453e-05,8.189e-05,6.861e-05,5.965e-05,4.796e-05,3.868e-05,3.134e-05,2.388e-05,1.777e-05,1.335e-05,9.211e-06,7.276e-06,5.513e-06,4.276e-06,3.922e-06,3.567e-06,3.202e-06,3.162e-06,2.989e-06,2.888e-06,2.817e-06,2.625e-06,2.594e-06,2.27e-06,2.442e-06,2.473e-06
0.0002339,0.0002728,0.0002687,0.0003064,0.0003054,0.0003139,0.0003172,0.0003255,0.000312,0.0003108,0.0003048,0.0003041,0.0003053,0.0002938,0.0002788,0.0002534,0.0002259,0.0002041,0.0001787,0.000161,0.0001447,0.0001254,0.0001104,9.544e-05,8.008e-05,6.996e-05,5.864e-05,4.753e-05,3.875e-05,3.101e-05,2.427e-05,1.777e-05,1.294e-05,9.13e-06,6.749e-06,5.097e-06,4.276e-06,3.608e-06,3.557e-06,3.425e-06,3.486e-06,2.888e-06,2.827e-06,2.716e-06,2.675e-06,2.564e-06,2.473e-06,2.229e-06,2.29e-06
0.0002466,0.0002859,0.0002805,0.0003165,0.0003147,0.0003176,0.0003253,0.0003283,0.0003166,0.0003092,0.0003064,0.000305,0.0003072,0.0002961,0.0002763,0.0002502,0.000224,0.0002053,0.0001768,0.0001619,0.0001431,0.0001239,0.0001095,9.611e-05,8.119e-05,6.957e-05,5.96e-05,4.905e-05,3.898e-05,3.183e-05,2.448e-05,1.8e-05,1.281e-05,9.475e-06,6.577e-06,5.057e-06,4.104e-06,3.901e-06,3.364e-06,3.608e-06,3.283e-06,2.969e-06,2.969e-06,2.989e-06,2.321e-06,2.108e-06,2.219e-06,2.503e-06,2.614e-06
0.0002578,0.0002943,0.0002818,0.000325,0.0003236,0.000328,0.0003218,0.0003305,0.000317,0.0003135,0.0003028,0.0003024,0.0003049,0.0002923,0.0002737,0.0002476,0.0002254,0.0002037,0.0001778,0.0001616,0.0001451,0.0001255,0.0001081,9.561e-05,8.211e-05,7.059e-05,5.754e-05,4.824e-05,3.918e-05,3.156e-05,2.429e-05,1.775e-05,1.31e-05,9.333e-06,7.144e-06,5.432e-06,4.489e-06,4.043e-06,3.395e-06,3.293e-06,3.05e-06,2.929e-06,2.929e-06,2.604e-06,2.331e-06,2.533e-06,2.594e-06,2.523e-06,2.655e-06
0.0002343,0.0002709,0.0002618,0.0003038,0.0003012,0.000312,0.0003139,0.0003253,0.0003107,0.0003104,0.0003033,0.0003029,0.000308,0.0002962,0.0002768,0.0002498,0.0002235,0.0002043,0.0001825,0.0001603,0.0001445,0.0001246,0.000108,9.588e-05,8.172e-05,6.799e-05,5.778e-05,4.781e-05,3.93e-05,3.081e-05,2.324e-05,1.717e-05,1.251e-05,9.566e-06,6.384e-06,4.682e-06,4.165e-06,3.608e-06,3.81e-06,3.172e-06,2.969e-06,2.746e-06,2.989e-06,2.594e-06,2.533e-06,2.614e-06,2.3e-06,2.473e-06,2.422e-06
0.0002507,0.0002901,0.0002773,0.0003183,0.0003154,0.0003277,0.0003225,0.0003312,0.0003158,0.0003084,0.0003052,0.0003038,0.0003055,0.0002904,0.0002701,0.0002516,0.0002235,0.0002042,0.0001781,0.0001599,0.0001432,0.000124,0.0001085,9.463e-05,8.24e-05,6.903e-05,5.921e-05,4.859e-05,3.791e-05,3.15e-05,2.346e-05,1.878e-05,1.298e-05,9.475e-06,6.759e-06,5.492e-06,4.124e-06,3.648e-06,3.222e-06,3.273e-06,3.091e-06,3.162e-06,2.635e-06,2.655e-06,2.574e-06,2.31e-06,2.321e-06,2.523e-06,2.604e-06
0.0002543,0.0002933,0.0002813,0.0003204,0.0003135,0.0003264,0.0003225,0.0003319,0.0003184,0.0003151,0.0003017,0.0003067,0.0003072,0.0002945,0.0002742,0.000249,0.0002221,0.000202,0.0001801,0.0001604,0.0001423,0.000124,0.0001092,9.506e-05,8.301e-05,6.928e-05,5.812e-05,4.871e-05,3.949e-05,3.082e-05,2.412e-05,1.721e-05,1.269e-05,8.968e-06,6.455e-06,4.874e-06,4.297e-06,3.618e-06,3.668e-06,3.547e-06,3.506e-06,2.787e-06,2.949e-06,2.969e-06,2.696e-06,2.442e-06,2.665e-06,2.635e-06,2.533e-06
0.000247,0.0002863,0.0002765,0.0003178,0.0003131,0.0003198,0.0003202,0.000329,0.0003183,0.0003087,0.0003037,0.0003017,0.0003073,0.0002934,0.0002704,0.000253,0.0002208,0.0002041,0.0001795,0.0001608,0.0001448,0.0001253,0.00011,9.516e-05,8.048e-05,6.873e-05,5.811e-05,4.841e-05,3.938e-05,3.216e-05,2.4e-05,1.809e-05,1.283e-05,8.928e-06,6.394e-06,4.915e-06,4.155e-06,3.881e-06,3.354e-06,3.253e-06,3.273e-06,2.989e-06,2.898e-06,2.665e-06,2.837e-06,2.483e-06,2.604e-06,2.138e-06,2.726e-06
0.000239,0.0002783,0.0002719,0.000312,0.0003082,0.0003127,0.000319,0.0003286,0.0003158,0.0003132,0.0003042,0.0003044,0.0003086,0.0002943,0.0002733,0.0002508,0.000225,0.0002021,0.000182,0.0001604,0.0001449,0.0001228,0.0001096,9.41e-05,8.036e-05,6.984e-05,5.679e-05,4.905e-05,3.871e-05,3.127e-05,2.366e-05,1.772e-05,1.27e-05,8.988e-06,6.708e-06,5.32e-06,4.54e-06,3.81e-06,3.658e-06,3.354e-06,3.293e-06,3.03e-06,2.898e-06,2.645e-06,2.564e-06,2.493e-06,2.402e-06,2.706e-06,2.645e-06
0.0002411,0.000285,0.0002697,0.0003138,0.0003107,0.0003185,0.0003165,0.000327,0.0003155,0.0003115,0.0003009,0.0003028,0.0003069,0.0002951,0.0002779,0.0002495,0.0002242,0.0002031,0.0001788,0.0001609,0.0001438,0.000125,0.0001094,9.493e-05,8.086e-05,6.998e-05,5.791e-05,4.709e-05,3.878e-05,3.108e-05,2.359e-05,1.661e-05,1.266e-05,8.877e-06,6.81e-06,5.33e-06,4.216e-06,3.922e-06,3.172e-06,3.283e-06,3.385e-06,2.817e-06,2.827e-06,2.574e-06,2.645e-06,2.483e-06,2.24e-06,2.189e-06,2.321e-06
0.0002476,0.0002873,0.0002782,0.0003158,0.0003115,0.0003202,0.0003211,0.0003282,0.0003169,0.0003082,0.0003055,0.0003037,0.0003073,0.0002953,0.0002743,0.0002505,0.0002247,0.0002037,0.0001788,0.0001609,0.0001439,0.0001238,0.0001081,9.634e-05,8.315e-05,7.044e-05,5.777e-05,4.795e-05,3.993e-05,3.043e-05,2.327e-05,1.792e-05,1.277e-05,9.303e-06,6.739e-06,5.178e-06,4.297e-06,3.689e-06,3.263e-06,3.222e-06,3e-06,2.837e-06,2.655e-06,2.827e-06,2.635e-06,2.513e-06,2.392e-06,2.564e-06,2.26e-06
0.0002371,0.0002795,0.0002704,0.0003109,0.0003051,0.0003143,0.0003156,0.0003255,0.0003166,0.00031,0.0003036,0.0003009,0.000307,0.0002958,0.0002739,0.0002503,0.0002249,0.0002028,0.0001833,0.0001648,0.0001465,0.0001239,0.0001099,9.538e-05,8.195e-05,6.993e-05,5.678e-05,4.862e-05,3.926e-05,3.056e-05,2.275e-05,1.805e-05,1.34e-05,9.394e-06,6.972e-06,4.996e-06,3.8e-06,3.668e-06,3.77e-06,3.405e-06,3.243e-06,2.736e-06,2.837e-06,2.949e-06,2.736e-06,2.685e-06,2.625e-06,2.24e-06,2.665e-06
0.0002448,0.0002901,0.0002788,0.0003212,0.0003157,0.0003189,0.0003206,0.0003268,0.0003177,0.0003102,0.0003012,0.0003021,0.0003061,0.000294,0.0002748,0.0002491,0.000224,0.0002032,0.00018,0.0001618,0.000143,0.0001248,0.0001098,9.44e-05,8.143e-05,7.053e-05,5.7e-05,4.948e-05,3.875e-05,3.179e-05,2.384e-05,1.82e-05,1.269e-05,9.353e-06,6.84e-06,5.199e-06,4.074e-06,3.668e-06,3.496e-06,3.192e-06,3.172e-06,2.817e-06,2.979e-06,2.554e-06,2.533e-06,2.523e-06,2.594e-06,2.473e-06,2.503e-06
0.0002509,0.0002921,0.0002806,0.0003251,0.0003165,0.0003214,0.0003237,0.0003312,0.0003163,0.0003104,0.0003033,0.0003027,0.0003057,0.0002915,0.0002744,0.0002466,0.0002227,0.0002032,0.0001795,0.0001593,0.000144,0.0001245,0.0001104,9.529e-05,8.379e-05,6.97e-05,5.834e-05,4.869e-05,3.949e-05,3.053e-05,2.311e-05,1.723e-05,1.372e-05,9.88e-06,6.668e-06,4.976e-06,4.134e-06,3.881e-06,3.374e-06,3.243e-06,2.908e-06,2.817e-06,3.162e-06,2.858e-06,2.331e-06,2.483e-06,2.594e-06,2.402e-06,2.422e-06
0.0002485,0.0002897,0.0002812,0.0003216,0.000312,0.0003229,0.0003237,0.0003287,0.0003153,0.0003116,0.0003068,0.0003036,0.0003068,0.0002932,0.0002749,0.0002506,0.0002253,0.0002035,0.0001797,0.000162,0.0001454,0.0001239,0.00011,9.601e-05,8.274e-05,6.89e-05,5.962e-05,4.766e-05,3.991e-05,3.115e-05,2.402e-05,1.78e-05,1.295e-05,8.999e-06,6.496e-06,5.067e-06,4.378e-06,3.648e-06,3.547e-06,3.283e-06,3.03e-06,3e-06,2.807e-06,2.392e-06,2.392e-06,2.28e-06,2.351e-06,2.422e-06,2.625e-06
0.0002427,0.0002854,0.0002726,0.0003172,0.0003095,0.0003199,0.0003179,0.0003253,0.0003179,0.000308,0.000305,0.0003033,0.0003098,0.0002966,0.0002768,0.0002505,0.0002243,0.0002034,0.0001787,0.0001623,0.0001425,0.0001221,0.0001088,9.661e-05,8.248e-05,7.041e-05,5.884e-05,4.884e-05,3.98e-05,3.118e-05,2.368e-05,1.766e-05,1.285e-05,9.941e-06,7.114e-06,5.28e-06,4.084e-06,3.608e-06,3.05e-06,3.293e-06,3.05e-06,2.817e-06,2.939e-06,2.787e-06,2.513e-06,2.361e-06,2.503e-06,2.381e-06,2.473e-06
0.0002373,0.000281,0.0002686,0.0003134,0.000309,0.0003155,0.0003205,0.0003282,0.0003163,0.0003065,0.0003031,0.0003014,0.0003048,0.0002929,0.0002729,0.0002499,0.0002261,0.0002054,0.0001786,0.0001614,0.000144,0.0001252,0.0001068,9.606e-05,8.134e-05,7.033e-05,5.834e-05,4.747e-05,3.837e-05,3.177e-05,2.417e-05,1.809e-05,1.251e-05,9.07e-06,7.053e-06,4.996e-06,4.479e-06,3.719e-06,3.689e-06,3.445e-06,3.192e-06,2.756e-06,2.797e-06,2.635e-06,2.371e-06,2.219e-06,2.462e-06,2.422e-06,2.473e-06
0.0002364,0.0002774,0.0002695,0.0003092,0.0003026,0.0003138,0.0003167,0.0003243,0.000313,0.0003081,0.0003017,0.0003041,0.000307,0.0002956,0.0002737,0.0002496,0.0002242,0.0002055,0.0001784,0.0001596,0.0001459,0.0001236,0.0001096,9.488e-05,8.213e-05,6.967e-05,5.731e-05,4.873e-05,3.905e-05,3.131e-05,2.414e-05,1.726e-05,1.304e-05,1.008e-05,6.496e-06,5.209e-06,4.378e-06,3.871e-06,3.304e-06,3.425e-06,3.172e-06,3.283e-06,2.797e-06,2.908e-06,2.949e-06,2.584e-06,2.473e-06,2.848e-06,2.604e-06
0.00025,0.0002883,0.0002754,0.0003198,0.0003137,0.0003205,0.0003201,0.0003322,0.0003189,0.0003125,0.0003022,0.0003038,0.0003051,0.0002924,0.000274,0.0002497,0.0002215,0.0002034,0.0001788,0.0001603,0.0001432,0.000125,0.0001087,9.583e-05,8.093e-05,6.984e-05,5.726e-05,4.866e-05,3.837e-05,3.057e-05,2.377e-05,1.764e-05,1.421e-05,9.039e-06,6.931e-06,4.925e-06,4.124e-06,3.81e-06,3.526e-06,3.547e-06,3.466e-06,2.706e-06,3e-06,2.665e-06,2.594e-06,2.28e-06,2.462e-06,2.462e-06,2.554e-06
0.0002441,0.0002826,0.0002745,0.0003145,0.0003105,0.0003181,0.0003226,0.0003257,0.0003164,0.0003096,0.0003015,0.0003024,0.0003073,0.0002977,0.0002746,0.0002481,0.0002239,0.0002035,0.0001803,0.0001614,0.0001458,0.0001246,0.0001087,9.555e-05,8.223e-05,6.938e-05,5.715e-05,4.834e-05,4.028e-05,3.233e-05,2.357e-05,1.759e-05,1.282e-05,9.728e-06,6.941e-06,5.158e-06,3.597e-06,3.851e-06,3.435e-06,3.678e-06,3.07e-06,2.989e-06,3.03e-06,2.939e-06,2.564e-06,2.128e-06,2.351e-06,2.24e-06,2.655e-06
0.00025,0.0002931,0.0002838,0.00032,0.0003148,0.0003221,0.0003231,0.0003292,0.0003159,0.0003111,0.0003027,0.0003026,0.0003065,0.0002936,0.0002739,0.0002494,0.0002235,0.0002045,0.0001797,0.0001616,0.0001426,0.0001246,0.0001093,9.453e-05,8.173e-05,7.032e-05,5.776e-05,4.773e-05,3.899e-05,3.1e-05,2.372e-05,1.798e-05,1.36e-05,9.11e-06,6.739e-06,5.158e-06,4.165e-06,3.597e-06,3.293e-06,3.131e-06,3.496e-06,2.959e-06,2.726e-06,2.827e-06,2.685e-06,2.351e-06,2.351e-06,2.554e-06,2.554e-06
0.0002415,0.0002846,0.000274,0.000314,0.0003108,0.0003168,0.000319,0.0003263,0.0003161,0.0003116,0.000305,0.0003031,0.0003059,0.0002955,0.0002784,0.0002524,0.0002241,0.0002065,0.0001815,0.0001628,0.0001445,0.0001247,0.0001084,9.342e-05,8.129e-05,7.022e-05,5.781e-05,4.886e-05,3.918e-05,3.117e-05,2.364e-05,1.729e-05,1.28e-05,9.272e-06,6.992e-06,5.047e-06,4.175e-06,3.577e-06,3.162e-06,3.233e-06,2.746e-06,2.949e-06,3.06e-06,2.554e-06,2.574e-06,2.523e-06,2.331e-06,2.503e-06,2.523e-06
0.0002427,0.0002876,0.0002784,0.0003178,0.0003146,0.0003207,0.0003215,0.000329,0.0003183,0.000309,0.0003059,0.0003035,0.0003087,0.0002953,0.0002742,0.0002506,0.0002237,0.0002028,0.0001807,0.0001598,0.0001461,0.0001241,0.0001081,9.534e-05,8.102e-05,6.927e-05,5.88e-05,4.921e-05,3.86e-05,3.093e-05,2.352e-05,1.74e-05,1.333e-05,8.735e-06,7.002e-06,5.006e-06,4.205e-06,3.577e-06,3.78e-06,3.364e-06,3.304e-06,2.807e-06,2.665e-06,2.412e-06,2.28e-06,2.28e-06,2.402e-06,2.31e-06,2.564e-06
0.0002577,0.0002971,0.0002854,0.0003263,0.0003202,0.0003288,0.0003266,0.000327,0.0003173,0.0003117,0.0003004,0.0003009,0.0003077,0.0002928,0.0002734,0.0002497,0.0002214,0.0002017,0.0001781,0.0001584,0.0001428,0.0001248,0.0001097,9.556e-05,8.104e-05,7.198e-05,6.045e-05,4.875e-05,3.973e-05,3.084e-05,2.405e-05,1.797e-05,1.292e-05,9.576e-06,6.577e-06,4.915e-06,3.993e-06,3.78e-06,2.979e-06,3.263e-06,2.858e-06,2.888e-06,3.121e-06,3.111e-06,2.523e-06,2.219e-06,2.371e-06,2.351e-06,2.533e-06
0.000249,0.0002941,0.0002778,0.0003189,0.0003177,0.000322,0.0003221,0.0003297,0.0003174,0.0003113,0.0003034,0.0003028,0.0003036,0.0002926,0.0002755,0.0002498,0.0002235,0.0002043,0.0001802,0.0001627,0.0001454,0.0001249,0.0001077,9.587e-05,8.03e-05,6.765e-05,5.849e-05,4.867e-05,3.921e-05,3.041e-05,2.407e-05,1.781e-05,1.285e-05,8.816e-06,6.344e-06,5.513e-06,4.499e-06,3.466e-06,3.324e-06,3.04e-06,3.141e-06,2.837e-06,2.746e-06,2.827e-06,2.604e-06,2.594e-06,2.503e-06,2.513e-06,2.462e-06
0.0002545,0.0002971,0.0002845,0.0003252,0.0003165,0.0003264,0.0003238,0.0003309,0.0003167,0.0003124,0.0003033,0.0003053,0.0003063,0.0002933,0.0002735,0.0002471,0.0002197,0.000201,0.0001809,0.0001603,0.0001421,0.0001245,0.0001082,9.442e-05,8.182e-05,7.061e-05,5.871e-05,4.873e-05,3.897e-05,2.996e-05,2.453e-05,1.795e-05,1.327e-05,9.374e-06,7.154e-06,5.006e-06,4.114e-06,3.881e-06,3.364e-06,3.172e-06,2.918e-06,2.827e-06,2.574e-06,2.827e-06,2.503e-06,2.402e-06,2.513e-06,2.31e-06,2.513e-06
0.0002514,0.0002888,0.0002768,0.000318,0.0003186,0.000326,0.0003225,0.0003289,0.0003176,0.0003114,0.0003018,0.0003051,0.0003079,0.0002918,0.0002765,0.0002508,0.0002216,0.0002055,0.0001798,0.0001586,0.0001438,0.0001246,0.0001094,9.404e-05,8.133e-05,7.038e-05,5.731e-05,4.919e-05,3.939e-05,3.08e-05,2.37e-05,1.778e-05,1.249e-05,9.718e-06,6.688e-06,5.259e-06,4.236e-06,3.618e-06,3.435e-06,3.152e-06,3.111e-06,2.969e-06,2.898e-06,2.817e-06,2.564e-06,2.371e-06,2.3e-06,2.361e-06,2.777e-06
0.0002465,0.0002883,0.0002801,0.000319,0.0003133,0.0003208,0.0003186,0.0003279,0.0003179,0.0003087,0.0003031,0.0003015,0.0003064,0.0002921,0.0002729,0.0002509,0.0002246,0.0002017,0.0001798,0.0001598,0.0001426,0.0001251,0.0001094,9.614e-05,8.039e-05,6.921e-05,5.743e-05,4.804e-05,3.774e-05,3.071e-05,2.328e-05,1.865e-05,1.356e-05,9.242e-06,6.749e-06,5.513e-06,3.952e-06,3.851e-06,3.212e-06,3.03e-06,3.081e-06,3.293e-06,2.918e-06,2.594e-06,2.513e-06,2.503e-06,2.31e-06,2.665e-06,2.594e-06
0.0002549,0.0002951,0.0002814,0.0003234,0.0003161,0.0003269,0.0003228,0.0003283,0.0003182,0.0003134,0.0003044,0.0003051,0.0003066,0.000293,0.0002735,0.0002499,0.0002209,0.000203,0.00018,0.0001609,0.0001422,0.000123,0.0001113,9.597e-05,8.343e-05,7.032e-05,5.973e-05,4.926e-05,3.953e-05,3.235e-05,2.403e-05,1.839e-05,1.325e-05,9.495e-06,6.789e-06,5.432e-06,4.216e-06,3.405e-06,3.476e-06,3.162e-06,3.283e-06,2.969e-06,3.03e-06,2.797e-06,2.452e-06,2.148e-06,2.574e-06,2.422e-06,2.462e-06
0.0002539,0.0002912,0.0002805,0.0003204,0.0003168,0.000323,0.000323,0.000332,0.0003178,0.0003118,0.0003054,0.0003046,0.0003065,0.0002926,0.000273,0.0002486,0.0002235,0.0002034,0.0001799,0.0001617,0.0001431,0.0001266,0.0001099,9.575e-05,8.039e-05,7.111e-05,5.862e-05,4.849e-05,3.952e-05,3.132e-05,2.368e-05,1.843e-05,1.326e-05,9.14e-06,6.719e-06,5.097e-06,4.317e-06,3.77e-06,3.304e-06,3.334e-06,3.182e-06,2.665e-06,2.756e-06,2.645e-06,2.837e-06,2.432e-06,2.533e-06,2.361e-06,2.513e-06
0.0002375,0.0002746,0.0002703,0.0003087,0.0003092,0.0003181,0.0003158,0.0003246,0.0003122,0.0003098,0.0003043,0.0003046,0.0003064,0.0002954,0.0002764,0.0002509,0.0002255,0.0002059,0.0001825,0.0001613,0.0001428,0.0001229,0.0001095,9.618e-05,8.105e-05,6.908e-05,5.822e-05,4.822e-05,3.853e-05,3.072e-05,2.426e-05,1.804e-05,1.294e-05,9.211e-06,6.779e-06,5.259e-06,3.81e-06,3.516e-06,3.689e-06,3.374e-06,3.06e-06,3e-06,3.01e-06,2.777e-06,2.584e-06,2.675e-06,2.25e-06,2.321e-06,2.361e-06
0.0002489,0.00029,0.0002812,0.0003199,0.0003173,0.0003196,0.0003195,0.0003295,0.0003161,0.0003112,0.0003045,0.0003036,0.0003063,0.000295,0.00027,0.0002496,0.000223,0.0002024,0.0001803,0.0001598,0.000145,0.0001267,0.0001094,9.454e-05,8.229e-05,7.07e-05,5.842e-05,4.794e-05,3.956e-05,3.114e-05,2.562e-05,1.705e-05,1.246e-05,9.566e-06,6.546e-06,5.016e-06,3.962e-06,3.699e-06,3.881e-06,3.314e-06,3.293e-06,2.989e-06,2.827e-06,2.706e-06,2.412e-06,2.26e-06,2.067e-06,2.584e-06,2.564e-06
0.000248,0.0002872,0.0002768,0.000314,0.0003131,0.0003207,0.0003205,0.0003328,0.0003144,0.0003122,0.0003046,0.0003038,0.0003033,0.0002887,0.000274,0.0002504,0.0002241,0.0002007,0.0001771,0.0001603,0.0001434,0.0001255,0.0001091,9.506e-05,8.353e-05,6.945e-05,5.767e-05,4.852e-05,3.977e-05,2.924e-05,2.363e-05,1.838e-05,1.284e-05,9.11e-06,6.719e-06,5.452e-06,4.185e-06,3.354e-06,2.939e-06,3.162e-06,3.111e-06,3.101e-06,2.797e-06,2.655e-06,2.584e-06,2.635e-06,2.098e-06,2.564e-06,2.574e-06
0.0002514,0.0002923,0.0002801,0.0003214,0.0003164,0.0003228,0.0003246,0.000328,0.0003132,0.0003091,0.0003043,0.0003062,0.0003059,0.000295,0.0002736,0.0002491,0.0002215,0.0002013,0.0001806,0.000162,0.0001432,0.0001261,0.0001104,9.514e-05,8.187e-05,7.225e-05,5.893e-05,4.708e-05,3.868e-05,3.15e-05,2.397e-05,1.784e-05,1.339e-05,9.434e-06,6.607e-06,4.894e-06,4.438e-06,3.83e-06,3.435e-06,3.374e-06,3.354e-06,2.868e-06,2.939e-06,2.878e-06,2.614e-06,2.462e-06,2.27e-06,2.503e-06,2.685e-06
0,0,0,0,0,0,0,0,0,0,0,0,0,0,0,0,0,0,0,0,0,0,0,0,0,0,0,0,0,0,0,0,0,0,0,0,0,0,0,0,0,0,0,0,0,0,0,0,0
0,0,0,0,0,0,0,0,0,0,0,0,0,0,0,0,0,0,0,0,0,0,0,0,0,0,0,0,0,0,0,0,0,0,0,0,0,0,0,0,0,0,0,0,0,0,0,0,0
3rd quartile
1.326e+12,1.463e+12,1.612e+12,1.776e+12,1.963e+12,2.164e+12,2.387e+12,2.638e+12,2.913e+12,3.216e+12,3.551e+12,3.92e+12,4.323e+12,4.767e+12,5.263e+12,5.808e+12,6.405e+12,7.072e+12,7.804e+12,8.611e+12,9.503e+12,1.049e+13,1.158e+13,1.278e+13,1.411e+13,1.557e+13,1.717e+13,1.896e+13,2.094e+13,2.31e+13,2.549e+13,2.808e+13,3.1e+13,3.423e+13,3.781e+13,4.181e+13,4.613e+13,5.106e+13,5.615e+13,6.212e+13,6.855e+13,7.569e+13,8.351e+13,9.188e+13,1.017e+14,1.123e+14,1.238e+14,1.368e+14,1.505e+14
0.0004101,0.0004601,0.0004197,0.0004577,0.0004172,0.0004035,0.000373,0.0003574,0.0003209,0.0002947,0.000271,0.0002482,0.0002389,0.0002184,0.0001952,0.0001661,0.0001385,0.0001183,9.895e-05,8.054e-05,6.873e-05,5.533e-05,4.651e-05,3.792e-05,3.088e-05,2.454e-05,1.856e-05,1.375e-05,1.082e-05,7.823e-06,5.614e-06,4.124e-06,3.172e-06,2.493e-06,2.037e-06,1.763e-06,2.006e-06,1.844e-06,1.936e-06,1.804e-06,2.047e-06,1.631e-06,1.662e-06,1.784e-06,1.54e-06,1.358e-06,1.571e-06,1.246e-06,1.165e-06
0.0004223,0.0004684,0.0004226,0.0004609,0.0004229,0.000398,0.0003722,0.0003575,0.0003206,0.0002968,0.0002665,0.0002502,0.0002357,0.0002197,0.0001942,0.0001669,0.000139,0.00012,9.88e-05,8.139e-05,6.978e-05,5.833e-05,4.682e-05,3.877e-05,3.159e-05,2.41e-05,1.921e-05,1.451e-05,1.05e-05,7.712e-06,5.766e-06,4.084e-06,3.02e-06,2.594e-06,2.179e-06,2.199e-06,2.128e-06,2.158e-06,1.702e-06,1.804e-06,1.895e-06,1.631e-06,1.702e-06,1.621e-06,1.723e-06,1.358e-06,1.429e-06,1.125e-06,1.013e-06
0.0004249,0.0004693,0.0004242,0.0004618,0.0004248,0.0004002,0.0003771,0.0003587,0.0003264,0.0002926,0.0002719,0.0002491,0.0002394,0.0002199,0.0001937,0.0001657,0.000141,0.000119,9.901e-05,8.425e-05,7.029e-05,5.569e-05,4.706e-05,3.873e-05,3.012e-05,2.42e-05,1.863e-05,1.431e-05,1.09e-05,7.56e-06,5.756e-06,4.57e-06,3.06e-06,2.685e-06,2.017e-06,2.148e-06,1.905e-06,2.037e-06,1.834e-06,1.784e-06,1.885e-06,2.017e-06,1.753e-06,1.743e-06,1.429e-06,1.5e-06,1.419e-06,1.236e-06,1.368e-06
0.0004179,0.0004671,0.0004226,0.0004547,0.0004211,0.0004015,0.0003732,0.0003564,0.0003206,0.0002974,0.0002725,0.0002496,0.0002382,0.0002187,0.0001921,0.0001641,0.0001388,0.0001202,9.759e-05,8.248e-05,6.958e-05,5.627e-05,4.611e-05,3.802e-05,3.099e-05,2.445e-05,1.919e-05,1.434e-05,1.051e-05,8.046e-06,5.938e-06,4.307e-06,3.212e-06,2.696e-06,2.31e-06,2.006e-06,1.834e-06,1.996e-06,1.976e-06,1.865e-06,2.189e-06,1.905e-06,1.804e-06,1.723e-06,1.561e-06,1.611e-06,1.419e-06,1.429e-06,1.135e-06
0.0004176,0.0004641,0.0004237,0.0004548,0.0004195,0.0004055,0.0003735,0.0003607,0.0003228,0.000297,0.0002689,0.0002494,0.0002368,0.0002197,0.0001931,0.0001651,0.0001394,0.0001175,9.742e-05,8.123e-05,6.931e-05,5.703e-05,4.728e-05,3.867e-05,3.058e-05,2.491e-05,1.878e-05,1.426e-05,1.057e-05,7.995e-06,5.381e-06,4.276e-06,3.435e-06,2.665e-06,2.219e-06,1.773e-06,1.986e-06,1.844e-06,1.631e-06,1.824e-06,1.611e-06,1.905e-06,1.784e-06,1.642e-06,1.611e-06,1.419e-06,1.368e-06,1.257e-06,1.287e-06
0.0004054,0.0004552,0.0004169,0.0004524,0.0004207,0.0003988,0.0003745,0.0003574,0.0003222,0.0002985,0.000267,0.0002492,0.0002397,0.0002189,0.0001932,0.0001641,0.0001373,0.0001183,9.874e-05,8.101e-05,6.688e-05,5.697e-05,4.502e-05,3.708e-05,2.939e-05,2.355e-05,1.84e-05,1.379e-05,1.06e-05,7.023e-06,5.269e-06,3.942e-06,3.081e-06,2.412e-06,2.25e-06,2.179e-06,2.138e-06,1.844e-06,1.885e-06,1.844e-06,1.804e-06,2.027e-06,1.702e-06,1.662e-06,1.439e-06,1.348e-06,1.317e-06,1.135e-06,1.094e-06
0.0004204,0.0004663,0.0004257,0.0004579,0.0004219,0.0004023,0.000377,0.000357,0.000322,0.0002947,0.0002691,0.0002499,0.0002378,0.0002223,0.0001928,0.0001639,0.0001393,0.0001182,9.859e-05,8.356e-05,6.896e-05,5.648e-05,4.592e-05,3.752e-05,3.113e-05,2.474e-05,1.909e-05,1.465e-05,1.093e-05,7.712e-06,5.624e-06,4.124e-06,3.314e-06,2.665e-06,2.148e-06,2.179e-06,1.925e-06,2.077e-06,1.773e-06,1.925e-06,1.723e-06,1.733e-06,1.773e-06,1.54e-06,1.672e-06,1.216e-06,1.54e-06,1.327e-06,1.186e-06
0.0004098,0.0004598,0.0004231,0.0004541,0.0004209,0.0004071,0.0003719,0.0003634,0.0003236,0.0002946,0.0002687,0.0002484,0.0002417,0.000219,0.0001957,0.0001629,0.0001388,0.0001184,9.778e-05,8.252e-05,6.913e-05,5.694e-05,4.659e-05,3.665e-05,2.955e-05,2.367e-05,1.887e-05,1.42e-05,1.032e-05,7.732e-06,5.604e-06,4.256e-06,3.263e-06,2.341e-06,2.25e-06,2.077e-06,1.733e-06,1.723e-06,1.723e-06,1.723e-06,1.784e-06,1.905e-06,1.601e-06,1.672e-06,1.662e-06,1.388e-06,1.145e-06,1.034e-06,1.206e-06
0.0004039,0.0004557,0.0004135,0.0004539,0.0004146,0.0004015,0.0003744,0.0003539,0.0003232,0.0002961,0.0002702,0.0002503,0.0002354,0.0002176,0.0001949,0.0001642,0.000136,0.0001183,9.779e-05,8.09e-05,6.977e-05,5.472e-05,4.608e-05,3.891e-05,2.958e-05,2.348e-05,1.855e-05,1.353e-05,9.617e-06,7.256e-06,5.513e-06,3.851e-06,3.081e-06,2.837e-06,2.219e-06,1.925e-06,2.037e-06,1.723e-06,1.814e-06,1.936e-06,1.713e-06,1.642e-06,1.743e-06,1.49e-06,1.763e-06,1.226e-06,1.013e-06,1.469e-06,1.277e-06
0.0004214,0.0004657,0.0004226,0.0004579,0.000426,0.0004032,0.0003733,0.0003617,0.0003232,0.0002945,0.0002678,0.0002501,0.0002409,0.0002187,0.0001933,0.0001656,0.0001374,0.0001176,9.899e-05,8.216e-05,6.867e-05,5.703e-05,4.519e-05,3.791e-05,3.056e-05,2.413e-05,1.801e-05,1.414e-05,1.045e-05,7.519e-06,5.969e-06,4.378e-06,3e-06,2.321e-06,2.148e-06,2.108e-06,1.976e-06,1.966e-06,1.895e-06,1.824e-06,2.057e-06,1.763e-06,1.723e-06,1.702e-06,1.611e-06,1.601e-06,1.459e-06,1.054e-06,1.196e-06
0.0004008,0.0004492,0.0004178,0.0004521,0.0004173,0.0003995,0.0003765,0.0003595,0.0003247,0.0002975,0.000271,0.0002459,0.0002423,0.0002153,0.0001942,0.0001653,0.0001362,0.0001164,9.76e-05,8.139e-05,6.827e-05,5.568e-05,4.613e-05,3.71e-05,3.038e-05,2.381e-05,1.819e-05,1.372e-05,1.118e-05,7.904e-06,5.513e-06,4.297e-06,3.111e-06,2.817e-06,2.128e-06,2.057e-06,1.986e-06,1.824e-06,1.834e-06,1.692e-06,1.601e-06,1.885e-06,1.794e-06,1.804e-06,1.642e-06,1.591e-06,1.469e-06,1.196e-06,1.175e-06
0.000416,0.0004649,0.0004245,0.0004582,0.0004212,0.0003998,0.0003761,0.0003587,0.000326,0.0002942,0.0002692,0.0002486,0.0002372,0.0002176,0.0001933,0.0001675,0.00014,0.0001192,9.968e-05,8.192e-05,6.996e-05,5.508e-05,4.676e-05,3.87e-05,3.079e-05,2.353e-05,1.831e-05,1.36e-05,1.075e-05,7.833e-06,5.503e-06,4.013e-06,2.939e-06,2.513e-06,2.158e-06,2.118e-06,1.956e-06,1.925e-06,2.118e-06,1.885e-06,1.865e-06,1.844e-06,1.854e-06,1.52e-06,1.469e-06,1.591e-06,1.591e-06,1.115e-06,1.135e-06
0.0004238,0.000466,0.0004315,0.000459,0.0004212,0.0004028,0.000372,0.0003586,0.0003205,0.0002942,0.0002706,0.0002469,0.0002406,0.0002182,0.0001949,0.0001649,0.000139,0.0001193,9.896e-05,8.395e-05,7.035e-05,5.703e-05,4.624e-05,3.812e-05,3.166e-05,2.429e-05,1.84e-05,1.453e-05,1.057e-05,7.813e-06,6.05e-06,4.094e-06,3.253e-06,2.473e-06,1.956e-06,2.3e-06,1.956e-06,1.925e-06,1.925e-06,1.986e-06,1.743e-06,1.723e-06,1.733e-06,1.723e-06,1.398e-06,1.51e-06,1.459e-06,1.378e-06,1.175e-06
0.0003957,0.0004437,0.0004127,0.0004446,0.0004167,0.0003999,0.0003765,0.0003567,0.0003234,0.0002983,0.0002714,0.000248,0.0002404,0.0002185,0.0001957,0.0001625,0.0001382,0.0001178,9.713e-05,8.179e-05,6.803e-05,5.541e-05,4.528e-05,3.735e-05,2.874e-05,2.296e-05,1.824e-05,1.43e-05,9.728e-06,7.124e-06,5.624e-06,3.891e-06,2.746e-06,2.26e-06,2.229e-06,2.047e-06,2.017e-06,1.794e-06,1.713e-06,1.946e-06,1.682e-06,1.621e-06,1.713e-06,1.601e-06,1.642e-06,1.733e-06,1.419e-06,1.327e-06,1.216e-06
0.0004161,0.000465,0.0004238,0.0004564,0.0004211,0.0004041,0.0003761,0.0003602,0.0003217,0.000294,0.0002669,0.0002486,0.0002366,0.000218,0.0001933,0.0001623,0.0001384,0.0001183,9.74e-05,8.352e-05,6.945e-05,5.602e-05,4.687e-05,3.893e-05,3.05e-05,2.446e-05,1.909e-05,1.408e-05,1.074e-05,8.127e-06,5.796e-06,4.266e-06,3.121e-06,2.523e-06,2.118e-06,2.088e-06,2.098e-06,1.915e-06,1.773e-06,1.834e-06,1.824e-06,1.794e-06,1.885e-06,1.692e-06,1.449e-06,1.682e-06,1.439e-06,1.257e-06,1.155e-06
0.0004193,0.0004684,0.0004221,0.0004577,0.0004214,0.0004015,0.0003778,0.0003553,0.0003198,0.0002977,0.0002674,0.0002491,0.0002387,0.000222,0.0001935,0.000165,0.0001398,0.0001194,9.804e-05,8.278e-05,6.903e-05,5.667e-05,4.607e-05,3.833e-05,2.98e-05,2.373e-05,1.936e-05,1.356e-05,1.044e-05,8.492e-06,5.634e-06,4.246e-06,2.969e-06,2.493e-06,2.29e-06,2.037e-06,1.804e-06,1.784e-06,1.986e-06,2.098e-06,1.865e-06,1.54e-06,1.915e-06,1.814e-06,1.713e-06,1.561e-06,1.236e-06,1.145e-06,1.105e-06
0.0004095,0.0004599,0.0004196,0.0004542,0.0004188,0.0003988,0.0003765,0.0003581,0.0003218,0.0002967,0.0002707,0.0002477,0.0002397,0.0002175,0.000192,0.000164,0.0001358,0.0001179,9.786e-05,8.244e-05,6.857e-05,5.62e-05,4.693e-05,3.759e-05,2.94e-05,2.329e-05,1.803e-05,1.441e-05,1.066e-05,7.215e-06,5.928e-06,4.094e-06,2.736e-06,2.25e-06,2.331e-06,2.128e-06,1.895e-06,1.956e-06,1.915e-06,1.834e-06,1.875e-06,1.713e-06,1.773e-06,1.875e-06,1.55e-06,1.186e-06,1.378e-06,1.257e-06,1.186e-06
0.0004084,0.0004574,0.0004152,0.0004546,0.0004192,0.0003989,0.0003741,0.0003578,0.0003243,0.0002969,0.000273,0.0002484,0.0002391,0.0002176,0.0001938,0.0001652,0.0001377,0.0001173,9.941e-05,8.217e-05,6.721e-05,5.554e-05,4.562e-05,3.748e-05,2.981e-05,2.417e-05,1.817e-05,1.365e-05,9.769e-06,7.286e-06,5.492e-06,3.729e-06,3.121e-06,2.452e-06,2.24e-06,1.956e-06,1.925e-06,1.844e-06,2.037e-06,1.794e-06,1.885e-06,1.388e-06,1.794e-06,1.672e-06,1.591e-06,1.388e-06,1.226e-06,1.257e-06,1.155e-06
0.0004101,0.0004571,0.0004243,0.0004534,0.0004161,0.0004034,0.0003741,0.0003614,0.0003197,0.0003009,0.0002715,0.0002506,0.0002393,0.0002191,0.000192,0.0001627,0.0001374,0.0001176,9.565e-05,8.369e-05,6.962e-05,5.652e-05,4.675e-05,3.774e-05,3.071e-05,2.36e-05,1.811e-05,1.45e-05,1.043e-05,7.914e-06,5.675e-06,3.932e-06,2.939e-06,2.25e-06,2.229e-06,1.895e-06,2.331e-06,1.905e-06,1.804e-06,1.713e-06,1.682e-06,1.814e-06,1.479e-06,1.571e-06,1.5e-06,1.702e-06,1.449e-06,1.317e-06,9.83e-07
0.0004131,0.000462,0.0004227,0.0004537,0.0004181,0.000404,0.0003764,0.0003562,0.0003266,0.0002934,0.0002675,0.000248,0.0002414,0.0002182,0.0001936,0.0001647,0.0001377,0.0001168,9.771e-05,8.197e-05,6.787e-05,5.675e-05,4.504e-05,3.93e-05,3.008e-05,2.331e-05,1.828e-05,1.389e-05,1.07e-05,7.924e-06,5.513e-06,4.053e-06,2.827e-06,2.31e-06,2.138e-06,2.148e-06,1.865e-06,1.642e-06,1.915e-06,1.885e-06,1.844e-06,1.672e-06,1.763e-06,1.672e-06,1.601e-06,1.449e-06,1.196e-06,1.196e-06,1.064e-06
0.000404,0.0004534,0.0004164,0.0004553,0.0004201,0.0003985,0.0003764,0.0003599,0.0003234,0.0002979,0.0002693,0.0002513,0.0002387,0.000219,0.0001924,0.0001628,0.0001362,0.0001177,9.914e-05,8.162e-05,6.875e-05,5.708e-05,4.614e-05,3.703e-05,2.902e-05,2.316e-05,1.803e-05,1.429e-05,1.11e-05,7.489e-06,5.624e-06,3.851e-06,2.888e-06,2.452e-06,2.189e-06,1.976e-06,2.077e-06,1.895e-06,1.875e-06,1.642e-06,1.915e-06,2.077e-06,1.895e-06,1.702e-06,1.753e-06,1.631e-06,1.348e-06,1.236e-06,1.165e-06
0.0004163,0.0004616,0.0004228,0.0004586,0.0004216,0.000401,0.0003751,0.0003605,0.0003195,0.0002958,0.0002676,0.0002449,0.0002376,0.0002192,0.0001941,0.000169,0.0001388,0.0001182,9.788e-05,8.261e-05,6.925e-05,5.535e-05,4.568e-05,3.805e-05,2.987e-05,2.431e-05,1.87e-05,1.449e-05,1.06e-05,7.712e-06,5.837e-06,3.8e-06,3.253e-06,2.462e-06,2.29e-06,2.189e-06,2.057e-06,1.875e-06,1.642e-06,2.067e-06,1.784e-06,1.794e-06,1.642e-06,1.854e-06,1.388e-06,1.561e-06,1.429e-06,1.368e-06,1.155e-06
0.0004217,0.000464,0.0004232,0.0004565,0.0004211,0.0003999,0.0003729,0.0003588,0.0003226,0.0002974,0.0002719,0.0002502,0.0002374,0.0002171,0.0001948,0.000164,0.000139,0.000119,9.781e-05,8.208e-05,6.865e-05,5.806e-05,4.741e-05,3.834e-05,3.045e-05,2.356e-05,1.871e-05,1.462e-05,1.045e-05,8.056e-06,6.019e-06,4.469e-06,3.162e-06,2.483e-06,2.24e-06,1.865e-06,1.834e-06,1.996e-06,1.834e-06,2.067e-06,1.834e-06,1.743e-06,1.631e-06,1.611e-06,1.854e-06,1.439e-06,1.55e-06,1.196e-06,1.084e-06
0.0004185,0.0004645,0.0004285,0.0004573,0.0004208,0.0004016,0.0003752,0.0003574,0.0003222,0.0002945,0.0002719,0.0002482,0.0002366,0.0002194,0.0001921,0.0001655,0.0001393,0.0001194,9.963e-05,8.218e-05,6.922e-05,5.59e-05,4.544e-05,3.72e-05,3.048e-05,2.405e-05,1.849e-05,1.366e-05,1.034e-05,7.681e-06,5.898e-06,3.962e-06,3.03e-06,2.655e-06,2.209e-06,1.946e-06,1.865e-06,1.966e-06,1.875e-06,1.611e-06,2.017e-06,1.601e-06,1.814e-06,1.631e-06,1.652e-06,1.55e-06,1.368e-06,1.115e-06,1.267e-06
0.0004113,0.00046,0.0004189,0.0004547,0.0004173,0.0004011,0.000377,0.0003586,0.0003246,0.0002979,0.0002712,0.0002498,0.0002386,0.0002191,0.0001946,0.0001652,0.0001407,0.0001182,9.745e-05,8.185e-05,6.955e-05,5.692e-05,4.567e-05,3.755e-05,3.014e-05,2.48e-05,1.782e-05,1.375e-05,1.028e-05,7.945e-06,5.482e-06,4.266e-06,3.121e-06,2.584e-06,2.179e-06,1.986e-06,2.25e-06,2.037e-06,2.088e-06,1.773e-06,1.824e-06,1.713e-06,1.621e-06,1.692e-06,1.5e-06,1.449e-06,1.327e-06,1.186e-06,1.267e-06
0.0004076,0.0004548,0.0004115,0.0004526,0.0004173,0.0003999,0.0003738,0.0003552,0.0003239,0.0002985,0.0002681,0.0002503,0.0002386,0.0002183,0.0001958,0.000164,0.0001388,0.0001163,9.823e-05,8.238e-05,6.645e-05,5.51e-05,4.533e-05,3.789e-05,2.987e-05,2.427e-05,1.76e-05,1.429e-05,1.066e-05,8.016e-06,5.523e-06,4.124e-06,2.827e-06,2.483e-06,2.108e-06,1.895e-06,1.743e-06,1.875e-06,2.006e-06,1.936e-06,1.55e-06,1.611e-06,1.753e-06,1.601e-06,1.733e-06,1.53e-06,1.307e-06,1.246e-06,1.348e-06
0.000402,0.0004533,0.0004165,0.0004483,0.0004217,0.0004029,0.0003757,0.0003612,0.0003237,0.0002966,0.0002726,0.0002498,0.0002383,0.0002197,0.0001945,0.0001651,0.0001368,0.000117,9.766e-05,8.045e-05,6.795e-05,5.391e-05,4.556e-05,3.792e-05,2.921e-05,2.291e-05,1.754e-05,1.405e-05,1.08e-05,7.57e-06,5.442e-06,4.205e-06,2.979e-06,2.696e-06,2.229e-06,1.936e-06,1.986e-06,1.834e-06,1.763e-06,1.713e-06,1.865e-06,1.713e-06,1.52e-06,1.621e-06,1.459e-06,1.469e-06,1.55e-06,1.287e-06,1.115e-06
0.0004187,0.0004593,0.0004222,0.0004534,0.0004225,0.0004014,0.0003758,0.000357,0.0003204,0.0002941,0.0002664,0.0002451,0.0002375,0.000217,0.0001911,0.0001638,0.0001377,0.000119,9.917e-05,8.227e-05,6.928e-05,5.769e-05,4.582e-05,3.816e-05,3.06e-05,2.435e-05,1.909e-05,1.449e-05,1.064e-05,7.864e-06,5.685e-06,4.155e-06,3.516e-06,2.614e-06,2.24e-06,2.027e-06,1.834e-06,2.148e-06,1.996e-06,1.834e-06,1.702e-06,1.713e-06,1.885e-06,1.946e-06,1.5e-06,1.652e-06,1.5e-06,1.186e-06,1.581e-06
0.0004108,0.0004552,0.0004196,0.0004537,0.0004181,0.0004034,0.0003723,0.0003598,0.0003215,0.000294,0.0002679,0.0002491,0.0002374,0.000218,0.0001921,0.0001649,0.0001388,0.0001179,9.633e-05,8.092e-05,6.86e-05,5.62e-05,4.471e-05,3.801e-05,3.103e-05,2.413e-05,1.776e-05,1.384e-05,1.038e-05,7.762e-06,5.563e-06,4.165e-06,3.04e-06,2.341e-06,2.077e-06,2.219e-06,1.986e-06,1.925e-06,1.905e-06,2.017e-06,1.733e-06,1.875e-06,1.723e-06,1.459e-06,1.571e-06,1.611e-06,1.469e-06,1.409e-06,1.226e-06
0.0004218,0.0004693,0.0004261,0.0004595,0.0004225,0.0004041,0.0003786,0.0003575,0.0003225,0.0002963,0.0002678,0.000248,0.0002372,0.00022,0.0001945,0.0001651,0.00014,0.0001168,9.886e-05,8.326e-05,7.005e-05,5.515e-05,4.534e-05,3.748e-05,2.969e-05,2.324e-05,1.846e-05,1.376e-05,1.06e-05,7.722e-06,5.584e-06,3.962e-06,2.908e-06,2.341e-06,2.179e-06,1.986e-06,1.986e-06,1.905e-06,1.702e-06,1.996e-06,1.784e-06,1.824e-06,1.834e-06,1.682e-06,1.743e-06,1.49e-06,1.429e-06,1.398e-06,1.277e-06
0.0004071,0.000457,0.000419,0.0004527,0.0004209,0.0004033,0.000374,0.000355,0.0003255,0.0002981,0.0002679,0.0002494,0.0002397,0.0002209,0.0001953,0.0001643,0.000139,0.0001181,9.731e-05,8.101e-05,6.747e-05,5.675e-05,4.602e-05,3.9e-05,3.051e-05,2.338e-05,1.903e-05,1.456e-05,1.063e-05,7.327e-06,5.725e-06,3.82e-06,3.253e-06,2.736e-06,2.24e-06,2.148e-06,2.047e-06,1.885e-06,1.804e-06,1.905e-06,1.753e-06,1.925e-06,1.713e-06,1.581e-06,1.52e-06,1.348e-06,1.398e-06,1.236e-06,1.175e-06
0.0004127,0.00046,0.0004248,0.0004578,0.0004229,0.0004012,0.0003761,0.0003586,0.0003245,0.0002935,0.0002695,0.0002492,0.0002404,0.000218,0.0001932,0.0001627,0.0001393,0.0001178,9.724e-05,8.414e-05,6.756e-05,5.646e-05,4.502e-05,3.834e-05,3.082e-05,2.453e-05,1.815e-05,1.448e-05,9.84e-06,7.61e-06,6.08e-06,3.82e-06,3.03e-06,2.462e-06,2.29e-06,1.956e-06,1.936e-06,1.773e-06,1.621e-06,1.794e-06,2.017e-06,1.682e-06,1.743e-06,1.662e-06,1.53e-06,1.479e-06,1.53e-06,1.52e-06,1.125e-06
0.0004261,0.000473,0.0004259,0.0004626,0.0004215,0.0004005,0.0003778,0.000358,0.0003185,0.0002948,0.0002697,0.0002484,0.0002374,0.0002183,0.0001936,0.0001694,0.0001388,0.0001201,9.883e-05,8.409e-05,7.012e-05,5.723e-05,4.627e-05,3.857e-05,3.017e-05,2.443e-05,1.915e-05,1.51e-05,1.114e-05,8.178e-06,5.553e-06,4.489e-06,2.949e-06,2.574e-06,2.28e-06,1.996e-06,1.865e-06,2.098e-06,1.763e-06,1.773e-06,1.753e-06,1.561e-06,1.824e-06,1.662e-06,1.763e-06,1.469e-06,1.348e-06,1.348e-06,1.297e-06
0.0004189,0.0004682,0.0004235,0.0004556,0.0004237,0.000402,0.0003725,0.0003585,0.0003229,0.0002942,0.0002675,0.0002508,0.0002409,0.0002193,0.0001949,0.0001649,0.0001394,0.0001167,9.823e-05,8.248e-05,6.954e-05,5.723e-05,4.742e-05,3.849e-05,2.983e-05,2.292e-05,1.789e-05,1.372e-05,1.064e-05,7.853e-06,5.432e-06,4.378e-06,3.314e-06,2.544e-06,2.229e-06,1.925e-06,1.804e-06,1.611e-06,1.936e-06,1.784e-06,1.794e-06,1.834e-06,1.642e-06,1.652e-06,1.5e-06,1.419e-06,1.439e-06,1.338e-06,1.054e-06
0.0004263,0.000471,0.000429,0.0004563,0.0004215,0.0004036,0.0003756,0.0003569,0.0003225,0.0002973,0.0002703,0.0002522,0.0002335,0.0002176,0.0001937,0.0001655,0.0001367,0.0001187,9.768e-05,8.216e-05,6.976e-05,5.568e-05,4.803e-05,3.892e-05,3.086e-05,2.446e-05,1.878e-05,1.44e-05,1.157e-05,7.61e-06,5.908e-06,4.56e-06,3.395e-06,2.574e-06,2.402e-06,1.986e-06,1.976e-06,2.169e-06,1.834e-06,2.037e-06,1.763e-06,1.824e-06,1.854e-06,1.682e-06,1.571e-06,1.459e-06,1.338e-06,1.226e-06,1.155e-06
0.0004213,0.0004676,0.0004221,0.0004582,0.0004198,0.0004017,0.000377,0.0003569,0.0003195,0.0002973,0.00027,0.0002476,0.0002429,0.0002193,0.0001927,0.0001661,0.0001375,0.0001189,9.847e-05,8.238e-05,6.832e-05,5.743e-05,4.747e-05,3.763e-05,3.087e-05,2.445e-05,1.87e-05,1.497e-05,1.072e-05,8.218e-06,5.584e-06,4.023e-06,3.091e-06,2.473e-06,2.037e-06,1.996e-06,1.976e-06,1.844e-06,1.763e-06,1.743e-06,1.885e-06,1.611e-06,1.642e-06,1.682e-06,1.713e-06,1.368e-06,1.267e-06,1.54e-06,1.358e-06
0.0004152,0.0004619,0.0004227,0.000462,0.0004166,0.0004023,0.0003754,0.0003562,0.000324,0.0002967,0.0002684,0.0002505,0.0002394,0.0002179,0.0001929,0.0001643,0.0001393,0.0001173,9.754e-05,8.157e-05,6.875e-05,5.727e-05,4.633e-05,3.774e-05,2.852e-05,2.514e-05,1.843e-05,1.435e-05,1.093e-05,7.509e-06,5.807e-06,3.993e-06,2.969e-06,2.837e-06,2.148e-06,1.865e-06,2.027e-06,1.946e-06,1.946e-06,2.017e-06,1.794e-06,1.611e-06,1.885e-06,1.672e-06,1.662e-06,1.53e-06,9.931e-07,1.125e-06,1.277e-06
0.0004243,0.0004657,0.0004254,0.0004599,0.0004236,0.000402,0.0003754,0.0003569,0.0003213,0.0002982,0.0002677,0.0002504,0.0002407,0.0002194,0.0001919,0.0001668,0.0001397,0.0001194,0.0001001,8.462e-05,7.104e-05,5.472e-05,4.463e-05,3.819e-05,3.031e-05,2.504e-05,1.92e-05,1.49e-05,1.046e-05,8.745e-06,5.959e-06,3.901e-06,3.354e-06,2.341e-06,2.29e-06,2.108e-06,1.702e-06,1.854e-06,1.905e-06,1.966e-06,1.915e-06,1.591e-06,1.966e-06,1.814e-06,1.51e-06,1.611e-06,1.591e-06,1.49e-06,1.023e-06
0.0004224,0.0004683,0.0004248,0.0004576,0.0004196,0.000399,0.0003772,0.0003583,0.0003186,0.0002924,0.0002707,0.00025,0.0002356,0.0002175,0.0001926,0.0001671,0.0001371,0.00012,9.957e-05,8.296e-05,6.978e-05,5.576e-05,4.645e-05,3.897e-05,3.022e-05,2.362e-05,1.91e-05,1.506e-05,1.09e-05,7.924e-06,5.401e-06,4.003e-06,3.243e-06,2.361e-06,2.057e-06,1.996e-06,1.946e-06,1.753e-06,2.006e-06,1.875e-06,1.936e-06,1.784e-06,1.753e-06,1.52e-06,1.601e-06,1.459e-06,1.631e-06,1.5e-06,1.094e-06
0.0004022,0.0004521,0.0004182,0.0004512,0.0004157,0.0003983,0.0003784,0.0003572,0.000321,0.000297,0.0002699,0.0002507,0.0002418,0.0002197,0.0001925,0.0001633,0.0001361,0.0001155,9.768e-05,8.042e-05,6.755e-05,5.513e-05,4.361e-05,3.8e-05,3.071e-05,2.363e-05,1.822e-05,1.375e-05,1.065e-05,7.215e-06,5.442e-06,4.134e-06,2.746e-06,2.138e-06,2.331e-06,1.986e-06,1.936e-06,1.814e-06,1.915e-06,1.652e-06,1.885e-06,1.824e-06,1.702e-06,1.824e-06,1.5e-06,1.5e-06,1.358e-06,1.277e-06,1.226e-06
0.0004162,0.0004619,0.0004244,0.0004572,0.0004185,0.000402,0.0003748,0.0003595,0.0003231,0.0002981,0.0002688,0.000249,0.0002372,0.0002215,0.0001941,0.0001644,0.0001375,0.000118,9.854e-05,8.188e-05,6.957e-05,5.597e-05,4.752e-05,3.81e-05,3.04e-05,2.503e-05,1.903e-05,1.391e-05,1.044e-05,7.752e-06,5.725e-06,3.81e-06,3.101e-06,2.706e-06,2.169e-06,2.138e-06,1.794e-06,2.027e-06,1.925e-06,1.834e-06,2.017e-06,1.479e-06,1.682e-06,1.561e-06,1.743e-06,1.439e-06,1.277e-06,1.287e-06,1.135e-06
0.0004146,0.0004661,0.0004228,0.0004607,0.0004182,0.0004016,0.0003764,0.0003573,0.0003224,0.0002932,0.0002695,0.0002477,0.0002354,0.0002187,0.0001916,0.0001633,0.0001373,0.000118,9.865e-05,8.212e-05,6.689e-05,5.778e-05,4.625e-05,3.782e-05,2.992e-05,2.378e-05,1.869e-05,1.362e-05,1.082e-05,7.56e-06,4.965e-06,3.962e-06,2.787e-06,2.24e-06,2.331e-06,2.169e-06,1.824e-06,1.814e-06,1.936e-06,1.743e-06,1.885e-06,1.713e-06,1.631e-06,1.5e-06,1.865e-06,1.51e-06,1.439e-06,1.459e-06,9.83e-07
0.000422,0.0004685,0.0004258,0.0004594,0.0004215,0.0004006,0.0003725,0.0003605,0.0003206,0.0002951,0.0002679,0.0002502,0.0002389,0.0002147,0.0001939,0.0001646,0.0001407,0.0001191,9.934e-05,8.285e-05,6.898e-05,5.582e-05,4.499e-05,3.889e-05,3.043e-05,2.452e-05,1.889e-05,1.433e-05,1.056e-05,8.026e-06,6.029e-06,4.104e-06,3.111e-06,2.351e-06,2.209e-06,2.148e-06,1.946e-06,1.854e-06,1.794e-06,1.51e-06,1.996e-06,1.763e-06,1.895e-06,1.824e-06,1.753e-06,1.368e-06,1.358e-06,1.267e-06,1.054e-06
0,0,0,0,0,0,0,0,0,0,0,0,0,0,0,0,0,0,0,0,0,0,0,0,0,0,0,0,0,0,0,0,0,0,0,0,0,0,0,0,0,0,0,0,0,0,0,0,0
0,0,0,0,0,0,0,0,0,0,0,0,0,0,0,0,0,0,0,0,0,0,0,0,0,0,0,0,0,0,0,0,0,0,0,0,0,0,0,0,0,0,0,0,0,0,0,0,0
4th quartile
1.325e+12,1.463e+12,1.611e+12,1.775e+12,1.961e+12,2.163e+12,2.387e+12,2.635e+12,2.912e+12,3.217e+12,3.549e+12,3.916e+12,4.323e+12,4.77e+12,5.26e+12,5.804e+12,6.401e+12,7.068e+12,7.801e+12,8.613e+12,9.497e+12,1.05e+13,1.158e+13,1.277e+13,1.408e+13,1.555e+13,1.718e+13,1.896e+13,2.094e+13,2.308e+13,2.553e+13,2.806e+13,3.12e+13,3.428e+13,3.792e+13,4.195e+13,4.624e+13,5.089e+13,5.64e+13,6.233e+13,6.845e+13,7.595e+13,8.326e+13,9.194e+13,1.018e+14,1.125e+14,1.241e+14,1.373e+14,1.494e+14
0.0005824,0.0006337,0.000557,0.00057,0.0004851,0.0004286,0.0003688,0.0003305,0.0002832,0.0002398,0.0002035,0.0001752,0.0001578,0.0001417,0.0001219,0.0001007,8.111e-05,6.414e-05,4.919e-05,3.797e-05,2.913e-05,2.219e-05,1.57e-05,1.186e-05,8.766e-06,5.979e-06,4.165e-06,2.777e-06,2.057e-06,1.55e-06,9.12e-07,8.816e-07,7.499e-07,7.296e-07,8.107e-07,7.296e-07,6.283e-07,5.979e-07,7.904e-07,5.877e-07,8.512e-07,6.891e-07,6.587e-07,6.08e-07,5.776e-07,6.08e-07,5.675e-07,5.168e-07,4.864e-07
0.000586,0.0006397,0.000556,0.0005656,0.0004847,0.0004311,0.0003749,0.0003325,0.0002817,0.0002438,0.0002078,0.0001799,0.0001614,0.0001421,0.0001244,0.000103,8.14e-05,6.585e-05,5.058e-05,3.958e-05,2.982e-05,2.363e-05,1.719e-05,1.273e-05,8.695e-06,6.293e-06,4.185e-06,2.908e-06,1.753e-06,1.175e-06,1.074e-06,8.107e-07,7.803e-07,8.411e-07,7.904e-07,6.789e-07,6.08e-07,7.093e-07,8.005e-07,7.904e-07,6.789e-07,8.614e-07,7.904e-07,7.397e-07,6.384e-07,5.573e-07,6.891e-07,5.877e-07,4.155e-07
0.0005909,0.0006431,0.0005623,0.0005642,0.0004879,0.0004342,0.0003764,0.0003358,0.0002831,0.0002409,0.0002082,0.0001797,0.0001614,0.0001442,0.0001246,0.0001043,8.226e-05,6.558e-05,5.033e-05,3.875e-05,2.967e-05,2.338e-05,1.744e-05,1.281e-05,8.897e-06,6.455e-06,4.388e-06,3.141e-06,2.108e-06,1.54e-06,1.023e-06,8.816e-07,5.877e-07,8.208e-07,6.181e-07,5.371e-07,5.472e-07,6.891e-07,7.397e-07,7.195e-07,7.904e-07,7.499e-07,9.424e-07,7.701e-07,6.181e-07,6.789e-07,5.573e-07,4.459e-07,4.965e-07
0.0005856,0.0006376,0.0005607,0.0005654,0.0004839,0.0004325,0.000373,0.0003332,0.0002796,0.0002444,0.0002069,0.0001767,0.0001607,0.0001408,0.0001248,0.0001017,8.011e-05,6.374e-05,5.038e-05,3.854e-05,2.906e-05,2.216e-05,1.568e-05,1.227e-05,9.029e-06,6.293e-06,4.317e-06,3.101e-06,1.743e-06,1.409e-06,9.83e-07,9.323e-07,8.411e-07,6.181e-07,7.904e-07,5.675e-07,9.12e-07,7.397e-07,6.992e-07,5.371e-07,6.891e-07,7.397e-07,5.472e-07,8.614e-07,5.573e-07,7.093e-07,6.688e-07,5.168e-07,7.093e-07
0.0005838,0.0006352,0.0005577,0.0005647,0.0004855,0.0004317,0.0003772,0.0003336,0.0002778,0.000243,0.000205,0.0001744,0.0001602,0.0001439,0.0001227,0.0001025,8.165e-05,6.465e-05,4.842e-05,3.805e-05,2.931e-05,2.303e-05,1.685e-05,1.255e-05,9.1e-06,6.313e-06,3.912e-06,2.675e-06,2.047e-06,1.52e-06,1.003e-06,7.904e-07,8.107e-07,8.411e-07,6.688e-07,6.485e-07,6.789e-07,6.688e-07,8.005e-07,6.384e-07,7.701e-07,8.208e-07,6.384e-07,8.411e-07,5.269e-07,6.283e-07,5.675e-07,5.269e-07,5.675e-07
0.0005787,0.0006278,0.0005543,0.0005658,0.0004846,0.0004316,0.0003706,0.0003321,0.0002783,0.0002392,0.0002068,0.0001773,0.0001586,0.0001385,0.0001226,9.978e-05,7.98e-05,6.305e-05,4.906e-05,3.827e-05,2.837e-05,2.229e-05,1.598e-05,1.164e-05,8.766e-06,6.293e-06,4.357e-06,3.081e-06,1.966e-06,1.297e-06,1.013e-06,7.904e-07,7.296e-07,8.107e-07,6.992e-07,8.918e-07,6.587e-07,7.499e-07,6.587e-07,6.384e-07,6.485e-07,6.587e-07,6.688e-07,5.776e-07,6.891e-07,4.661e-07,5.472e-07,4.965e-07,4.357e-07
0.0005888,0.0006401,0.0005563,0.0005707,0.0004862,0.0004296,0.0003771,0.0003358,0.0002787,0.0002436,0.0002085,0.0001789,0.00016,0.0001422,0.0001233,0.0001018,8.243e-05,6.634e-05,5.07e-05,3.893e-05,3.04e-05,2.23e-05,1.72e-05,1.212e-05,8.664e-06,6.597e-06,4.216e-06,3.131e-06,2.118e-06,1.216e-06,1.054e-06,1.074e-06,6.992e-07,7.499e-07,7.397e-07,6.992e-07,6.08e-07,5.675e-07,6.992e-07,7.499e-07,7.195e-07,6.688e-07,8.107e-07,5.675e-07,6.384e-07,6.789e-07,6.789e-07,6.587e-07,4.357e-07
0.0005808,0.0006342,0.0005586,0.0005635,0.0004821,0.0004313,0.0003702,0.0003317,0.0002786,0.0002418,0.0002044,0.000176,0.0001596,0.00014,0.0001223,0.0001002,7.999e-05,6.403e-05,4.893e-05,3.823e-05,2.956e-05,2.161e-05,1.647e-05,1.24e-05,8.725e-06,6.131e-06,4.398e-06,3.02e-06,1.956e-06,1.277e-06,1.064e-06,9.222e-07,8.816e-07,6.992e-07,7.296e-07,6.181e-07,5.269e-07,8.715e-07,8.816e-07,5.776e-07,6.485e-07,5.877e-07,8.31e-07,6.283e-07,6.283e-07,6.181e-07,6.181e-07,5.067e-07,3.445e-07
0.0005768,0.0006296,0.0005505,0.0005608,0.0004833,0.0004288,0.0003718,0.0003301,0.0002755,0.0002391,0.0002041,0.0001771,0.0001555,0.0001398,0.0001214,9.913e-05,7.966e-05,6.323e-05,4.832e-05,3.871e-05,2.865e-05,2.168e-05,1.63e-05,1.238e-05,8.867e-06,5.847e-06,4.104e-06,2.949e-06,1.844e-06,1.368e-06,1.196e-06,7.6e-07,8.512e-07,6.587e-07,6.992e-07,6.485e-07,6.587e-07,7.904e-07,6.891e-07,6.485e-07,6.485e-07,7.093e-07,5.877e-07,7.701e-07,5.776e-07,5.776e-07,4.357e-07,5.979e-07,5.675e-07
0.0005828,0.0006374,0.0005586,0.000565,0.000485,0.0004307,0.0003731,0.0003346,0.0002782,0.0002457,0.0002087,0.0001765,0.0001596,0.0001391,0.000124,0.0001011,8.066e-05,6.344e-05,5.064e-05,3.943e-05,2.921e-05,2.219e-05,1.625e-05,1.29e-05,8.877e-06,6.232e-06,4.043e-06,3.202e-06,1.915e-06,1.591e-06,1.115e-06,9.424e-07,8.005e-07,8.208e-07,7.397e-07,7.499e-07,6.384e-07,7.093e-07,7.093e-07,6.384e-07,6.384e-07,6.688e-07,6.587e-07,5.269e-07,6.891e-07,6.384e-07,6.283e-07,4.56e-07,5.776e-07
0.0005754,0.0006293,0.0005513,0.000568,0.0004821,0.00043,0.0003713,0.0003299,0.0002785,0.0002391,0.0002029,0.0001745,0.0001571,0.0001388,0.0001212,9.865e-05,7.844e-05,6.295e-05,4.887e-05,3.634e-05,2.884e-05,2.123e-05,1.654e-05,1.263e-05,8.836e-06,6.506e-06,4.155e-06,2.827e-06,1.936e-06,1.216e-06,1.115e-06,9.627e-07,6.587e-07,5.675e-07,6.485e-07,6.283e-07,5.573e-07,7.296e-07,7.397e-07,9.424e-07,5.877e-07,6.992e-07,6.283e-07,7.296e-07,6.688e-07,7.296e-07,5.472e-07,5.979e-07,4.256e-07
0.0005808,0.0006382,0.0005609,0.0005666,0.0004853,0.000428,0.000376,0.0003357,0.000278,0.0002433,0.0002071,0.0001777,0.0001602,0.0001423,0.0001223,0.0001021,7.907e-05,6.446e-05,5.042e-05,3.873e-05,2.912e-05,2.245e-05,1.656e-05,1.193e-05,8.887e-06,6.273e-06,4.246e-06,2.969e-06,1.996e-06,1.358e-06,1.023e-06,1.013e-06,6.181e-07,6.992e-07,7.093e-07,7.195e-07,6.08e-07,8.208e-07,7.093e-07,8.614e-07,6.688e-07,6.789e-07,6.384e-07,6.08e-07,6.181e-07,7.195e-07,5.675e-07,5.776e-07,4.256e-07
0.0005877,0.0006428,0.0005626,0.0005673,0.0004874,0.0004307,0.0003766,0.0003326,0.0002804,0.0002445,0.0002089,0.0001806,0.0001622,0.0001453,0.0001254,0.0001023,8.025e-05,6.541e-05,5.115e-05,3.975e-05,3.034e-05,2.27e-05,1.731e-05,1.256e-05,9.222e-06,5.948e-06,4.59e-06,2.858e-06,2.331e-06,1.55e-06,1.125e-06,1.034e-06,7.6e-07,7.296e-07,6.688e-07,7.195e-07,6.485e-07,6.283e-07,7.397e-07,8.31e-07,7.195e-07,6.992e-07,7.499e-07,6.485e-07,6.485e-07,7.296e-07,5.067e-07,5.573e-07,5.067e-07
0.0005669,0.0006285,0.0005535,0.0005611,0.0004817,0.0004329,0.0003703,0.0003301,0.0002779,0.0002367,0.0002023,0.0001698,0.0001553,0.0001371,0.0001182,9.59e-05,7.836e-05,6.173e-05,4.721e-05,3.665e-05,2.758e-05,2.116e-05,1.541e-05,1.144e-05,8.107e-06,5.715e-06,4.155e-06,2.787e-06,1.784e-06,1.317e-06,1.013e-06,8.715e-07,7.093e-07,6.992e-07,7.803e-07,6.283e-07,7.803e-07,5.269e-07,8.31e-07,6.891e-07,7.397e-07,6.992e-07,6.789e-07,7.093e-07,7.397e-07,5.675e-07,7.296e-07,5.472e-07,4.661e-07
0.0005855,0.0006363,0.0005555,0.0005663,0.000483,0.0004282,0.0003756,0.0003336,0.0002782,0.0002442,0.0002072,0.000177,0.0001577,0.0001425,0.0001238,0.0001024,7.979e-05,6.405e-05,5.048e-05,3.897e-05,2.941e-05,2.121e-05,1.649e-05,1.253e-05,8.421e-06,6.536e-06,4.226e-06,3.344e-06,1.844e-06,1.5e-06,1.115e-06,7.803e-07,7.803e-07,7.701e-07,6.992e-07,6.891e-07,6.992e-07,7.701e-07,6.384e-07,7.6e-07,7.093e-07,7.803e-07,7.093e-07,6.384e-07,5.675e-07,5.776e-07,4.56e-07,5.067e-07,5.573e-07
0.0005888,0.0006395,0.0005587,0.0005685,0.0004844,0.0004315,0.0003755,0.0003328,0.0002818,0.0002433,0.0002071,0.0001792,0.0001622,0.0001421,0.0001246,0.0001023,8.048e-05,6.402e-05,5.007e-05,3.9e-05,2.909e-05,2.325e-05,1.613e-05,1.29e-05,8.755e-06,5.857e-06,4.114e-06,2.898e-06,2.098e-06,1.449e-06,1.125e-06,8.107e-07,7.803e-07,6.08e-07,7.093e-07,6.283e-07,8.411e-07,6.992e-07,5.776e-07,4.965e-07,8.816e-07,7.093e-07,5.877e-07,6.384e-07,6.181e-07,5.776e-07,6.283e-07,6.688e-07,5.371e-07
0.0005785,0.0006363,0.0005563,0.0005635,0.0004846,0.0004296,0.0003685,0.0003313,0.0002776,0.000241,0.0002067,0.0001764,0.0001596,0.0001448,0.0001225,0.0001014,7.935e-05,6.462e-05,4.89e-05,3.967e-05,2.985e-05,2.136e-05,1.567e-05,1.178e-05,8.826e-06,5.999e-06,4.408e-06,3.152e-06,2.118e-06,1.226e-06,1.013e-06,6.789e-07,8.107e-07,7.6e-07,8.31e-07,6.789e-07,8.614e-07,6.789e-07,7.296e-07,8.31e-07,8.208e-07,7.904e-07,7.803e-07,5.877e-07,6.384e-07,6.181e-07,5.067e-07,7.195e-07,4.459e-07
0.0005783,0.0006334,0.0005563,0.0005626,0.0004848,0.000428,0.000371,0.000331,0.000274,0.0002418,0.0002042,0.0001759,0.0001588,0.0001397,0.0001212,0.0001014,7.861e-05,6.476e-05,4.999e-05,3.761e-05,2.96e-05,2.156e-05,1.576e-05,1.21e-05,8.644e-06,5.979e-06,4.134e-06,2.696e-06,1.784e-06,1.52e-06,9.83e-07,7.6e-07,7.904e-07,8.816e-07,6.181e-07,6.587e-07,6.789e-07,6.688e-07,6.587e-07,7.093e-07,5.979e-07,7.701e-07,6.08e-07,8.107e-07,6.485e-07,5.168e-07,5.573e-07,5.472e-07,4.56e-07
0.0005772,0.0006308,0.0005529,0.0005642,0.0004853,0.0004323,0.0003757,0.0003284,0.0002802,0.0002411,0.0002041,0.0001762,0.0001588,0.0001402,0.0001241,0.0001003,7.918e-05,6.319e-05,4.894e-05,3.731e-05,2.901e-05,2.217e-05,1.566e-05,1.197e-05,8.249e-06,6.283e-06,4.347e-06,2.797e-06,1.905e-06,1.327e-06,9.323e-07,7.904e-07,9.019e-07,7.296e-07,5.573e-07,6.688e-07,5.979e-07,6.181e-07,7.701e-07,7.803e-07,8.816e-07,6.789e-07,6.384e-07,6.587e-07,6.587e-07,5.979e-07,7.499e-07,7.499e-07,5.371e-07
0.0005843,0.0006354,0.0005583,0.0005648,0.0004844,0.000428,0.0003742,0.0003328,0.0002784,0.0002434,0.0002058,0.0001772,0.0001575,0.0001405,0.0001228,9.968e-05,8.182e-05,6.335e-05,4.94e-05,3.809e-05,2.993e-05,2.192e-05,1.579e-05,1.233e-05,8.502e-06,5.999e-06,4.499e-06,2.858e-06,1.936e-06,1.368e-06,1.115e-06,8.918e-07,6.587e-07,7.701e-07,8.816e-07,6.181e-07,5.371e-07,7.296e-07,7.701e-07,5.979e-07,6.789e-07,6.688e-07,6.688e-07,6.384e-07,6.992e-07,5.168e-07,6.891e-07,5.472e-07,4.661e-07
0.0005781,0.0006348,0.0005534,0.0005659,0.0004807,0.0004273,0.0003734,0.0003295,0.0002781,0.0002409,0.0002063,0.000176,0.0001584,0.0001389,0.0001205,9.7e-05,7.947e-05,6.345e-05,4.889e-05,3.729e-05,2.886e-05,2.145e-05,1.585e-05,1.228e-05,8.887e-06,6.05e-06,4.55e-06,2.696e-06,1.753e-06,1.459e-06,7.803e-07,8.31e-07,7.093e-07,6.789e-07,6.587e-07,7.397e-07,5.776e-07,5.675e-07,6.181e-07,7.499e-07,7.499e-07,7.093e-07,6.992e-07,6.891e-07,6.08e-07,6.08e-07,6.688e-07,6.283e-07,5.269e-07
0.0005837,0.0006386,0.0005561,0.0005649,0.0004817,0.0004315,0.0003762,0.0003327,0.0002793,0.0002421,0.0002068,0.0001784,0.000158,0.0001422,0.0001238,0.0001011,8.14e-05,6.347e-05,4.912e-05,3.881e-05,3.01e-05,2.237e-05,1.64e-05,1.251e-05,9.12e-06,6.435e-06,4.246e-06,3.06e-06,1.966e-06,1.307e-06,1.216e-06,8.107e-07,6.992e-07,8.512e-07,8.411e-07,7.701e-07,7.499e-07,5.979e-07,7.803e-07,8.107e-07,6.384e-07,6.384e-07,7.195e-07,5.269e-07,6.283e-07,8.31e-07,5.067e-07,4.256e-07,5.067e-07
0.0005891,0.0006349,0.0005549,0.0005671,0.0004854,0.0004296,0.0003776,0.0003321,0.000281,0.000242,0.0002072,0.0001783,0.0001603,0.0001441,0.000124,0.000101,8.091e-05,6.432e-05,5.063e-05,3.93e-05,2.934e-05,2.211e-05,1.697e-05,1.209e-05,9.586e-06,6.04e-06,4.327e-06,2.848e-06,1.794e-06,1.378e-06,9.424e-07,8.208e-07,6.181e-07,7.093e-07,5.979e-07,7.701e-07,8.208e-07,8.31e-07,6.992e-07,6.992e-07,6.283e-07,8.614e-07,6.485e-07,7.6e-07,5.877e-07,5.573e-07,5.979e-07,6.283e-07,5.776e-07
0.000584,0.0006378,0.0005586,0.0005667,0.0004833,0.0004305,0.0003758,0.0003323,0.0002814,0.0002437,0.000206,0.000178,0.0001615,0.000142,0.0001234,0.0001004,8.039e-05,6.529e-05,5.075e-05,3.885e-05,3.005e-05,2.233e-05,1.751e-05,1.203e-05,8.766e-06,6.445e-06,4.631e-06,3.111e-06,2.128e-06,1.469e-06,9.222e-07,8.31e-07,9.323e-07,7.499e-07,6.891e-07,7.397e-07,6.08e-07,7.093e-07,6.587e-07,7.296e-07,6.992e-07,6.08e-07,6.08e-07,8.31e-07,7.904e-07,6.688e-07,6.587e-07,4.965e-07,5.472e-07
0.0005793,0.0006329,0.0005555,0.0005693,0.0004869,0.0004294,0.0003747,0.0003287,0.0002802,0.0002377,0.0002047,0.0001775,0.0001593,0.0001422,0.0001228,0.0001016,8.045e-05,6.487e-05,4.867e-05,3.795e-05,2.865e-05,2.236e-05,1.683e-05,1.278e-05,8.31e-06,5.877e-06,3.901e-06,2.858e-06,1.925e-06,1.368e-06,1.145e-06,8.512e-07,6.485e-07,6.688e-07,6.283e-07,7.701e-07,7.093e-07,5.877e-07,6.992e-07,6.485e-07,6.08e-07,7.701e-07,7.701e-07,6.891e-07,6.08e-07,5.877e-07,6.283e-07,6.08e-07,3.749e-07
0.0005741,0.0006332,0.0005537,0.0005599,0.000479,0.0004275,0.0003715,0.0003306,0.0002776,0.0002393,0.000206,0.0001778,0.0001546,0.0001393,0.0001221,0.0001012,7.857e-05,6.37e-05,4.865e-05,3.831e-05,2.921e-05,2.152e-05,1.708e-05,1.217e-05,9.08e-06,6.313e-06,4.59e-06,3.273e-06,1.895e-06,1.287e-06,9.728e-07,8.715e-07,8.208e-07,6.181e-07,6.485e-07,7.6e-07,6.485e-07,7.093e-07,5.979e-07,6.384e-07,7.296e-07,7.6e-07,5.877e-07,6.181e-07,7.397e-07,5.472e-07,5.371e-07,5.067e-07,4.661e-07
0.0005717,0.0006269,0.0005517,0.0005652,0.0004834,0.0004305,0.0003728,0.0003314,0.0002761,0.0002405,0.0002031,0.0001736,0.0001553,0.000139,0.0001218,9.8e-05,7.776e-05,6.29e-05,4.828e-05,3.759e-05,2.868e-05,2.167e-05,1.693e-05,1.175e-05,8.695e-06,5.979e-06,3.942e-06,2.746e-06,1.956e-06,1.277e-06,9.83e-07,7.6e-07,6.992e-07,7.397e-07,5.877e-07,7.397e-07,6.384e-07,8.208e-07,6.08e-07,6.789e-07,7.397e-07,6.789e-07,5.675e-07,6.688e-07,5.877e-07,6.485e-07,4.864e-07,5.371e-07,4.256e-07
0.0005869,0.0006322,0.0005574,0.0005614,0.000486,0.0004261,0.0003749,0.0003299,0.00028,0.0002413,0.0002091,0.0001778,0.0001581,0.0001416,0.0001228,0.000101,8.038e-05,6.425e-05,5.068e-05,3.822e-05,2.87e-05,2.299e-05,1.684e-05,1.329e-05,8.421e-06,6.556e-06,4.408e-06,2.665e-06,2.057e-06,1.378e-06,9.728e-07,8.31e-07,7.6e-07,6.789e-07,8.31e-07,6.587e-07,6.789e-07,6.992e-07,8.614e-07,8.107e-07,6.283e-07,7.195e-07,7.195e-07,6.688e-07,6.485e-07,7.701e-07,5.472e-07,6.08e-07,4.459e-07
0.0005819,0.0006335,0.000558,0.0005623,0.0004868,0.0004333,0.0003731,0.0003316,0.000277,0.0002394,0.0002035,0.0001766,0.0001583,0.0001395,0.0001226,0.0001006,7.946e-05,6.238e-05,4.901e-05,3.826e-05,3.01e-05,2.187e-05,1.687e-05,1.274e-05,8.705e-06,6.729e-06,4.347e-06,2.969e-06,2.017e-06,1.439e-06,1.044e-06,8.411e-07,6.181e-07,7.296e-07,6.688e-07,5.168e-07,7.195e-07,8.208e-07,8.005e-07,6.789e-07,6.789e-07,7.397e-07,7.093e-07,6.08e-07,5.877e-07,5.675e-07,6.789e-07,5.877e-07,6.08e-07
0.0005833,0.0006378,0.0005606,0.0005665,0.0004826,0.0004314,0.0003759,0.0003363,0.0002796,0.0002428,0.0002054,0.0001787,0.0001606,0.0001418,0.0001231,0.0001026,8.018e-05,6.442e-05,4.948e-05,3.928e-05,2.908e-05,2.295e-05,1.621e-05,1.359e-05,8.928e-06,6.556e-06,4.56e-06,3.101e-06,1.763e-06,1.409e-06,8.208e-07,8.005e-07,8.918e-07,7.296e-07,6.485e-07,7.296e-07,6.992e-07,9.019e-07,7.296e-07,7.397e-07,6.789e-07,8.005e-07,6.283e-07,6.688e-07,7.093e-07,4.965e-07,5.371e-07,5.675e-07,4.864e-07
0.0005804,0.0006348,0.0005593,0.000562,0.0004827,0.0004305,0.0003752,0.0003303,0.000278,0.00024,0.0002049,0.0001747,0.0001577,0.0001407,0.0001241,0.0001002,7.999e-05,6.414e-05,4.973e-05,3.742e-05,2.904e-05,2.187e-05,1.613e-05,1.306e-05,8.33e-06,6.475e-06,4.357e-06,2.584e-06,1.885e-06,1.378e-06,9.019e-07,8.005e-07,7.296e-07,7.499e-07,8.411e-07,6.992e-07,7.093e-07,6.891e-07,6.08e-07,7.397e-07,6.485e-07,8.208e-07,6.283e-07,7.397e-07,5.776e-07,7.093e-07,6.485e-07,4.56e-07,5.877e-07
0.0005815,0.0006399,0.0005538,0.0005651,0.0004879,0.0004324,0.0003788,0.0003299,0.0002777,0.0002397,0.000204,0.0001771,0.0001587,0.0001413,0.0001207,0.0001006,8.101e-05,6.365e-05,4.839e-05,3.767e-05,2.939e-05,2.274e-05,1.681e-05,1.209e-05,8.401e-06,6.769e-06,4.205e-06,2.969e-06,1.946e-06,1.277e-06,1.125e-06,7.296e-07,7.195e-07,6.485e-07,7.499e-07,7.499e-07,7.093e-07,7.397e-07,7.904e-07,6.08e-07,5.979e-07,7.701e-07,5.979e-07,5.573e-07,6.283e-07,7.397e-07,5.573e-07,4.763e-07,4.459e-07
0.0005936,0.0006418,0.0005608,0.0005669,0.0004836,0.0004301,0.0003749,0.0003345,0.0002848,0.0002427,0.0002083,0.0001797,0.0001627,0.0001447,0.0001251,0.000104,8.261e-05,6.677e-05,5.082e-05,3.88e-05,2.937e-05,2.278e-05,1.732e-05,1.306e-05,9.262e-06,6.84e-06,4.205e-06,3.07e-06,2.27e-06,1.479e-06,9.627e-07,1.013e-06,9.019e-07,7.701e-07,5.979e-07,8.31e-07,6.992e-07,7.296e-07,5.675e-07,7.195e-07,8.614e-07,7.904e-07,8.208e-07,6.283e-07,6.485e-07,7.195e-07,6.485e-07,3.648e-07,4.661e-07
0.0005837,0.0006374,0.0005593,0.0005706,0.0004858,0.0004338,0.0003752,0.0003332,0.0002811,0.0002431,0.0002076,0.0001783,0.000159,0.0001418,0.0001241,0.0001008,8.15e-05,6.392e-05,5.051e-05,3.893e-05,2.914e-05,2.259e-05,1.696e-05,1.239e-05,9.485e-06,6.607e-06,4.185e-06,2.807e-06,1.895e-06,1.297e-06,1.094e-06,8.816e-07,7.701e-07,5.979e-07,6.992e-07,8.512e-07,7.093e-07,7.093e-07,6.181e-07,7.093e-07,7.397e-07,6.587e-07,6.992e-07,5.371e-07,6.485e-07,5.877e-07,6.688e-07,5.067e-07,4.357e-07
0.0005891,0.000646,0.0005598,0.0005667,0.0004857,0.0004334,0.0003754,0.0003315,0.0002809,0.0002425,0.0002083,0.0001785,0.0001605,0.0001439,0.0001242,0.0001035,8.107e-05,6.507e-05,5.047e-05,3.955e-05,2.941e-05,2.27e-05,1.722e-05,1.262e-05,8.816e-06,6.567e-06,4.56e-06,2.858e-06,2.199e-06,1.378e-06,9.728e-07,8.005e-07,8.918e-07,7.397e-07,6.384e-07,8.005e-07,6.891e-07,8.614e-07,6.587e-07,8.411e-07,7.701e-07,8.107e-07,6.891e-07,8.411e-07,6.08e-07,5.573e-07,6.283e-07,6.587e-07,4.661e-07
0.0005878,0.000637,0.0005568,0.0005658,0.000481,0.0004346,0.0003778,0.0003312,0.0002783,0.0002423,0.0002046,0.0001795,0.0001595,0.0001428,0.0001243,0.0001038,8.14e-05,6.361e-05,5.098e-05,3.924e-05,3.016e-05,2.259e-05,1.687e-05,1.195e-05,8.988e-06,6.719e-06,4.479e-06,3.212e-06,1.946e-06,1.378e-06,1.084e-06,8.208e-07,7.904e-07,6.587e-07,6.384e-07,7.701e-07,8.816e-07,7.701e-07,6.688e-07,6.891e-07,6.587e-07,6.08e-07,6.08e-07,6.384e-07,7.093e-07,5.979e-07,6.587e-07,5.472e-07,3.952e-07
0.0005814,0.0006335,0.0005522,0.0005612,0.0004902,0.0004323,0.000373,0.0003356,0.0002802,0.0002387,0.0002052,0.0001777,0.0001605,0.0001416,0.0001216,9.977e-05,8.105e-05,6.449e-05,4.826e-05,3.82e-05,2.931e-05,2.173e-05,1.687e-05,1.232e-05,8.938e-06,6.009e-06,4.357e-06,2.959e-06,2.148e-06,1.591e-06,1.023e-06,8.31e-07,7.6e-07,6.181e-07,8.208e-07,6.587e-07,6.587e-07,5.877e-07,8.31e-07,6.587e-07,8.715e-07,7.195e-07,6.08e-07,8.107e-07,5.877e-07,5.675e-07,6.992e-07,4.965e-07,4.763e-07
0.0005853,0.000641,0.0005584,0.0005696,0.0004917,0.000435,0.0003748,0.0003328,0.0002802,0.0002455,0.0002056,0.0001814,0.0001621,0.0001441,0.0001241,0.000103,8.042e-05,6.638e-05,5e-05,4.007e-05,3.137e-05,2.268e-05,1.638e-05,1.276e-05,9.191e-06,6.354e-06,4.489e-06,3.101e-06,2.047e-06,1.439e-06,9.931e-07,8.005e-07,6.789e-07,6.587e-07,7.397e-07,7.701e-07,7.803e-07,7.296e-07,5.371e-07,6.688e-07,8.005e-07,5.979e-07,5.371e-07,7.499e-07,7.093e-07,5.979e-07,6.688e-07,4.256e-07,5.877e-07
0.0005862,0.0006435,0.0005577,0.0005654,0.0004837,0.0004298,0.0003734,0.0003332,0.0002832,0.000243,0.0002064,0.0001768,0.0001618,0.0001414,0.0001255,0.000102,8.288e-05,6.385e-05,5.049e-05,3.893e-05,3.048e-05,2.202e-05,1.664e-05,1.248e-05,9.363e-06,6.496e-06,4.773e-06,2.635e-06,1.956e-06,1.358e-06,1.094e-06,8.411e-07,9.019e-07,7.499e-07,8.715e-07,8.31e-07,7.6e-07,8.31e-07,6.283e-07,8.208e-07,6.789e-07,8.411e-07,6.789e-07,6.283e-07,5.573e-07,4.864e-07,5.776e-07,4.763e-07,3.952e-07
0.0005719,0.0006328,0.0005548,0.0005616,0.0004842,0.0004305,0.0003745,0.0003308,0.0002778,0.0002366,0.000204,0.0001768,0.0001564,0.0001383,0.0001194,9.822e-05,7.964e-05,6.337e-05,4.856e-05,3.808e-05,2.853e-05,2.271e-05,1.629e-05,1.159e-05,8.583e-06,5.908e-06,4.104e-06,2.837e-06,2.057e-06,1.246e-06,8.512e-07,8.005e-07,8.208e-07,7.296e-07,7.499e-07,6.789e-07,6.587e-07,6.688e-07,7.093e-07,7.397e-07,7.093e-07,6.485e-07,5.573e-07,7.195e-07,6.485e-07,6.789e-07,7.093e-07,5.877e-07,4.661e-07
0.0005851,0.0006367,0.000558,0.000567,0.0004857,0.0004329,0.0003737,0.0003307,0.0002789,0.0002458,0.000206,0.000179,0.0001619,0.0001412,0.0001222,0.0001015,8.004e-05,6.364e-05,4.934e-05,3.786e-05,2.943e-05,2.132e-05,1.671e-05,1.323e-05,8.897e-06,6.07e-06,4.084e-06,2.827e-06,1.976e-06,1.652e-06,1.165e-06,8.614e-07,6.891e-07,7.195e-07,7.093e-07,7.701e-07,6.688e-07,6.08e-07,7.803e-07,7.195e-07,7.296e-07,8.005e-07,7.195e-07,7.6e-07,6.283e-07,7.296e-07,6.08e-07,5.472e-07,4.864e-07
0.0005828,0.000636,0.0005572,0.0005633,0.0004836,0.000428,0.0003741,0.0003342,0.0002813,0.0002389,0.0002058,0.0001754,0.0001574,0.0001413,0.0001213,0.0001011,7.937e-05,6.315e-05,4.944e-05,3.735e-05,3.009e-05,2.225e-05,1.67e-05,1.285e-05,8.228e-06,6.293e-06,4.165e-06,3.243e-06,1.905e-06,1.581e-06,1.105e-06,8.918e-07,7.499e-07,6.181e-07,8.411e-07,6.789e-07,7.6e-07,7.499e-07,7.195e-07,7.499e-07,7.499e-07,5.776e-07,6.485e-07,6.789e-07,7.904e-07,6.181e-07,5.877e-07,5.371e-07,5.371e-07
0.0005901,0.0006393,0.0005592,0.0005653,0.0004871,0.0004305,0.0003773,0.0003308,0.0002814,0.000242,0.0002057,0.0001775,0.0001587,0.0001451,0.0001232,0.000102,8.252e-05,6.462e-05,5.08e-05,3.924e-05,3.107e-05,2.247e-05,1.647e-05,1.202e-05,8.684e-06,6.293e-06,4.033e-06,3.02e-06,2.017e-06,1.52e-06,9.526e-07,8.107e-07,8.512e-07,7.397e-07,5.371e-07,9.019e-07,6.992e-07,6.688e-07,5.979e-07,6.992e-07,7.701e-07,6.485e-07,7.701e-07,8.107e-07,5.675e-07,6.789e-07,6.688e-07,5.776e-07,5.371e-07
0,0,0,0,0,0,0,0,0,0,0,0,0,0,0,0,0,0,0,0,0,0,0,0,0,0,0,0,0,0,0,0,0,0,0,0,0,0,0,0,0,0,0,0,0,0,0,0,0
0,0,0,0,0,0,0,0,0,0,0,0,0,0,0,0,0,0,0,0,0,0,0,0,0,0,0,0,0,0,0,0,0,0,0,0,0,0,0,0,0,0,0,0,0,0,0,0,0
