  z   OmegaM  h
0.06136 0.3071 0.678
Mass_Bins    dn/dlnM ... 
Here follow 4 mass functions, one for each quartile of the parameter Xoff
1st quartile
bin0,bin1,bin2,bin3,bin4,bin5,bin6,bin7,bin8,bin9,bin10,bin11,bin12,bin13,bin14,bin15,bin16,bin17,bin18,bin19,bin20,bin21,bin22,bin23,bin24,bin25,bin26,bin27,bin28,bin29,bin30,bin31,bin32,bin33,bin34,bin35,bin36,bin37,bin38,bin39,bin40,bin41,bin42,bin43,bin44,bin45,bin46,bin47,bin48
1.326e+12,1.465e+12,1.613e+12,1.779e+12,1.964e+12,2.166e+12,2.39e+12,2.64e+12,2.916e+12,3.22e+12,3.556e+12,3.923e+12,4.326e+12,4.773e+12,5.266e+12,5.814e+12,6.417e+12,7.079e+12,7.813e+12,8.625e+12,9.519e+12,1.051e+13,1.16e+13,1.28e+13,1.412e+13,1.559e+13,1.721e+13,1.899e+13,2.096e+13,2.313e+13,2.554e+13,2.819e+13,3.111e+13,3.433e+13,3.789e+13,4.18e+13,4.612e+13,5.09e+13,5.626e+13,6.206e+13,6.847e+13,7.555e+13,8.347e+13,9.199e+13,1.016e+14,1.122e+14,1.237e+14,1.368e+14,1.506e+14
9.455e-05,0.0001122,0.0001145,0.0001348,0.000141,0.0001542,0.000163,0.0001783,0.0001837,0.0001938,0.0002096,0.0002287,0.0002369,0.0002428,0.0002428,0.0002373,0.0002332,0.0002313,0.0002248,0.0002202,0.0002175,0.000209,0.0002047,0.0001991,0.000194,0.0001841,0.0001796,0.0001679,0.0001641,0.000154,0.0001455,0.0001349,0.0001253,0.0001159,0.0001062,9.548e-05,8.479e-05,7.703e-05,6.745e-05,5.855e-05,5.248e-05,4.745e-05,4.214e-05,3.579e-05,3.144e-05,2.649e-05,2.41e-05,2.005e-05,1.771e-05
0.0001006,0.0001197,0.0001199,0.0001416,0.0001483,0.0001588,0.0001687,0.0001851,0.0001886,0.0001992,0.0002145,0.0002305,0.0002446,0.0002413,0.0002444,0.0002406,0.0002328,0.0002319,0.0002263,0.0002208,0.0002159,0.0002082,0.0002014,0.0002002,0.0001908,0.0001852,0.0001745,0.0001676,0.0001614,0.0001523,0.0001436,0.0001347,0.0001253,0.0001175,0.0001066,9.394e-05,8.489e-05,7.624e-05,6.948e-05,5.864e-05,5.165e-05,4.733e-05,4.074e-05,3.493e-05,3.069e-05,2.721e-05,2.358e-05,1.99e-05,1.68e-05
0.0001001,0.0001215,0.0001205,0.0001441,0.000149,0.000157,0.0001707,0.0001849,0.0001903,0.0002015,0.0002135,0.0002317,0.0002434,0.0002454,0.0002442,0.00024,0.0002333,0.0002333,0.0002252,0.0002217,0.0002185,0.0002105,0.0002046,0.0001989,0.0001935,0.0001848,0.0001754,0.0001707,0.0001618,0.0001542,0.0001474,0.0001356,0.0001244,0.0001155,0.0001058,9.511e-05,8.51e-05,7.744e-05,6.78e-05,6.043e-05,5.301e-05,4.631e-05,4.089e-05,3.578e-05,3.141e-05,2.685e-05,2.373e-05,2.045e-05,1.698e-05
9.856e-05,0.0001162,0.0001172,0.0001432,0.0001441,0.0001544,0.0001677,0.000182,0.000188,0.0001953,0.0002128,0.00023,0.0002421,0.0002425,0.0002431,0.0002372,0.0002306,0.0002315,0.0002252,0.000222,0.0002202,0.000207,0.0002041,0.0001967,0.0001924,0.0001864,0.0001781,0.0001713,0.000163,0.0001555,0.0001451,0.0001379,0.0001252,0.000117,0.0001032,9.728e-05,8.546e-05,7.623e-05,6.686e-05,6.086e-05,5.178e-05,4.786e-05,4.112e-05,3.614e-05,3.07e-05,2.705e-05,2.33e-05,2.013e-05,1.701e-05
9.652e-05,0.0001177,0.0001152,0.0001377,0.0001431,0.0001562,0.0001659,0.0001794,0.0001874,0.0001963,0.0002136,0.0002289,0.000239,0.0002417,0.0002447,0.0002374,0.0002359,0.0002334,0.0002229,0.0002206,0.0002175,0.0002103,0.000204,0.0001983,0.0001934,0.0001868,0.0001772,0.0001707,0.0001613,0.0001519,0.0001496,0.0001356,0.0001274,0.0001176,0.0001059,9.583e-05,8.61e-05,7.764e-05,6.698e-05,6.106e-05,5.279e-05,4.71e-05,4.062e-05,3.475e-05,3.132e-05,2.64e-05,2.295e-05,2.026e-05,1.598e-05
9.033e-05,0.0001106,0.0001119,0.0001322,0.000137,0.0001496,0.0001602,0.0001762,0.0001797,0.000194,0.000209,0.0002245,0.0002354,0.0002379,0.0002431,0.0002391,0.0002347,0.0002323,0.0002261,0.0002206,0.0002168,0.0002102,0.0002044,0.0001989,0.0001888,0.0001873,0.0001772,0.0001703,0.0001627,0.000156,0.0001462,0.0001379,0.0001253,0.0001153,0.0001064,9.593e-05,8.526e-05,7.56e-05,6.8e-05,5.955e-05,5.277e-05,4.676e-05,4.195e-05,3.551e-05,3.118e-05,2.758e-05,2.408e-05,1.976e-05,1.625e-05
9.986e-05,0.0001195,0.0001181,0.0001396,0.0001456,0.0001584,0.0001685,0.0001832,0.0001866,0.0001971,0.0002144,0.000233,0.0002422,0.0002442,0.0002443,0.000238,0.0002357,0.0002328,0.0002244,0.0002196,0.000218,0.0002084,0.0002039,0.0001972,0.0001936,0.0001849,0.0001781,0.0001724,0.0001636,0.0001524,0.0001443,0.0001343,0.0001276,0.0001162,0.0001041,9.482e-05,8.69e-05,7.628e-05,6.737e-05,5.93e-05,5.254e-05,4.784e-05,4.103e-05,3.554e-05,3.09e-05,2.709e-05,2.378e-05,1.973e-05,1.715e-05
9.562e-05,0.0001143,0.000113,0.0001372,0.0001397,0.0001531,0.000164,0.0001792,0.0001811,0.0001958,0.0002081,0.0002312,0.0002379,0.0002422,0.0002449,0.0002375,0.000232,0.0002319,0.0002248,0.000221,0.0002164,0.0002093,0.0002021,0.0002,0.0001908,0.0001867,0.0001758,0.000171,0.0001618,0.0001551,0.0001449,0.000137,0.0001265,0.0001173,0.0001051,9.603e-05,8.523e-05,7.592e-05,6.57e-05,6.078e-05,5.318e-05,4.697e-05,4.088e-05,3.597e-05,3.137e-05,2.775e-05,2.273e-05,1.963e-05,1.65e-05
8.928e-05,0.0001092,0.000112,0.0001319,0.0001389,0.0001494,0.0001586,0.0001744,0.0001777,0.0001913,0.000208,0.0002234,0.0002373,0.0002377,0.0002367,0.0002353,0.0002338,0.0002328,0.0002235,0.0002234,0.0002162,0.0002091,0.0002065,0.0002003,0.0001905,0.0001866,0.0001791,0.0001694,0.0001614,0.0001552,0.0001457,0.0001355,0.0001248,0.0001174,0.0001073,9.499e-05,8.437e-05,7.575e-05,6.844e-05,6.067e-05,5.361e-05,4.634e-05,4.142e-05,3.639e-05,3.04e-05,2.751e-05,2.363e-05,2.08e-05,1.713e-05
9.703e-05,0.0001158,0.0001146,0.0001397,0.0001462,0.0001579,0.0001628,0.0001773,0.0001872,0.0001975,0.0002138,0.0002285,0.0002412,0.0002409,0.0002428,0.000239,0.0002334,0.0002324,0.0002253,0.0002187,0.0002167,0.0002093,0.0002039,0.0001984,0.0001938,0.0001842,0.0001794,0.0001707,0.0001597,0.0001585,0.0001467,0.0001369,0.0001278,0.0001166,0.000105,9.511e-05,8.536e-05,7.662e-05,6.639e-05,5.925e-05,5.33e-05,4.673e-05,4.115e-05,3.586e-05,3.165e-05,2.672e-05,2.399e-05,2.039e-05,1.691e-05
8.845e-05,0.0001076,0.0001103,0.0001315,0.0001366,0.0001482,0.0001609,0.0001738,0.0001793,0.0001909,0.0002084,0.0002233,0.0002381,0.0002387,0.0002416,0.0002373,0.0002315,0.0002289,0.0002243,0.000222,0.0002174,0.0002069,0.0002046,0.0001971,0.0001933,0.0001868,0.0001754,0.0001716,0.0001644,0.0001546,0.0001458,0.0001363,0.0001246,0.0001169,0.0001074,9.58e-05,8.359e-05,7.621e-05,6.817e-05,5.899e-05,5.286e-05,4.841e-05,4.002e-05,3.549e-05,3.216e-05,2.696e-05,2.416e-05,1.95e-05,1.728e-05
9.735e-05,0.0001174,0.0001168,0.0001374,0.0001438,0.0001557,0.0001642,0.0001815,0.0001864,0.0001962,0.0002137,0.0002296,0.0002407,0.0002438,0.0002429,0.0002399,0.0002325,0.000234,0.0002222,0.000219,0.0002197,0.0002101,0.0002039,0.0002,0.0001897,0.0001853,0.0001777,0.0001718,0.0001625,0.0001572,0.0001475,0.000137,0.0001267,0.0001157,0.0001039,9.668e-05,8.48e-05,7.777e-05,6.753e-05,5.999e-05,5.316e-05,4.724e-05,4.082e-05,3.463e-05,3.091e-05,2.648e-05,2.318e-05,2.045e-05,1.698e-05
0.0001007,0.0001179,0.0001223,0.000144,0.0001464,0.0001602,0.0001685,0.0001828,0.0001877,0.0001979,0.0002144,0.0002317,0.0002418,0.0002437,0.0002458,0.0002384,0.0002318,0.000233,0.0002247,0.0002216,0.0002176,0.0002108,0.0002032,0.0001991,0.0001927,0.0001853,0.0001762,0.0001733,0.0001625,0.0001555,0.0001458,0.0001376,0.0001263,0.0001152,0.0001065,9.556e-05,8.663e-05,7.815e-05,6.851e-05,5.959e-05,5.186e-05,4.831e-05,4.01e-05,3.518e-05,3.06e-05,2.724e-05,2.352e-05,1.972e-05,1.712e-05
8.727e-05,0.0001076,0.0001072,0.0001282,0.0001334,0.0001461,0.000157,0.0001714,0.0001759,0.0001863,0.0002043,0.0002225,0.0002341,0.0002386,0.0002409,0.000238,0.0002288,0.0002293,0.0002249,0.0002188,0.0002167,0.0002086,0.0002027,0.0002,0.000192,0.0001879,0.0001755,0.0001695,0.000162,0.0001562,0.0001455,0.0001352,0.0001252,0.0001163,0.0001055,9.774e-05,8.502e-05,7.586e-05,6.884e-05,5.979e-05,5.307e-05,4.74e-05,4.165e-05,3.648e-05,3.18e-05,2.73e-05,2.257e-05,2.022e-05,1.715e-05
9.714e-05,0.0001156,0.0001171,0.0001398,0.0001449,0.0001558,0.0001672,0.000181,0.0001837,0.0001972,0.0002097,0.0002318,0.0002408,0.0002418,0.000241,0.0002388,0.0002329,0.0002344,0.0002238,0.0002197,0.0002186,0.0002066,0.0002022,0.0001993,0.0001925,0.0001871,0.0001772,0.0001698,0.0001635,0.0001524,0.0001447,0.0001359,0.0001268,0.0001174,0.0001064,9.596e-05,8.493e-05,7.661e-05,6.801e-05,5.922e-05,5.251e-05,4.74e-05,4.067e-05,3.492e-05,3.076e-05,2.784e-05,2.375e-05,1.994e-05,1.621e-05
9.797e-05,0.000118,0.0001193,0.0001394,0.0001463,0.0001588,0.0001682,0.0001828,0.0001849,0.0001955,0.0002138,0.0002291,0.0002434,0.0002426,0.0002434,0.0002389,0.0002348,0.0002329,0.0002255,0.0002195,0.000217,0.0002111,0.0002034,0.0001988,0.0001943,0.0001864,0.000179,0.00017,0.0001635,0.0001524,0.000146,0.0001375,0.000125,0.0001158,0.0001055,9.532e-05,8.568e-05,7.71e-05,6.861e-05,6.011e-05,5.217e-05,4.633e-05,4.069e-05,3.638e-05,3.212e-05,2.666e-05,2.365e-05,2.036e-05,1.613e-05
9.442e-05,0.0001142,0.000113,0.0001375,0.0001402,0.0001539,0.0001641,0.0001751,0.0001866,0.0001982,0.0002096,0.000227,0.0002376,0.0002398,0.0002407,0.0002371,0.0002357,0.0002306,0.0002233,0.0002219,0.000216,0.0002111,0.0002022,0.0001984,0.0001909,0.0001855,0.0001787,0.0001707,0.0001634,0.000156,0.0001454,0.0001352,0.0001276,0.0001151,0.0001053,9.413e-05,8.515e-05,7.635e-05,6.947e-05,6.019e-05,5.474e-05,4.613e-05,4.006e-05,3.533e-05,3.128e-05,2.706e-05,2.323e-05,1.976e-05,1.765e-05
9.064e-05,0.0001112,0.0001108,0.0001332,0.0001405,0.0001513,0.0001603,0.0001785,0.0001796,0.000192,0.0002083,0.0002252,0.0002378,0.000239,0.0002408,0.0002386,0.0002303,0.0002309,0.0002234,0.0002224,0.0002191,0.0002093,0.0002027,0.0001995,0.0001916,0.0001856,0.0001755,0.0001717,0.0001629,0.0001554,0.0001465,0.0001362,0.0001246,0.0001145,0.000105,9.63e-05,8.618e-05,7.831e-05,6.824e-05,6.218e-05,5.443e-05,4.631e-05,4.119e-05,3.708e-05,3.234e-05,2.703e-05,2.315e-05,1.955e-05,1.63e-05
9.346e-05,0.0001127,0.000113,0.0001354,0.000139,0.0001534,0.0001618,0.0001775,0.0001813,0.0001929,0.0002076,0.0002274,0.0002389,0.0002405,0.0002392,0.0002365,0.0002313,0.0002318,0.000226,0.0002202,0.0002173,0.0002086,0.0002038,0.0002003,0.000191,0.0001864,0.0001777,0.0001728,0.0001628,0.0001545,0.0001458,0.0001368,0.0001258,0.0001169,0.0001057,9.57e-05,8.529e-05,7.687e-05,6.9e-05,6.012e-05,5.313e-05,4.702e-05,4.005e-05,3.565e-05,3.161e-05,2.712e-05,2.404e-05,1.919e-05,1.704e-05
9.528e-05,0.0001143,0.0001143,0.0001371,0.0001411,0.0001528,0.0001636,0.0001786,0.0001828,0.0001922,0.0002114,0.0002271,0.0002361,0.000239,0.0002451,0.0002374,0.0002352,0.0002332,0.0002255,0.0002225,0.0002205,0.0002081,0.000202,0.0001966,0.0001939,0.0001865,0.0001775,0.0001697,0.0001606,0.0001534,0.0001449,0.0001362,0.0001258,0.0001168,0.0001078,9.802e-05,8.592e-05,7.658e-05,6.76e-05,6.051e-05,5.326e-05,4.69e-05,4.152e-05,3.584e-05,3.117e-05,2.727e-05,2.388e-05,2.014e-05,1.672e-05
8.995e-05,0.0001092,0.0001101,0.000134,0.0001396,0.0001479,0.0001583,0.0001749,0.0001802,0.000191,0.000206,0.0002247,0.0002381,0.000239,0.000242,0.0002403,0.0002301,0.0002313,0.0002279,0.0002225,0.000218,0.0002083,0.0002019,0.0002006,0.0001907,0.0001855,0.0001767,0.0001689,0.00016,0.0001562,0.0001486,0.0001357,0.0001276,0.0001184,0.0001069,9.596e-05,8.366e-05,7.721e-05,6.77e-05,5.899e-05,5.39e-05,4.573e-05,4.077e-05,3.568e-05,3.151e-05,2.764e-05,2.327e-05,2.089e-05,1.761e-05
9.558e-05,0.0001156,0.0001156,0.0001391,0.0001455,0.0001554,0.0001649,0.0001792,0.0001865,0.0001972,0.0002103,0.0002308,0.0002404,0.0002412,0.0002436,0.0002386,0.0002327,0.0002322,0.000224,0.0002225,0.0002197,0.0002096,0.0002028,0.0001971,0.0001933,0.0001835,0.0001793,0.0001686,0.0001635,0.0001544,0.0001473,0.0001346,0.0001274,0.0001147,0.0001054,9.488e-05,8.516e-05,7.536e-05,6.684e-05,5.986e-05,5.271e-05,4.664e-05,4.096e-05,3.578e-05,3.154e-05,2.725e-05,2.358e-05,2.031e-05,1.709e-05
9.812e-05,0.0001177,0.000116,0.0001417,0.0001459,0.0001584,0.0001683,0.0001793,0.000187,0.0001988,0.0002158,0.0002311,0.0002384,0.0002409,0.0002434,0.0002371,0.0002331,0.0002315,0.0002239,0.0002198,0.0002174,0.000209,0.0002037,0.0002003,0.0001893,0.0001837,0.0001796,0.0001696,0.0001639,0.000157,0.000145,0.0001378,0.0001244,0.000117,0.0001057,9.563e-05,8.614e-05,7.8e-05,6.896e-05,6.035e-05,5.245e-05,4.581e-05,4.151e-05,3.594e-05,3.051e-05,2.642e-05,2.336e-05,1.876e-05,1.675e-05
9.653e-05,0.0001166,0.0001154,0.0001381,0.0001437,0.0001563,0.0001679,0.0001787,0.000188,0.000195,0.0002119,0.0002275,0.0002387,0.0002438,0.000244,0.0002387,0.0002334,0.0002332,0.0002241,0.0002223,0.0002178,0.0002093,0.0002045,0.0001981,0.0001914,0.0001867,0.0001784,0.0001706,0.0001634,0.0001568,0.0001478,0.0001378,0.0001244,0.0001147,0.000105,9.736e-05,8.778e-05,7.738e-05,6.788e-05,6.005e-05,5.28e-05,4.657e-05,4.01e-05,3.593e-05,3.085e-05,2.667e-05,2.433e-05,2.025e-05,1.703e-05
9.377e-05,0.0001124,0.0001138,0.0001351,0.0001418,0.0001527,0.0001598,0.0001762,0.000181,0.0001927,0.0002105,0.0002281,0.000238,0.0002402,0.0002431,0.0002387,0.0002341,0.0002314,0.0002269,0.0002194,0.0002191,0.0002081,0.0002027,0.000201,0.0001921,0.000187,0.0001787,0.0001721,0.0001649,0.0001561,0.0001457,0.0001373,0.0001264,0.0001177,0.0001063,9.501e-05,8.363e-05,7.671e-05,6.846e-05,6.108e-05,5.248e-05,4.648e-05,4.168e-05,3.58e-05,3.098e-05,2.812e-05,2.328e-05,1.941e-05,1.802e-05
9.3e-05,0.0001115,0.0001099,0.0001356,0.000138,0.0001511,0.0001608,0.0001743,0.000183,0.0001912,0.0002102,0.000229,0.0002348,0.000237,0.0002403,0.000237,0.0002323,0.0002308,0.0002236,0.000221,0.0002176,0.0002074,0.0002038,0.0001975,0.0001924,0.0001831,0.0001767,0.00017,0.0001635,0.0001541,0.0001467,0.0001366,0.0001261,0.0001165,0.0001064,9.648e-05,8.6e-05,7.72e-05,6.779e-05,6.057e-05,5.232e-05,4.694e-05,4.073e-05,3.395e-05,3.13e-05,2.648e-05,2.332e-05,1.882e-05,1.751e-05
8.985e-05,0.0001074,0.0001096,0.0001304,0.0001377,0.0001502,0.000158,0.0001729,0.0001784,0.0001905,0.0002065,0.0002221,0.0002354,0.0002389,0.0002383,0.0002351,0.000232,0.0002288,0.0002219,0.0002202,0.0002158,0.0002095,0.0002031,0.0001998,0.0001877,0.0001872,0.0001771,0.0001709,0.0001656,0.0001557,0.0001473,0.0001377,0.0001275,0.0001165,0.0001073,9.745e-05,8.578e-05,7.7e-05,6.816e-05,5.945e-05,5.322e-05,4.678e-05,4.014e-05,3.578e-05,3.145e-05,2.661e-05,2.411e-05,2.053e-05,1.73e-05
9.688e-05,0.0001149,0.0001157,0.000139,0.0001438,0.0001547,0.0001662,0.0001831,0.0001861,0.0001967,0.0002128,0.0002303,0.0002379,0.0002391,0.0002414,0.0002387,0.0002356,0.0002317,0.0002241,0.0002209,0.0002169,0.0002098,0.0002038,0.000196,0.0001901,0.000186,0.0001763,0.0001712,0.0001613,0.0001543,0.0001449,0.0001382,0.0001245,0.000116,0.0001062,9.585e-05,8.648e-05,7.608e-05,6.789e-05,5.948e-05,5.3e-05,4.584e-05,4.041e-05,3.471e-05,3.061e-05,2.767e-05,2.36e-05,2.053e-05,1.781e-05
9.39e-05,0.0001135,0.0001124,0.0001369,0.0001408,0.0001535,0.0001638,0.0001796,0.0001824,0.0001941,0.0002117,0.0002254,0.0002378,0.0002386,0.00024,0.000236,0.0002353,0.0002323,0.0002249,0.0002193,0.0002192,0.0002104,0.0002041,0.0001981,0.000192,0.0001829,0.0001748,0.0001724,0.0001634,0.0001559,0.0001451,0.0001328,0.0001249,0.0001165,0.0001063,9.559e-05,8.286e-05,7.697e-05,6.897e-05,6.039e-05,5.351e-05,4.684e-05,4.163e-05,3.62e-05,3.101e-05,2.767e-05,2.338e-05,2.046e-05,1.73e-05
9.658e-05,0.0001182,0.0001187,0.0001392,0.0001441,0.0001561,0.0001659,0.0001789,0.0001852,0.000196,0.0002144,0.0002313,0.0002419,0.0002403,0.000242,0.0002394,0.000237,0.0002315,0.0002265,0.0002224,0.0002173,0.0002085,0.0002032,0.0002014,0.0001898,0.0001871,0.0001782,0.0001722,0.0001627,0.0001537,0.0001454,0.0001379,0.0001263,0.0001159,0.0001064,9.661e-05,8.574e-05,7.616e-05,6.809e-05,6.065e-05,5.359e-05,4.604e-05,4.085e-05,3.601e-05,3.223e-05,2.752e-05,2.344e-05,2.031e-05,1.788e-05
9.305e-05,0.0001121,0.0001113,0.0001363,0.000142,0.0001505,0.0001625,0.0001766,0.0001824,0.0001932,0.0002119,0.0002258,0.000237,0.0002416,0.0002387,0.0002392,0.0002335,0.0002325,0.0002246,0.0002226,0.0002189,0.0002094,0.0002044,0.0002019,0.0001902,0.000184,0.000179,0.000173,0.0001637,0.0001562,0.0001453,0.0001356,0.0001253,0.0001162,0.0001051,9.416e-05,8.413e-05,7.669e-05,6.703e-05,5.951e-05,5.234e-05,4.725e-05,4.023e-05,3.701e-05,3.131e-05,2.681e-05,2.425e-05,1.933e-05,1.713e-05
9.554e-05,0.0001134,0.0001148,0.000137,0.0001412,0.0001547,0.0001624,0.0001772,0.0001825,0.0001941,0.0002123,0.0002301,0.0002386,0.0002413,0.0002418,0.000239,0.0002342,0.0002334,0.0002277,0.0002225,0.0002182,0.0002105,0.0002015,0.0002,0.0001909,0.0001871,0.0001781,0.0001728,0.0001617,0.0001559,0.000146,0.0001361,0.0001269,0.0001162,0.0001054,9.389e-05,8.443e-05,7.642e-05,6.717e-05,6.085e-05,5.298e-05,4.58e-05,4.193e-05,3.604e-05,3.059e-05,2.751e-05,2.434e-05,1.997e-05,1.656e-05
9.091e-05,0.0001067,0.0001086,0.00013,0.0001385,0.0001475,0.0001581,0.0001724,0.0001797,0.00019,0.0002073,0.0002249,0.0002359,0.0002384,0.0002403,0.0002368,0.0002298,0.0002314,0.0002252,0.0002197,0.0002192,0.0002082,0.0002013,0.0001998,0.0001933,0.0001877,0.0001773,0.0001718,0.0001636,0.0001548,0.0001446,0.0001354,0.0001247,0.0001166,0.0001067,9.468e-05,8.55e-05,7.544e-05,6.836e-05,5.95e-05,5.373e-05,4.684e-05,4.05e-05,3.597e-05,3.155e-05,2.769e-05,2.359e-05,2.082e-05,1.627e-05
0.0001007,0.0001217,0.0001175,0.0001459,0.0001506,0.0001611,0.0001712,0.0001826,0.0001893,0.0002029,0.0002157,0.0002318,0.0002441,0.0002469,0.0002444,0.0002412,0.0002339,0.0002322,0.000226,0.000222,0.0002186,0.0002072,0.0002034,0.0001959,0.0001919,0.0001839,0.0001763,0.0001703,0.0001613,0.0001535,0.0001468,0.0001359,0.0001268,0.0001166,0.0001058,9.701e-05,8.41e-05,7.696e-05,6.681e-05,6.043e-05,5.284e-05,4.691e-05,4.1e-05,3.492e-05,3.133e-05,2.73e-05,2.369e-05,1.965e-05,1.695e-05
9.725e-05,0.000117,0.0001174,0.0001406,0.0001469,0.0001568,0.0001652,0.0001794,0.0001871,0.0001967,0.0002124,0.0002327,0.000241,0.0002413,0.000245,0.0002398,0.0002319,0.0002314,0.0002247,0.0002239,0.0002188,0.0002088,0.0002057,0.0002004,0.0001875,0.0001845,0.0001776,0.0001703,0.0001609,0.0001549,0.0001469,0.0001365,0.0001257,0.0001167,0.000107,9.608e-05,8.439e-05,7.654e-05,6.883e-05,5.859e-05,5.387e-05,4.732e-05,4.12e-05,3.694e-05,3.056e-05,2.67e-05,2.408e-05,1.992e-05,1.617e-05
0.0001011,0.0001206,0.0001222,0.0001445,0.0001522,0.000161,0.0001699,0.0001885,0.0001886,0.0002014,0.000216,0.0002305,0.0002434,0.0002441,0.0002404,0.0002385,0.0002352,0.0002329,0.0002262,0.0002215,0.0002176,0.0002051,0.0002026,0.0001969,0.0001894,0.0001824,0.0001771,0.0001688,0.0001601,0.0001562,0.0001461,0.0001351,0.0001261,0.0001155,0.0001051,9.496e-05,8.496e-05,7.651e-05,6.675e-05,5.998e-05,5.247e-05,4.754e-05,4.129e-05,3.584e-05,3.037e-05,2.704e-05,2.388e-05,1.992e-05,1.616e-05
9.769e-05,0.0001171,0.0001181,0.0001399,0.0001452,0.0001576,0.0001662,0.0001821,0.0001842,0.0001995,0.0002128,0.0002302,0.0002445,0.0002404,0.0002431,0.0002406,0.0002339,0.000231,0.0002266,0.0002209,0.0002145,0.0002087,0.000204,0.0002001,0.0001915,0.0001851,0.0001794,0.0001706,0.0001617,0.0001554,0.0001459,0.0001339,0.0001246,0.0001167,0.0001038,9.686e-05,8.51e-05,7.748e-05,6.831e-05,5.984e-05,5.269e-05,4.747e-05,4.138e-05,3.634e-05,3.074e-05,2.679e-05,2.277e-05,2.096e-05,1.693e-05
9.505e-05,0.0001146,0.000115,0.0001393,0.0001421,0.0001543,0.0001652,0.000179,0.0001855,0.0001968,0.0002122,0.0002279,0.0002395,0.0002402,0.0002403,0.000239,0.0002361,0.0002334,0.0002247,0.0002199,0.0002162,0.0002069,0.0002033,0.0001984,0.0001917,0.0001856,0.0001763,0.0001702,0.0001618,0.0001555,0.0001456,0.0001373,0.0001255,0.0001171,0.000106,9.556e-05,8.544e-05,7.766e-05,6.68e-05,5.901e-05,5.22e-05,4.792e-05,4.044e-05,3.624e-05,3.075e-05,2.68e-05,2.353e-05,1.949e-05,1.671e-05
9.899e-05,0.0001188,0.0001188,0.0001432,0.0001485,0.0001595,0.0001672,0.0001823,0.0001893,0.0001968,0.0002169,0.0002303,0.0002407,0.0002441,0.0002459,0.0002377,0.0002351,0.0002337,0.0002277,0.0002231,0.0002175,0.0002114,0.0002043,0.0002006,0.00019,0.0001874,0.000179,0.000169,0.0001624,0.0001546,0.0001462,0.000137,0.0001263,0.0001163,0.0001067,9.556e-05,8.599e-05,7.516e-05,6.824e-05,5.867e-05,5.279e-05,4.627e-05,4.109e-05,3.675e-05,3.111e-05,2.732e-05,2.384e-05,1.951e-05,1.646e-05
9.921e-05,0.0001163,0.0001186,0.0001412,0.0001449,0.000157,0.0001686,0.0001824,0.0001865,0.0001974,0.000213,0.0002314,0.000242,0.0002438,0.000244,0.0002407,0.0002338,0.0002298,0.0002234,0.0002228,0.000219,0.0002097,0.0002044,0.0001958,0.0001918,0.0001838,0.0001775,0.0001699,0.0001618,0.0001532,0.0001449,0.0001369,0.0001247,0.0001163,0.0001064,9.623e-05,8.697e-05,7.737e-05,6.74e-05,6.071e-05,5.329e-05,4.717e-05,4.115e-05,3.469e-05,3.133e-05,2.815e-05,2.359e-05,1.987e-05,1.665e-05
8.915e-05,0.0001088,0.0001105,0.0001337,0.0001377,0.0001512,0.0001606,0.0001758,0.00018,0.0001916,0.0002062,0.0002217,0.0002366,0.0002367,0.0002398,0.0002368,0.0002344,0.0002329,0.0002254,0.0002203,0.0002164,0.000209,0.0002048,0.0001978,0.0001936,0.0001871,0.0001771,0.0001711,0.0001625,0.0001552,0.0001469,0.0001377,0.0001272,0.0001157,0.0001061,9.425e-05,8.445e-05,7.649e-05,6.703e-05,6.022e-05,5.403e-05,4.694e-05,4.093e-05,3.539e-05,3.105e-05,2.627e-05,2.296e-05,1.985e-05,1.689e-05
9.803e-05,0.0001163,0.0001158,0.0001411,0.000146,0.0001563,0.0001653,0.0001802,0.0001862,0.0001967,0.0002124,0.0002297,0.0002385,0.0002438,0.0002405,0.0002367,0.0002337,0.0002307,0.0002255,0.0002187,0.0002187,0.0002114,0.0002062,0.0002,0.0001919,0.000187,0.0001785,0.0001716,0.0001643,0.0001544,0.0001457,0.0001349,0.0001253,0.0001164,0.000105,9.65e-05,8.637e-05,7.675e-05,6.781e-05,6.152e-05,5.195e-05,4.504e-05,3.918e-05,3.556e-05,3.192e-05,2.695e-05,2.339e-05,2.049e-05,1.674e-05
9.672e-05,0.0001135,0.0001153,0.0001368,0.0001428,0.0001554,0.0001644,0.0001815,0.0001812,0.000195,0.0002115,0.0002269,0.0002407,0.0002402,0.0002431,0.000239,0.0002325,0.0002301,0.0002245,0.000221,0.0002179,0.0002083,0.0002035,0.0002003,0.0001904,0.0001852,0.0001768,0.0001686,0.000162,0.0001554,0.0001459,0.0001338,0.0001254,0.0001175,0.0001057,9.476e-05,8.533e-05,7.805e-05,6.697e-05,6.104e-05,5.269e-05,4.628e-05,4.078e-05,3.565e-05,3.098e-05,2.738e-05,2.333e-05,1.984e-05,1.63e-05
9.962e-05,0.0001171,0.0001166,0.0001397,0.0001447,0.0001583,0.0001672,0.0001842,0.0001869,0.0001971,0.0002127,0.0002311,0.0002391,0.0002419,0.0002412,0.0002409,0.0002355,0.0002305,0.0002275,0.0002222,0.0002171,0.0002104,0.0002046,0.0001984,0.0001905,0.0001873,0.00018,0.000169,0.0001605,0.0001545,0.000146,0.000137,0.0001264,0.0001158,0.0001033,9.648e-05,8.473e-05,7.547e-05,6.837e-05,6.064e-05,5.276e-05,4.79e-05,4.061e-05,3.558e-05,3.059e-05,2.703e-05,2.391e-05,1.977e-05,1.606e-05
0,0,0,0,0,0,0,0,0,0,0,0,0,0,0,0,0,0,0,0,0,0,0,0,0,0,0,0,0,0,0,0,0,0,0,0,0,0,0,0,0,0,0,0,0,0,0,0,0
2nd quartile
1.326e+12,1.464e+12,1.613e+12,1.777e+12,1.963e+12,2.166e+12,2.389e+12,2.639e+12,2.916e+12,3.219e+12,3.556e+12,3.921e+12,4.323e+12,4.769e+12,5.263e+12,5.811e+12,6.409e+12,7.077e+12,7.81e+12,8.615e+12,9.513e+12,1.05e+13,1.159e+13,1.279e+13,1.411e+13,1.557e+13,1.719e+13,1.896e+13,2.094e+13,2.306e+13,2.549e+13,2.811e+13,3.106e+13,3.421e+13,3.782e+13,4.183e+13,4.609e+13,5.095e+13,5.632e+13,6.212e+13,6.849e+13,7.549e+13,8.358e+13,9.207e+13,1.018e+14,1.118e+14,1.237e+14,1.372e+14,1.511e+14
0.0002614,0.0003033,0.0002892,0.0003325,0.0003225,0.0003331,0.0003355,0.0003418,0.0003295,0.0003246,0.000323,0.0003276,0.0003237,0.0003019,0.000277,0.0002514,0.0002223,0.0002045,0.0001825,0.0001593,0.000143,0.0001246,0.0001079,9.343e-05,7.795e-05,6.653e-05,5.423e-05,4.384e-05,3.368e-05,2.653e-05,1.958e-05,1.416e-05,1.036e-05,7.418e-06,5.047e-06,4.327e-06,3.8e-06,3.749e-06,3.587e-06,3.253e-06,3.141e-06,3.141e-06,2.918e-06,2.898e-06,2.625e-06,2.229e-06,2.331e-06,2.381e-06,2.554e-06
0.0002729,0.0003116,0.0002958,0.0003408,0.0003343,0.0003384,0.0003396,0.0003385,0.0003334,0.0003285,0.0003252,0.0003252,0.0003172,0.0002973,0.000276,0.0002479,0.0002211,0.0002011,0.0001799,0.0001604,0.0001426,0.0001222,0.0001043,9.313e-05,7.787e-05,6.651e-05,5.618e-05,4.407e-05,3.461e-05,2.676e-05,1.954e-05,1.475e-05,1.058e-05,7.438e-06,5.259e-06,4.55e-06,4.205e-06,3.851e-06,3.76e-06,3.628e-06,3.212e-06,3.273e-06,3.101e-06,2.858e-06,2.503e-06,2.614e-06,2.28e-06,2.392e-06,2.392e-06
0.0002709,0.0003146,0.0003024,0.0003436,0.0003344,0.000338,0.000339,0.0003447,0.0003323,0.0003249,0.000326,0.0003319,0.0003245,0.0002981,0.000273,0.00025,0.0002217,0.0002052,0.0001784,0.0001601,0.0001427,0.0001229,0.0001078,9.326e-05,7.842e-05,6.503e-05,5.421e-05,4.526e-05,3.429e-05,2.822e-05,1.927e-05,1.524e-05,1.046e-05,7.468e-06,5.898e-06,4.479e-06,3.972e-06,3.841e-06,3.364e-06,3.385e-06,3.152e-06,3.152e-06,3.293e-06,2.969e-06,2.665e-06,2.554e-06,2.533e-06,2.422e-06,2.371e-06
0.0002664,0.000307,0.0002953,0.0003369,0.0003332,0.0003359,0.0003356,0.0003421,0.0003304,0.0003245,0.0003245,0.0003308,0.0003257,0.0002985,0.0002738,0.0002494,0.0002245,0.0002017,0.0001777,0.0001588,0.0001418,0.0001234,0.0001074,9.299e-05,7.942e-05,6.599e-05,5.471e-05,4.434e-05,3.403e-05,2.693e-05,2.035e-05,1.47e-05,9.992e-06,7.61e-06,5.553e-06,4.469e-06,4.023e-06,4.185e-06,3.506e-06,3.243e-06,3.081e-06,3.05e-06,2.858e-06,2.918e-06,2.969e-06,2.635e-06,2.25e-06,2.381e-06,2.614e-06
0.0002645,0.000305,0.0002921,0.0003354,0.0003314,0.0003358,0.0003381,0.0003451,0.0003307,0.0003258,0.0003237,0.0003238,0.000323,0.0002989,0.0002767,0.0002499,0.0002247,0.0002044,0.0001779,0.0001609,0.0001425,0.0001216,0.0001081,9.397e-05,7.792e-05,6.512e-05,5.384e-05,4.425e-05,3.508e-05,2.724e-05,1.948e-05,1.454e-05,1.02e-05,7.175e-06,5.503e-06,4.337e-06,4.033e-06,3.739e-06,3.486e-06,3.699e-06,3.283e-06,3.344e-06,2.746e-06,2.969e-06,2.908e-06,2.341e-06,2.3e-06,2.726e-06,2.158e-06
0.0002565,0.0002978,0.0002851,0.0003273,0.0003201,0.0003312,0.0003338,0.0003406,0.0003275,0.0003234,0.0003296,0.0003255,0.0003235,0.000302,0.0002769,0.0002523,0.0002244,0.0002022,0.0001803,0.0001629,0.0001412,0.0001252,0.0001075,9.232e-05,7.852e-05,6.616e-05,5.517e-05,4.388e-05,3.448e-05,2.685e-05,2.002e-05,1.414e-05,1.02e-05,7.62e-06,5.34e-06,4.388e-06,3.8e-06,3.415e-06,3.496e-06,3.658e-06,3.162e-06,3e-06,3.06e-06,3.152e-06,2.584e-06,2.412e-06,2.655e-06,2.25e-06,2.28e-06
0.0002695,0.0003115,0.0002954,0.0003375,0.0003337,0.0003405,0.0003396,0.000344,0.0003315,0.0003256,0.0003221,0.0003291,0.0003233,0.0003004,0.0002771,0.0002499,0.0002223,0.0002042,0.0001789,0.0001583,0.0001419,0.0001203,0.0001074,9.045e-05,7.783e-05,6.708e-05,5.482e-05,4.423e-05,3.375e-05,2.675e-05,2.055e-05,1.475e-05,1.02e-05,7.539e-06,5.421e-06,4.54e-06,3.952e-06,3.496e-06,3.952e-06,3.405e-06,3.314e-06,3.293e-06,2.949e-06,2.787e-06,2.442e-06,2.493e-06,2.473e-06,2.746e-06,2.635e-06
0.000261,0.0003034,0.0002874,0.0003314,0.0003251,0.0003367,0.0003335,0.000343,0.0003293,0.0003278,0.0003223,0.0003297,0.0003215,0.0003015,0.0002816,0.0002509,0.0002252,0.0002046,0.0001783,0.0001585,0.0001433,0.0001241,0.0001058,9.063e-05,7.969e-05,6.644e-05,5.533e-05,4.46e-05,3.461e-05,2.684e-05,1.988e-05,1.402e-05,1.031e-05,7.205e-06,5.33e-06,4.064e-06,3.871e-06,3.689e-06,3.567e-06,3.395e-06,3.314e-06,3.334e-06,2.817e-06,2.756e-06,2.696e-06,2.574e-06,2.3e-06,2.392e-06,2.351e-06
0.0002539,0.0002957,0.000281,0.0003279,0.0003212,0.0003272,0.0003317,0.0003411,0.0003267,0.0003277,0.0003231,0.0003278,0.0003225,0.0003015,0.0002811,0.0002515,0.0002233,0.0002037,0.0001783,0.0001589,0.0001423,0.0001206,0.0001088,9.384e-05,7.951e-05,6.618e-05,5.419e-05,4.365e-05,3.436e-05,2.682e-05,1.904e-05,1.396e-05,1.003e-05,7.256e-06,5.462e-06,4.114e-06,4.023e-06,3.526e-06,3.415e-06,3.425e-06,3.131e-06,3.405e-06,3.212e-06,2.594e-06,2.635e-06,2.544e-06,2.442e-06,2.25e-06,2.098e-06
0.0002658,0.000306,0.0002939,0.000335,0.0003339,0.0003379,0.0003355,0.0003414,0.0003247,0.0003264,0.0003256,0.000327,0.0003222,0.0003005,0.0002803,0.0002515,0.0002226,0.0002016,0.0001811,0.0001612,0.0001415,0.0001211,0.0001069,9.169e-05,7.723e-05,6.524e-05,5.439e-05,4.366e-05,3.491e-05,2.702e-05,2.07e-05,1.435e-05,1.05e-05,7.833e-06,5.928e-06,4.58e-06,4.064e-06,3.729e-06,3.567e-06,3.243e-06,3.02e-06,3.07e-06,2.878e-06,2.574e-06,2.797e-06,2.706e-06,2.331e-06,2.209e-06,2.452e-06
0.0002507,0.0002976,0.0002824,0.0003231,0.0003236,0.0003269,0.000333,0.0003383,0.000326,0.0003251,0.0003214,0.0003271,0.0003207,0.0003022,0.0002813,0.000255,0.0002232,0.0002062,0.0001795,0.0001583,0.000145,0.0001236,0.000105,9.307e-05,7.827e-05,6.594e-05,5.527e-05,4.414e-05,3.422e-05,2.637e-05,1.979e-05,1.39e-05,9.982e-06,7.428e-06,5.239e-06,4.813e-06,4.155e-06,3.668e-06,3.466e-06,3.334e-06,2.969e-06,3.445e-06,2.706e-06,2.726e-06,2.533e-06,2.483e-06,1.956e-06,2.25e-06,2.442e-06
0.0002654,0.0003029,0.0002957,0.000337,0.0003303,0.0003357,0.0003393,0.0003441,0.0003307,0.000328,0.0003257,0.0003277,0.0003201,0.000299,0.0002808,0.0002513,0.0002251,0.0002031,0.0001775,0.0001604,0.0001412,0.0001226,0.0001083,9.216e-05,7.822e-05,6.7e-05,5.532e-05,4.335e-05,3.545e-05,2.677e-05,1.972e-05,1.406e-05,1.008e-05,7.053e-06,5.482e-06,4.469e-06,4.124e-06,3.597e-06,3.709e-06,3.314e-06,3.304e-06,3.162e-06,2.817e-06,2.787e-06,2.31e-06,2.442e-06,2.452e-06,2.108e-06,2.321e-06
0.0002721,0.0003121,0.0002975,0.0003431,0.0003335,0.0003394,0.0003366,0.0003435,0.0003315,0.0003263,0.0003268,0.0003281,0.0003204,0.0003006,0.0002784,0.0002501,0.0002231,0.0002031,0.0001768,0.0001614,0.0001422,0.0001242,0.0001077,9.272e-05,7.889e-05,6.476e-05,5.386e-05,4.378e-05,3.584e-05,2.722e-05,2.034e-05,1.426e-05,1.015e-05,7.185e-06,5.614e-06,4.155e-06,4.195e-06,3.344e-06,3.456e-06,3.222e-06,3.273e-06,3.445e-06,2.685e-06,2.665e-06,2.594e-06,2.422e-06,2.594e-06,2.473e-06,2.584e-06
0.0002464,0.0002855,0.0002792,0.0003188,0.0003201,0.000326,0.0003299,0.0003395,0.000324,0.0003232,0.0003247,0.0003243,0.0003224,0.0003009,0.0002796,0.0002527,0.0002235,0.0002063,0.0001784,0.0001615,0.0001432,0.000123,0.0001087,9.232e-05,7.944e-05,6.519e-05,5.398e-05,4.37e-05,3.33e-05,2.69e-05,1.92e-05,1.406e-05,9.495e-06,6.901e-06,5.594e-06,4.621e-06,3.81e-06,3.962e-06,3.466e-06,3.121e-06,3.202e-06,3.06e-06,2.908e-06,2.898e-06,2.493e-06,2.513e-06,2.3e-06,2.108e-06,2.371e-06
0.0002667,0.0003088,0.0002922,0.0003361,0.0003301,0.0003395,0.0003378,0.0003413,0.0003274,0.0003261,0.0003265,0.0003243,0.0003205,0.0002967,0.0002758,0.0002505,0.0002232,0.0002,0.0001787,0.0001577,0.0001424,0.000123,0.0001066,9.161e-05,7.844e-05,6.653e-05,5.38e-05,4.352e-05,3.536e-05,2.798e-05,1.997e-05,1.421e-05,1.029e-05,7.935e-06,5.361e-06,4.601e-06,3.83e-06,3.496e-06,3.861e-06,3.496e-06,3.415e-06,3.152e-06,3.202e-06,2.817e-06,2.888e-06,2.412e-06,2.189e-06,2.25e-06,2.452e-06
0.0002673,0.0003085,0.000294,0.0003397,0.0003318,0.0003392,0.0003406,0.0003436,0.0003312,0.0003264,0.0003275,0.0003282,0.0003245,0.0003002,0.0002775,0.0002499,0.0002208,0.0002034,0.0001769,0.0001612,0.0001395,0.0001224,0.0001075,9.405e-05,7.776e-05,6.421e-05,5.468e-05,4.48e-05,3.487e-05,2.721e-05,1.977e-05,1.429e-05,9.941e-06,7.691e-06,5.584e-06,4.388e-06,4.114e-06,3.364e-06,3.405e-06,3.334e-06,3.496e-06,2.969e-06,3.101e-06,2.685e-06,2.331e-06,2.209e-06,2.27e-06,2.432e-06,2.574e-06
0.0002616,0.0003019,0.0002914,0.0003321,0.0003257,0.0003345,0.0003337,0.0003433,0.0003312,0.0003242,0.0003268,0.0003271,0.0003251,0.0002984,0.0002784,0.0002521,0.0002226,0.0002023,0.0001812,0.0001605,0.0001441,0.000123,0.0001073,9.118e-05,7.824e-05,6.457e-05,5.401e-05,4.368e-05,3.427e-05,2.729e-05,1.996e-05,1.454e-05,1e-05,7.205e-06,5.594e-06,4.337e-06,4.155e-06,3.567e-06,3.526e-06,3.618e-06,3.131e-06,2.726e-06,2.949e-06,2.726e-06,2.726e-06,2.321e-06,2.229e-06,2.493e-06,2.462e-06
0.0002552,0.0002982,0.0002838,0.000332,0.0003222,0.0003312,0.0003306,0.0003423,0.0003266,0.000326,0.0003289,0.0003262,0.000327,0.0003028,0.0002767,0.000252,0.0002272,0.0002014,0.0001812,0.0001614,0.0001412,0.000123,0.0001058,9.134e-05,7.82e-05,6.538e-05,5.477e-05,4.386e-05,3.427e-05,2.651e-05,1.914e-05,1.438e-05,9.971e-06,7.752e-06,5.877e-06,4.499e-06,3.83e-06,3.344e-06,3.709e-06,3.526e-06,3.162e-06,3.283e-06,2.787e-06,2.898e-06,2.523e-06,2.462e-06,2.31e-06,2.584e-06,2.462e-06
0.0002595,0.0002978,0.0002882,0.0003307,0.0003264,0.0003326,0.0003367,0.0003396,0.0003291,0.0003268,0.0003231,0.0003227,0.0003236,0.0002996,0.0002771,0.0002528,0.0002237,0.0002048,0.0001759,0.0001625,0.0001408,0.0001241,0.0001076,9.284e-05,7.82e-05,6.664e-05,5.408e-05,4.493e-05,3.498e-05,2.595e-05,1.869e-05,1.44e-05,1.016e-05,7.499e-06,5.351e-06,4.763e-06,3.81e-06,3.709e-06,3.486e-06,3.476e-06,3.689e-06,3.081e-06,2.837e-06,2.817e-06,2.513e-06,2.442e-06,2.209e-06,2.351e-06,2.402e-06
0.0002622,0.000304,0.0002891,0.0003325,0.0003313,0.0003384,0.0003355,0.0003436,0.0003293,0.0003249,0.0003237,0.0003243,0.0003235,0.0003005,0.0002781,0.0002501,0.0002247,0.0002043,0.0001813,0.0001598,0.00014,0.0001222,0.0001048,9.282e-05,7.912e-05,6.633e-05,5.474e-05,4.441e-05,3.446e-05,2.65e-05,1.963e-05,1.465e-05,1.031e-05,7.327e-06,5.34e-06,4.56e-06,4.357e-06,3.739e-06,3.496e-06,3.456e-06,2.989e-06,3.07e-06,2.989e-06,2.726e-06,2.462e-06,2.442e-06,2.28e-06,2.229e-06,2.371e-06
0.0002529,0.0002977,0.0002858,0.0003259,0.0003232,0.0003289,0.0003335,0.0003394,0.0003305,0.0003232,0.000325,0.0003275,0.0003215,0.0002989,0.0002774,0.0002516,0.0002264,0.0002045,0.0001797,0.0001615,0.0001434,0.0001231,0.0001073,9.347e-05,7.889e-05,6.692e-05,5.437e-05,4.291e-05,3.401e-05,2.679e-05,2.032e-05,1.412e-05,1.05e-05,7.286e-06,5.381e-06,4.58e-06,4.347e-06,3.476e-06,3.212e-06,3.334e-06,3.02e-06,3.01e-06,3.05e-06,2.675e-06,2.341e-06,2.696e-06,2.189e-06,2.118e-06,2.169e-06
0.0002633,0.0003041,0.0002963,0.000338,0.0003285,0.0003354,0.0003332,0.0003452,0.0003301,0.0003238,0.0003257,0.0003288,0.000321,0.0003012,0.0002784,0.0002515,0.0002235,0.0002023,0.0001806,0.0001611,0.0001422,0.0001234,0.0001077,9.222e-05,7.959e-05,6.621e-05,5.512e-05,4.385e-05,3.527e-05,2.653e-05,2.012e-05,1.491e-05,1.018e-05,7.509e-06,5.705e-06,4.661e-06,3.618e-06,3.719e-06,3.182e-06,3.567e-06,3.01e-06,2.989e-06,2.878e-06,2.746e-06,2.483e-06,2.533e-06,2.625e-06,2.128e-06,1.976e-06
0.0002717,0.0003082,0.0002955,0.0003425,0.000328,0.000334,0.0003403,0.0003438,0.0003302,0.0003275,0.000325,0.0003267,0.0003206,0.0002974,0.0002798,0.0002479,0.0002238,0.0002015,0.000178,0.0001596,0.0001428,0.0001237,0.0001072,9.17e-05,7.92e-05,6.678e-05,5.396e-05,4.282e-05,3.467e-05,2.704e-05,1.987e-05,1.448e-05,1.006e-05,7.803e-06,5.725e-06,4.813e-06,4.084e-06,3.871e-06,3.689e-06,3.618e-06,3.06e-06,3.243e-06,3.222e-06,2.696e-06,2.655e-06,2.614e-06,2.625e-06,2.321e-06,2.381e-06
0.0002667,0.0003092,0.0002927,0.0003365,0.0003287,0.0003349,0.0003391,0.0003427,0.0003313,0.0003283,0.0003271,0.000328,0.000319,0.0003012,0.0002733,0.0002539,0.0002244,0.0002021,0.0001807,0.0001615,0.0001442,0.0001215,0.0001068,9.24e-05,8.02e-05,6.586e-05,5.483e-05,4.318e-05,3.544e-05,2.745e-05,2.064e-05,1.483e-05,1.014e-05,7.762e-06,5.442e-06,4.216e-06,3.912e-06,3.567e-06,3.658e-06,3.618e-06,3.314e-06,3.212e-06,3.03e-06,2.858e-06,2.696e-06,2.381e-06,1.956e-06,2.189e-06,2.462e-06
0.0002595,0.0003,0.0002895,0.000334,0.0003274,0.0003351,0.0003362,0.0003424,0.0003306,0.0003277,0.0003258,0.0003271,0.0003262,0.0002997,0.0002811,0.0002529,0.0002223,0.000204,0.0001786,0.0001591,0.0001408,0.0001228,0.0001094,9.258e-05,7.771e-05,6.753e-05,5.471e-05,4.426e-05,3.359e-05,2.706e-05,1.988e-05,1.415e-05,9.678e-06,7.205e-06,5.614e-06,4.712e-06,4.124e-06,3.678e-06,3.344e-06,3.222e-06,3.131e-06,3.06e-06,2.888e-06,2.766e-06,2.3e-06,2.584e-06,2.27e-06,2.331e-06,2.402e-06
0.0002559,0.0002953,0.0002865,0.0003297,0.0003248,0.0003339,0.0003309,0.00034,0.0003249,0.000325,0.0003223,0.0003269,0.0003203,0.000301,0.0002768,0.0002523,0.0002234,0.0002047,0.0001781,0.000161,0.0001425,0.0001228,0.0001073,9.232e-05,7.923e-05,6.63e-05,5.432e-05,4.412e-05,3.502e-05,2.644e-05,1.992e-05,1.427e-05,9.647e-06,7.215e-06,5.168e-06,4.216e-06,3.952e-06,3.77e-06,3.445e-06,3.324e-06,3.202e-06,3.263e-06,2.868e-06,2.858e-06,2.706e-06,2.341e-06,2.645e-06,2.594e-06,2.513e-06
0.0002546,0.0002938,0.0002828,0.0003268,0.0003189,0.0003323,0.0003327,0.0003373,0.0003276,0.0003231,0.0003243,0.0003325,0.0003232,0.0003012,0.0002779,0.0002525,0.0002276,0.0002016,0.0001797,0.000161,0.000142,0.0001215,0.0001059,9.272e-05,7.99e-05,6.507e-05,5.396e-05,4.36e-05,3.51e-05,2.59e-05,2.104e-05,1.427e-05,1.021e-05,7.185e-06,5.381e-06,4.104e-06,4.124e-06,3.537e-06,3.435e-06,3.304e-06,3.293e-06,2.949e-06,2.969e-06,2.533e-06,2.554e-06,2.27e-06,2.138e-06,2.088e-06,2.462e-06
0.0002664,0.000306,0.0002924,0.0003365,0.0003282,0.0003359,0.0003359,0.0003465,0.0003272,0.0003245,0.0003225,0.0003239,0.0003234,0.0002979,0.0002755,0.0002495,0.0002212,0.000203,0.0001766,0.0001609,0.0001433,0.0001239,0.0001065,9.16e-05,7.938e-05,6.547e-05,5.376e-05,4.38e-05,3.396e-05,2.769e-05,2.009e-05,1.408e-05,1.002e-05,7.539e-06,5.381e-06,4.357e-06,3.83e-06,3.587e-06,3.476e-06,3.344e-06,3.04e-06,3.202e-06,2.918e-06,2.716e-06,2.584e-06,2.523e-06,2.412e-06,2.675e-06,2.462e-06
0.0002557,0.0002985,0.0002901,0.0003302,0.0003243,0.0003345,0.0003362,0.0003409,0.0003267,0.0003223,0.0003259,0.0003299,0.0003216,0.0003012,0.000277,0.0002511,0.0002255,0.0002045,0.0001783,0.0001613,0.0001416,0.0001211,0.0001046,9.12e-05,7.896e-05,6.621e-05,5.515e-05,4.401e-05,3.534e-05,2.803e-05,1.972e-05,1.385e-05,1.041e-05,7.327e-06,5.614e-06,4.509e-06,3.618e-06,3.699e-06,3.354e-06,3.324e-06,3.304e-06,3.101e-06,3.081e-06,2.969e-06,2.625e-06,2.402e-06,2.158e-06,2.422e-06,2.442e-06
0.000268,0.0003095,0.000295,0.000338,0.000331,0.000339,0.0003363,0.0003462,0.0003317,0.0003244,0.0003244,0.0003251,0.0003208,0.0003011,0.0002788,0.0002504,0.0002267,0.000201,0.0001793,0.0001599,0.0001434,0.0001226,0.000106,9.122e-05,7.789e-05,6.69e-05,5.428e-05,4.454e-05,3.406e-05,2.739e-05,2.044e-05,1.445e-05,1.044e-05,7.134e-06,5.178e-06,4.631e-06,3.922e-06,3.395e-06,3.526e-06,3.466e-06,3.152e-06,3.131e-06,2.979e-06,2.807e-06,2.432e-06,2.493e-06,2.128e-06,2.574e-06,2.321e-06
0.0002607,0.0002963,0.0002894,0.0003286,0.0003261,0.0003344,0.0003318,0.0003405,0.0003322,0.0003239,0.0003255,0.0003288,0.0003245,0.0003042,0.00028,0.0002537,0.0002264,0.0002057,0.0001801,0.0001606,0.0001432,0.0001238,0.0001097,9.164e-05,7.812e-05,6.617e-05,5.327e-05,4.244e-05,3.374e-05,2.64e-05,1.972e-05,1.407e-05,1.073e-05,7.225e-06,5.665e-06,4.894e-06,3.972e-06,3.719e-06,3.466e-06,3.456e-06,3.456e-06,2.918e-06,2.716e-06,2.878e-06,2.321e-06,2.24e-06,2.341e-06,2.351e-06,2.402e-06
0.0002635,0.0003041,0.0002924,0.0003353,0.0003281,0.0003348,0.0003372,0.000345,0.0003274,0.0003293,0.0003257,0.0003282,0.000321,0.000302,0.0002776,0.0002483,0.0002259,0.0002023,0.0001774,0.0001605,0.0001435,0.0001227,0.0001066,9.383e-05,7.892e-05,6.586e-05,5.509e-05,4.283e-05,3.468e-05,2.644e-05,2.014e-05,1.424e-05,1.03e-05,7.499e-06,5.432e-06,4.489e-06,3.972e-06,3.678e-06,3.405e-06,3.273e-06,3.212e-06,3.182e-06,2.807e-06,2.746e-06,2.574e-06,2.625e-06,2.27e-06,2.158e-06,2.513e-06
0.00025,0.0002919,0.000281,0.000324,0.0003222,0.0003281,0.0003284,0.0003409,0.0003295,0.0003242,0.0003227,0.000328,0.0003241,0.0003015,0.0002751,0.0002508,0.0002264,0.0002074,0.0001787,0.0001594,0.0001426,0.0001224,0.0001077,9.295e-05,7.926e-05,6.416e-05,5.415e-05,4.313e-05,3.437e-05,2.653e-05,2.021e-05,1.418e-05,9.911e-06,6.982e-06,5.259e-06,4.611e-06,4.195e-06,3.8e-06,3.425e-06,3.141e-06,3.07e-06,2.959e-06,2.665e-06,2.584e-06,2.341e-06,2.665e-06,2.462e-06,2.452e-06,2.766e-06
0.0002748,0.0003159,0.0002998,0.0003417,0.0003365,0.0003409,0.0003395,0.0003458,0.0003309,0.0003259,0.0003257,0.0003225,0.0003246,0.0002979,0.0002773,0.0002518,0.0002243,0.0002019,0.0001764,0.0001582,0.0001412,0.0001225,0.0001082,9.377e-05,7.823e-05,6.818e-05,5.499e-05,4.509e-05,3.449e-05,2.69e-05,2.03e-05,1.402e-05,1.041e-05,7.225e-06,5.573e-06,4.509e-06,3.841e-06,3.709e-06,3.506e-06,3.476e-06,3.04e-06,3.304e-06,3.415e-06,2.908e-06,2.696e-06,2.432e-06,2.24e-06,2.29e-06,2.614e-06
0.0002665,0.0003108,0.0002936,0.0003373,0.0003299,0.0003384,0.0003346,0.0003428,0.0003299,0.0003271,0.0003248,0.0003262,0.0003193,0.0002968,0.000282,0.0002498,0.0002258,0.0002041,0.0001765,0.0001615,0.000141,0.0001226,0.0001057,9.266e-05,7.782e-05,6.588e-05,5.449e-05,4.49e-05,3.511e-05,2.731e-05,1.929e-05,1.496e-05,9.333e-06,7.104e-06,5.34e-06,4.53e-06,4.155e-06,3.587e-06,3.374e-06,3.567e-06,3.152e-06,3.07e-06,2.908e-06,2.736e-06,2.949e-06,2.554e-06,2.392e-06,2.635e-06,2.108e-06
0.0002725,0.0003125,0.0002986,0.0003421,0.0003328,0.0003412,0.0003367,0.0003451,0.0003297,0.0003232,0.0003289,0.0003283,0.0003225,0.0002976,0.0002778,0.0002507,0.0002224,0.0002017,0.0001788,0.0001585,0.0001389,0.0001235,0.0001045,9.349e-05,7.855e-05,6.682e-05,5.455e-05,4.51e-05,3.598e-05,2.604e-05,2.086e-05,1.439e-05,1.102e-05,7.337e-06,5.644e-06,4.611e-06,4.013e-06,3.445e-06,3.547e-06,3.121e-06,3.344e-06,2.908e-06,3.06e-06,3.02e-06,2.523e-06,2.665e-06,2.27e-06,2.331e-06,2.27e-06
0.0002659,0.0003073,0.0002935,0.0003374,0.0003326,0.0003386,0.0003365,0.0003422,0.0003315,0.0003261,0.0003278,0.0003277,0.0003209,0.0003016,0.0002783,0.0002518,0.0002238,0.0002036,0.0001804,0.0001579,0.0001436,0.0001228,0.000107,9.234e-05,7.81e-05,6.629e-05,5.381e-05,4.483e-05,3.473e-05,2.64e-05,2.026e-05,1.373e-05,1.02e-05,7.479e-06,5.492e-06,4.56e-06,3.82e-06,3.699e-06,3.648e-06,3.364e-06,3.02e-06,3.06e-06,3.01e-06,3.04e-06,2.837e-06,2.827e-06,2.564e-06,2.26e-06,2.625e-06
0.0002624,0.0003031,0.0002928,0.0003358,0.0003274,0.0003351,0.0003344,0.0003393,0.0003306,0.0003214,0.0003255,0.0003276,0.0003197,0.0003015,0.0002793,0.0002506,0.0002234,0.0002026,0.0001809,0.0001583,0.0001408,0.000125,0.0001076,9.325e-05,7.838e-05,6.462e-05,5.399e-05,4.309e-05,3.587e-05,2.675e-05,1.9e-05,1.459e-05,1.043e-05,7.347e-06,5.655e-06,4.651e-06,3.76e-06,3.557e-06,3.476e-06,3.537e-06,3.111e-06,3.111e-06,2.969e-06,2.645e-06,2.503e-06,2.736e-06,2.432e-06,2.088e-06,2.594e-06
0.0002708,0.0003124,0.0002991,0.0003389,0.0003331,0.0003396,0.0003375,0.0003433,0.0003289,0.000329,0.0003283,0.0003304,0.0003208,0.0003006,0.0002762,0.0002503,0.0002229,0.000203,0.0001812,0.0001591,0.0001428,0.0001235,0.0001061,9.234e-05,7.905e-05,6.701e-05,5.566e-05,4.405e-05,3.538e-05,2.72e-05,2.022e-05,1.473e-05,1.046e-05,7.367e-06,5.715e-06,4.834e-06,4.114e-06,3.243e-06,3.385e-06,3.283e-06,3.364e-06,3.081e-06,3.222e-06,2.878e-06,2.412e-06,2.777e-06,2.199e-06,2.27e-06,2.392e-06
0.0002709,0.000311,0.0002945,0.000336,0.000335,0.0003356,0.000338,0.0003455,0.0003308,0.0003245,0.0003256,0.0003286,0.0003177,0.0002977,0.0002764,0.0002511,0.0002217,0.0002066,0.0001811,0.0001592,0.0001428,0.0001239,0.0001073,9.108e-05,8.029e-05,6.579e-05,5.462e-05,4.494e-05,3.572e-05,2.689e-05,2.112e-05,1.431e-05,1.013e-05,7.073e-06,5.655e-06,4.418e-06,4.084e-06,3.334e-06,3.871e-06,3.678e-06,3.304e-06,3.445e-06,2.959e-06,2.635e-06,2.523e-06,2.25e-06,2.3e-06,2.351e-06,2.29e-06
0.0002553,0.0002935,0.0002847,0.0003262,0.0003193,0.000332,0.0003325,0.0003361,0.0003258,0.0003235,0.0003221,0.0003283,0.000324,0.0003015,0.0002796,0.0002533,0.0002237,0.0002046,0.0001809,0.0001612,0.0001417,0.0001222,0.0001074,9.37e-05,7.875e-05,6.552e-05,5.255e-05,4.496e-05,3.422e-05,2.665e-05,1.973e-05,1.469e-05,9.971e-06,7.701e-06,5.543e-06,4.357e-06,3.749e-06,3.526e-06,3.699e-06,3.689e-06,3.496e-06,3.415e-06,2.635e-06,2.604e-06,2.422e-06,2.888e-06,2.574e-06,2.462e-06,2.533e-06
0.0002659,0.000308,0.0002956,0.0003366,0.0003305,0.0003343,0.0003362,0.0003465,0.0003296,0.0003263,0.0003257,0.0003277,0.0003251,0.0002988,0.0002769,0.0002492,0.0002241,0.0002033,0.0001788,0.0001623,0.0001427,0.0001221,0.0001057,9.105e-05,7.939e-05,6.606e-05,5.44e-05,4.367e-05,3.469e-05,2.746e-05,1.954e-05,1.454e-05,1.049e-05,7.023e-06,5.796e-06,4.368e-06,3.962e-06,3.891e-06,3.577e-06,3.182e-06,3.526e-06,3.233e-06,3.01e-06,2.929e-06,2.371e-06,2.544e-06,2.351e-06,2.25e-06,2.371e-06
0.0002626,0.0003049,0.0002922,0.0003343,0.0003274,0.0003341,0.0003371,0.000342,0.0003314,0.0003241,0.0003273,0.0003282,0.0003189,0.0002984,0.0002765,0.0002488,0.0002213,0.0002012,0.0001796,0.0001591,0.0001422,0.0001225,0.0001091,9.19e-05,7.886e-05,6.653e-05,5.494e-05,4.4e-05,3.452e-05,2.634e-05,2.072e-05,1.419e-05,1.034e-05,6.901e-06,5.715e-06,4.763e-06,3.881e-06,3.851e-06,3.405e-06,3.364e-06,3.293e-06,3.152e-06,2.989e-06,2.858e-06,2.655e-06,2.321e-06,2.462e-06,2.402e-06,2.797e-06
0.0002691,0.000308,0.0002955,0.0003404,0.0003341,0.0003382,0.0003367,0.0003447,0.0003274,0.0003219,0.0003268,0.0003314,0.000322,0.000301,0.0002774,0.0002545,0.000222,0.0002012,0.000181,0.0001613,0.0001422,0.0001242,0.000107,9.265e-05,8e-05,6.595e-05,5.411e-05,4.503e-05,3.564e-05,2.705e-05,2.009e-05,1.424e-05,1.06e-05,7.58e-06,5.29e-06,4.54e-06,4.013e-06,3.476e-06,3.314e-06,3.182e-06,3.141e-06,2.878e-06,2.888e-06,2.726e-06,2.675e-06,2.483e-06,2.199e-06,2.635e-06,2.361e-06
0,0,0,0,0,0,0,0,0,0,0,0,0,0,0,0,0,0,0,0,0,0,0,0,0,0,0,0,0,0,0,0,0,0,0,0,0,0,0,0,0,0,0,0,0,0,0,0,0
3rd quartile
1.326e+12,1.463e+12,1.612e+12,1.777e+12,1.963e+12,2.164e+12,2.388e+12,2.637e+12,2.913e+12,3.216e+12,3.552e+12,3.92e+12,4.323e+12,4.766e+12,5.261e+12,5.808e+12,6.406e+12,7.072e+12,7.804e+12,8.61e+12,9.504e+12,1.05e+13,1.157e+13,1.277e+13,1.412e+13,1.555e+13,1.719e+13,1.894e+13,2.089e+13,2.309e+13,2.549e+13,2.822e+13,3.114e+13,3.435e+13,3.794e+13,4.182e+13,4.612e+13,5.101e+13,5.612e+13,6.201e+13,6.86e+13,7.558e+13,8.34e+13,9.208e+13,1.016e+14,1.125e+14,1.236e+14,1.367e+14,1.508e+14
0.0004334,0.0004797,0.0004386,0.000475,0.0004379,0.0004143,0.0003897,0.0003644,0.0003306,0.0003036,0.0002769,0.0002643,0.0002479,0.0002208,0.0001907,0.0001599,0.0001316,0.0001147,9.369e-05,7.788e-05,6.431e-05,5.175e-05,4.26e-05,3.38e-05,2.68e-05,2.167e-05,1.569e-05,1.195e-05,7.904e-06,5.959e-06,4.702e-06,3.364e-06,2.858e-06,2.604e-06,2.24e-06,2.3e-06,1.895e-06,2.118e-06,2.098e-06,2.24e-06,1.956e-06,1.956e-06,1.834e-06,1.875e-06,1.601e-06,1.155e-06,1.5e-06,1.327e-06,1.216e-06
0.0004469,0.0004894,0.000445,0.0004737,0.0004377,0.0004124,0.0003867,0.0003639,0.0003292,0.0003027,0.0002786,0.0002633,0.0002481,0.0002177,0.0001918,0.0001619,0.0001347,0.0001144,9.58e-05,7.953e-05,6.474e-05,5.379e-05,4.281e-05,3.59e-05,2.706e-05,2.122e-05,1.651e-05,1.196e-05,8.715e-06,6.556e-06,4.499e-06,3.466e-06,3.06e-06,2.493e-06,2.442e-06,2.118e-06,1.996e-06,2.219e-06,2.017e-06,1.966e-06,2.077e-06,1.865e-06,1.804e-06,1.52e-06,1.49e-06,1.753e-06,1.297e-06,1.398e-06,1.317e-06
0.000449,0.0004915,0.0004492,0.0004767,0.0004386,0.0004144,0.000389,0.0003684,0.0003316,0.0003037,0.000282,0.0002623,0.0002495,0.0002216,0.0001896,0.0001626,0.0001361,0.000115,9.527e-05,8.025e-05,6.551e-05,5.445e-05,4.351e-05,3.566e-05,2.72e-05,2.128e-05,1.635e-05,1.2e-05,9.11e-06,6.516e-06,4.337e-06,3.506e-06,2.949e-06,2.28e-06,2.219e-06,2.067e-06,2.108e-06,2.067e-06,2.027e-06,1.854e-06,1.662e-06,2.209e-06,1.844e-06,1.844e-06,1.52e-06,1.5e-06,1.51e-06,1.267e-06,1.013e-06
0.000448,0.0004901,0.0004451,0.0004739,0.0004393,0.0004188,0.0003866,0.0003658,0.000333,0.0003039,0.0002846,0.000263,0.0002473,0.0002191,0.00019,0.0001612,0.0001332,0.0001132,9.424e-05,7.783e-05,6.447e-05,5.127e-05,4.339e-05,3.419e-05,2.761e-05,2.128e-05,1.664e-05,1.206e-05,9.12e-06,6.04e-06,4.661e-06,3.03e-06,2.554e-06,2.462e-06,2.118e-06,2.229e-06,2.118e-06,1.946e-06,2.26e-06,2.077e-06,2.199e-06,1.875e-06,1.915e-06,1.875e-06,1.642e-06,1.49e-06,1.368e-06,1.317e-06,1.115e-06
0.000441,0.0004893,0.0004411,0.0004767,0.0004367,0.0004158,0.0003876,0.0003672,0.0003306,0.0003062,0.0002817,0.0002652,0.0002479,0.0002195,0.0001895,0.0001598,0.0001348,0.0001135,9.209e-05,7.927e-05,6.524e-05,5.347e-05,4.487e-05,3.464e-05,2.748e-05,2.104e-05,1.553e-05,1.126e-05,8.401e-06,6.506e-06,4.276e-06,3.385e-06,2.827e-06,2.31e-06,2.118e-06,2.31e-06,1.986e-06,1.996e-06,1.996e-06,1.946e-06,1.773e-06,1.794e-06,2.098e-06,1.682e-06,1.682e-06,1.784e-06,1.257e-06,1.449e-06,1.125e-06
0.0004359,0.0004802,0.0004349,0.0004701,0.000433,0.0004161,0.0003852,0.0003675,0.0003348,0.0003059,0.0002788,0.0002642,0.0002475,0.0002197,0.0001899,0.0001614,0.0001339,0.0001129,9.49e-05,7.634e-05,6.35e-05,5.159e-05,4.244e-05,3.392e-05,2.719e-05,2.132e-05,1.545e-05,1.17e-05,8.37e-06,5.705e-06,4.803e-06,3.344e-06,2.554e-06,2.554e-06,2.118e-06,2.098e-06,2.219e-06,2.077e-06,1.692e-06,1.996e-06,2.098e-06,1.854e-06,1.692e-06,1.743e-06,1.51e-06,1.5e-06,1.358e-06,1.277e-06,1.338e-06
0.0004441,0.0004886,0.0004448,0.0004786,0.0004384,0.0004137,0.0003857,0.0003687,0.0003299,0.000299,0.0002819,0.0002657,0.000248,0.0002198,0.0001926,0.0001601,0.0001362,0.0001133,9.476e-05,7.886e-05,6.552e-05,5.39e-05,4.244e-05,3.479e-05,2.741e-05,2.202e-05,1.581e-05,1.241e-05,8.918e-06,6.263e-06,4.803e-06,3.739e-06,2.766e-06,2.229e-06,2.412e-06,2.179e-06,2.128e-06,1.631e-06,2.24e-06,1.905e-06,2.006e-06,2.138e-06,1.875e-06,1.784e-06,1.824e-06,1.611e-06,1.459e-06,1.409e-06,1.094e-06
0.0004383,0.0004846,0.0004407,0.0004733,0.0004358,0.0004148,0.0003868,0.0003682,0.000329,0.0003066,0.0002814,0.000263,0.0002496,0.0002182,0.000189,0.0001604,0.0001328,0.0001135,9.318e-05,7.872e-05,6.396e-05,5.176e-05,4.261e-05,3.328e-05,2.683e-05,2.021e-05,1.58e-05,1.22e-05,8.684e-06,6.05e-06,4.388e-06,3.618e-06,2.594e-06,2.452e-06,1.885e-06,2.067e-06,2.138e-06,2.29e-06,1.996e-06,2.169e-06,1.996e-06,1.946e-06,1.794e-06,1.733e-06,1.55e-06,1.54e-06,1.165e-06,1.175e-06,1.226e-06
0.0004293,0.0004753,0.0004334,0.0004739,0.0004335,0.0004135,0.0003826,0.0003696,0.0003301,0.0003002,0.0002807,0.0002628,0.0002463,0.0002195,0.0001883,0.0001581,0.0001339,0.0001114,9.311e-05,7.736e-05,6.483e-05,5.278e-05,4.334e-05,3.469e-05,2.685e-05,2.03e-05,1.532e-05,1.174e-05,8.259e-06,5.959e-06,4.672e-06,3.567e-06,2.614e-06,2.321e-06,2.29e-06,1.824e-06,2.148e-06,1.966e-06,2.118e-06,2.148e-06,1.682e-06,2.037e-06,1.875e-06,1.682e-06,1.49e-06,1.804e-06,1.358e-06,1.226e-06,1.226e-06
0.0004421,0.0004872,0.0004428,0.0004774,0.0004392,0.0004129,0.0003912,0.0003678,0.0003306,0.0003036,0.0002797,0.0002659,0.0002469,0.0002189,0.0001896,0.000161,0.0001333,0.0001128,9.166e-05,7.85e-05,6.365e-05,5.311e-05,4.222e-05,3.462e-05,2.754e-05,2.13e-05,1.601e-05,1.123e-05,8.117e-06,6.192e-06,4.449e-06,3.861e-06,2.635e-06,2.006e-06,2.209e-06,2.462e-06,2.25e-06,2.25e-06,2.047e-06,1.996e-06,1.895e-06,1.723e-06,1.753e-06,1.723e-06,1.875e-06,1.581e-06,1.297e-06,1.084e-06,1.034e-06
0.0004277,0.0004682,0.0004335,0.0004699,0.0004342,0.000411,0.0003912,0.0003688,0.0003322,0.0003074,0.0002805,0.0002637,0.0002495,0.0002181,0.0001895,0.0001598,0.0001345,0.0001112,9.332e-05,7.721e-05,6.552e-05,5.113e-05,4.25e-05,3.387e-05,2.634e-05,2.12e-05,1.485e-05,1.186e-05,8.725e-06,6.344e-06,4.297e-06,3.202e-06,3.01e-06,2.432e-06,2.138e-06,1.996e-06,2.017e-06,2.098e-06,2.098e-06,2.118e-06,1.925e-06,2.057e-06,1.773e-06,1.905e-06,1.631e-06,1.601e-06,1.246e-06,1.246e-06,1.074e-06
0.0004387,0.0004854,0.0004455,0.0004754,0.0004346,0.0004144,0.0003887,0.0003701,0.000332,0.0003037,0.0002802,0.000262,0.0002484,0.0002199,0.000191,0.0001605,0.0001364,0.0001146,9.273e-05,7.803e-05,6.387e-05,5.339e-05,4.261e-05,3.439e-05,2.726e-05,2.153e-05,1.684e-05,1.226e-05,8.583e-06,6.111e-06,4.205e-06,3.516e-06,3.03e-06,2.625e-06,2.047e-06,2.209e-06,2.483e-06,2.31e-06,2.037e-06,2.027e-06,1.936e-06,1.844e-06,1.773e-06,1.844e-06,1.814e-06,1.378e-06,1.348e-06,1.216e-06,1.105e-06
0.0004467,0.0004942,0.0004496,0.0004817,0.0004384,0.0004165,0.0003871,0.0003663,0.0003281,0.0003052,0.0002819,0.0002635,0.0002477,0.0002185,0.0001905,0.0001603,0.0001362,0.000116,9.297e-05,7.972e-05,6.46e-05,5.403e-05,4.334e-05,3.444e-05,2.724e-05,2.218e-05,1.594e-05,1.19e-05,8.603e-06,6.769e-06,4.763e-06,3.435e-06,2.554e-06,2.442e-06,2.402e-06,2.027e-06,2.179e-06,2.017e-06,1.885e-06,2.017e-06,1.986e-06,2.108e-06,1.976e-06,1.804e-06,1.794e-06,1.317e-06,1.348e-06,1.094e-06,1.307e-06
0.0004243,0.0004682,0.0004309,0.0004664,0.0004314,0.0004115,0.0003865,0.0003683,0.000329,0.0003043,0.0002803,0.0002638,0.0002512,0.0002181,0.0001899,0.0001596,0.0001347,0.0001135,9.213e-05,7.691e-05,6.346e-05,5.148e-05,4.187e-05,3.35e-05,2.596e-05,1.949e-05,1.507e-05,1.134e-05,8.664e-06,5.888e-06,4.378e-06,3.263e-06,2.696e-06,2.027e-06,2.077e-06,1.936e-06,2.006e-06,2.219e-06,1.854e-06,2.006e-06,2.077e-06,2.199e-06,1.601e-06,1.804e-06,1.672e-06,1.469e-06,1.55e-06,1.611e-06,1.094e-06
0.0004434,0.0004872,0.0004444,0.0004754,0.000431,0.0004199,0.0003896,0.0003679,0.0003302,0.0003012,0.0002784,0.0002653,0.0002466,0.0002216,0.0001895,0.0001631,0.0001347,0.0001127,9.407e-05,7.83e-05,6.548e-05,5.307e-05,4.196e-05,3.51e-05,2.729e-05,2.237e-05,1.663e-05,1.187e-05,7.894e-06,6.07e-06,4.56e-06,3.354e-06,2.756e-06,2.746e-06,2.351e-06,2.26e-06,2.31e-06,1.895e-06,2.189e-06,2.179e-06,1.865e-06,2.077e-06,1.784e-06,1.814e-06,1.55e-06,1.5e-06,1.479e-06,1.226e-06,1.135e-06
0.0004447,0.0004889,0.0004447,0.000477,0.0004377,0.0004143,0.0003858,0.0003688,0.0003311,0.0003067,0.0002806,0.0002642,0.0002474,0.0002225,0.0001893,0.0001608,0.0001339,0.000113,9.586e-05,7.878e-05,6.662e-05,5.165e-05,4.304e-05,3.476e-05,2.759e-05,2.053e-05,1.548e-05,1.289e-05,8.076e-06,6.202e-06,4.134e-06,3.374e-06,2.959e-06,2.503e-06,2.523e-06,2.158e-06,1.905e-06,2.067e-06,2.067e-06,1.895e-06,2.118e-06,1.591e-06,1.905e-06,1.865e-06,1.571e-06,1.753e-06,1.419e-06,1.327e-06,1.267e-06
0.0004373,0.0004856,0.0004425,0.0004748,0.0004365,0.0004131,0.000389,0.0003682,0.000327,0.0003062,0.0002764,0.0002626,0.0002471,0.0002187,0.0001909,0.0001576,0.0001317,0.0001136,9.402e-05,7.762e-05,6.542e-05,5.245e-05,4.303e-05,3.49e-05,2.64e-05,2.088e-05,1.572e-05,1.192e-05,8.522e-06,6.171e-06,4.479e-06,3.537e-06,2.878e-06,2.493e-06,2.057e-06,2.037e-06,1.966e-06,2.037e-06,1.895e-06,1.956e-06,2.148e-06,1.946e-06,1.905e-06,1.966e-06,1.753e-06,1.5e-06,1.429e-06,1.267e-06,1.044e-06
0.000429,0.0004801,0.0004394,0.0004713,0.0004362,0.000412,0.0003867,0.0003695,0.0003262,0.0003036,0.0002807,0.0002609,0.0002466,0.000219,0.0001873,0.0001591,0.0001317,0.0001136,9.301e-05,7.873e-05,6.599e-05,5.135e-05,4.316e-05,3.341e-05,2.674e-05,2.137e-05,1.617e-05,1.172e-05,8.614e-06,5.857e-06,4.459e-06,3.476e-06,2.625e-06,2.169e-06,2.27e-06,2.037e-06,2.098e-06,2.027e-06,1.966e-06,2.027e-06,2.148e-06,1.662e-06,1.784e-06,1.763e-06,1.378e-06,1.5e-06,1.409e-06,1.175e-06,1.236e-06
0.0004333,0.0004823,0.0004378,0.0004728,0.0004316,0.0004145,0.0003857,0.0003675,0.0003326,0.0003065,0.0002836,0.0002668,0.0002482,0.0002202,0.0001885,0.0001617,0.0001318,0.0001125,9.282e-05,7.878e-05,6.565e-05,5.357e-05,4.244e-05,3.487e-05,2.666e-05,2.091e-05,1.539e-05,1.177e-05,8.198e-06,6.242e-06,4.641e-06,3.141e-06,2.462e-06,2.392e-06,2.027e-06,2.088e-06,2.209e-06,2.057e-06,1.753e-06,2.047e-06,1.733e-06,1.946e-06,1.834e-06,1.875e-06,1.53e-06,1.419e-06,1.186e-06,1.398e-06,1.206e-06
0.0004384,0.0004849,0.0004423,0.0004735,0.0004327,0.0004146,0.0003891,0.0003696,0.0003307,0.0003027,0.0002816,0.0002644,0.0002461,0.0002189,0.0001879,0.0001611,0.0001339,0.000112,9.39e-05,7.886e-05,6.67e-05,5.359e-05,4.172e-05,3.372e-05,2.718e-05,2.071e-05,1.528e-05,1.136e-05,8.492e-06,5.969e-06,4.53e-06,3.324e-06,2.594e-06,2.402e-06,1.986e-06,1.875e-06,2.108e-06,1.915e-06,1.996e-06,1.996e-06,2.057e-06,1.753e-06,1.936e-06,1.966e-06,1.773e-06,1.469e-06,1.398e-06,1.51e-06,1.175e-06
0.0004314,0.0004768,0.0004357,0.0004728,0.0004332,0.0004133,0.0003895,0.000369,0.0003305,0.000305,0.0002817,0.000266,0.0002484,0.00022,0.0001879,0.0001584,0.0001334,0.0001133,9.212e-05,7.975e-05,6.47e-05,5.304e-05,4.156e-05,3.456e-05,2.695e-05,2.121e-05,1.564e-05,1.116e-05,8.097e-06,6.04e-06,4.175e-06,3.648e-06,2.554e-06,2.503e-06,2.351e-06,2.169e-06,2.027e-06,1.996e-06,2.057e-06,1.915e-06,1.915e-06,1.996e-06,2.098e-06,1.642e-06,1.49e-06,1.226e-06,1.5e-06,1.196e-06,1.003e-06
0.0004413,0.0004846,0.0004429,0.0004788,0.0004345,0.0004155,0.0003872,0.0003677,0.0003291,0.0003011,0.0002782,0.0002632,0.0002436,0.0002178,0.0001909,0.0001623,0.000135,0.0001127,9.461e-05,7.785e-05,6.623e-05,5.137e-05,4.265e-05,3.335e-05,2.815e-05,2.14e-05,1.574e-05,1.218e-05,8.745e-06,6.04e-06,4.53e-06,3.304e-06,2.837e-06,2.371e-06,2.24e-06,2.351e-06,1.885e-06,1.996e-06,1.966e-06,1.956e-06,1.966e-06,1.794e-06,1.702e-06,1.611e-06,1.54e-06,1.338e-06,1.257e-06,1.429e-06,1.074e-06
0.0004448,0.0004874,0.0004457,0.0004764,0.0004387,0.0004172,0.0003872,0.000368,0.0003296,0.0003029,0.0002803,0.0002627,0.0002473,0.0002208,0.0001904,0.0001573,0.0001323,0.0001122,9.215e-05,7.723e-05,6.571e-05,5.256e-05,4.4e-05,3.497e-05,2.795e-05,2.171e-05,1.654e-05,1.232e-05,8.299e-06,6.708e-06,4.57e-06,3.547e-06,2.675e-06,2.392e-06,2.27e-06,2.118e-06,2.179e-06,1.946e-06,2.179e-06,1.834e-06,1.956e-06,1.956e-06,1.956e-06,1.844e-06,1.692e-06,1.49e-06,1.297e-06,1.216e-06,1.155e-06
0.0004406,0.0004877,0.0004475,0.0004765,0.0004383,0.000415,0.0003893,0.0003657,0.0003289,0.0003046,0.0002788,0.0002631,0.0002467,0.0002179,0.0001902,0.0001595,0.0001355,0.0001129,9.341e-05,7.914e-05,6.357e-05,5.346e-05,4.261e-05,3.456e-05,2.833e-05,2.103e-05,1.609e-05,1.23e-05,8.755e-06,6.465e-06,4.509e-06,3.567e-06,2.746e-06,2.229e-06,2.462e-06,2.077e-06,2.088e-06,1.946e-06,1.865e-06,1.784e-06,1.915e-06,1.824e-06,1.794e-06,1.713e-06,1.672e-06,1.479e-06,1.398e-06,1.105e-06,1.378e-06
0.0004365,0.0004798,0.0004384,0.0004716,0.0004391,0.0004123,0.0003871,0.0003671,0.0003293,0.0003051,0.0002817,0.0002667,0.0002471,0.000219,0.0001902,0.0001616,0.000133,0.0001141,9.3e-05,7.821e-05,6.477e-05,5.345e-05,4.347e-05,3.359e-05,2.761e-05,2.129e-05,1.595e-05,1.201e-05,8.127e-06,6.425e-06,4.631e-06,3.506e-06,2.371e-06,2.564e-06,2.138e-06,2.027e-06,2.057e-06,2.219e-06,2.098e-06,2.28e-06,2.067e-06,1.865e-06,1.875e-06,1.702e-06,1.753e-06,1.53e-06,1.378e-06,1.338e-06,1.125e-06
0.0004333,0.0004781,0.0004336,0.0004701,0.00043,0.0004155,0.0003873,0.0003687,0.0003311,0.0003038,0.0002829,0.000262,0.0002451,0.0002189,0.00019,0.0001606,0.0001342,0.0001131,9.347e-05,7.625e-05,6.474e-05,5.276e-05,4.311e-05,3.404e-05,2.61e-05,2.128e-05,1.538e-05,1.151e-05,8.451e-06,6.06e-06,4.337e-06,3.02e-06,2.766e-06,2.321e-06,2.118e-06,2.179e-06,2.179e-06,1.865e-06,2.118e-06,1.956e-06,1.946e-06,2.158e-06,1.905e-06,1.672e-06,1.642e-06,1.611e-06,1.398e-06,1.226e-06,1.317e-06
0.0004257,0.0004768,0.0004385,0.0004657,0.0004322,0.0004137,0.0003878,0.0003697,0.0003262,0.0003072,0.0002827,0.0002619,0.0002475,0.0002183,0.0001878,0.0001585,0.0001327,0.0001125,9.278e-05,7.732e-05,6.347e-05,5.126e-05,4.256e-05,3.351e-05,2.672e-05,2.066e-05,1.625e-05,1.162e-05,8.431e-06,6.516e-06,4.256e-06,3.334e-06,2.594e-06,2.523e-06,2.351e-06,2.077e-06,2.108e-06,2.179e-06,1.925e-06,2.158e-06,1.794e-06,1.834e-06,1.865e-06,1.753e-06,1.702e-06,1.5e-06,1.348e-06,1.307e-06,1.175e-06
0.0004447,0.0004829,0.0004426,0.0004758,0.000433,0.0004124,0.0003897,0.0003693,0.0003296,0.0003039,0.0002811,0.0002622,0.0002428,0.000219,0.0001904,0.0001601,0.0001335,0.0001138,9.362e-05,7.861e-05,6.581e-05,5.309e-05,4.311e-05,3.414e-05,2.796e-05,2.099e-05,1.67e-05,1.17e-05,8.33e-06,6.07e-06,4.651e-06,2.888e-06,2.787e-06,2.675e-06,2.483e-06,2.057e-06,2.088e-06,1.996e-06,2.138e-06,1.753e-06,1.925e-06,1.824e-06,1.976e-06,1.713e-06,1.733e-06,1.449e-06,1.55e-06,1.307e-06,1.084e-06
0.0004368,0.0004818,0.0004414,0.0004747,0.0004351,0.0004179,0.0003852,0.0003692,0.0003298,0.0003038,0.0002802,0.0002617,0.0002484,0.0002207,0.0001888,0.0001606,0.0001323,0.0001124,9.316e-05,7.755e-05,6.483e-05,5.276e-05,4.256e-05,3.449e-05,2.689e-05,2.074e-05,1.596e-05,1.228e-05,8.411e-06,6.212e-06,4.54e-06,3.334e-06,2.594e-06,2.513e-06,2.29e-06,2.3e-06,2.138e-06,2.158e-06,1.834e-06,2.077e-06,1.986e-06,1.723e-06,1.743e-06,1.844e-06,1.561e-06,1.449e-06,1.388e-06,1.307e-06,1.236e-06
0.0004477,0.0004907,0.0004467,0.0004776,0.0004412,0.0004173,0.000387,0.0003693,0.00033,0.000302,0.0002798,0.0002635,0.0002466,0.0002187,0.00019,0.0001618,0.0001344,0.0001142,9.264e-05,7.73e-05,6.398e-05,5.334e-05,4.332e-05,3.438e-05,2.717e-05,2.096e-05,1.554e-05,1.251e-05,8.614e-06,5.776e-06,4.55e-06,3.608e-06,2.594e-06,2.635e-06,2.513e-06,1.996e-06,1.834e-06,1.986e-06,2.128e-06,2.027e-06,2.067e-06,1.905e-06,1.946e-06,1.956e-06,1.591e-06,1.571e-06,1.297e-06,1.267e-06,1.105e-06
0.0004309,0.0004793,0.0004395,0.0004736,0.0004365,0.0004137,0.0003844,0.0003671,0.000328,0.0003037,0.0002822,0.0002632,0.0002496,0.0002217,0.000189,0.0001597,0.0001339,0.0001147,9.244e-05,7.867e-05,6.428e-05,5.178e-05,4.305e-05,3.4e-05,2.693e-05,2.167e-05,1.608e-05,1.192e-05,8.553e-06,6.192e-06,4.499e-06,3.516e-06,2.797e-06,2.402e-06,2.209e-06,2.31e-06,1.854e-06,2.24e-06,1.865e-06,2.027e-06,1.854e-06,1.895e-06,1.915e-06,1.753e-06,1.449e-06,1.439e-06,1.429e-06,1.297e-06,1.236e-06
0.0004369,0.0004829,0.0004422,0.0004733,0.000438,0.0004173,0.00039,0.0003709,0.0003296,0.0003015,0.0002783,0.000267,0.0002482,0.0002173,0.0001885,0.0001601,0.0001323,0.0001129,9.433e-05,7.835e-05,6.494e-05,5.204e-05,4.291e-05,3.364e-05,2.709e-05,2.053e-05,1.602e-05,1.194e-05,8.117e-06,6.07e-06,4.489e-06,3.435e-06,2.584e-06,2.493e-06,2.31e-06,2.027e-06,2.219e-06,2.017e-06,2.037e-06,1.824e-06,1.885e-06,1.753e-06,1.986e-06,1.652e-06,1.875e-06,1.601e-06,1.236e-06,1.115e-06,1.074e-06
0.0004237,0.0004784,0.0004364,0.0004695,0.0004306,0.0004133,0.0003808,0.0003685,0.0003303,0.0003038,0.0002811,0.0002662,0.0002484,0.0002168,0.0001884,0.0001592,0.0001345,0.0001144,9.311e-05,7.768e-05,6.408e-05,5.181e-05,4.211e-05,3.415e-05,2.631e-05,2.059e-05,1.595e-05,1.158e-05,7.904e-06,6.232e-06,4.084e-06,3.405e-06,2.797e-06,2.392e-06,2.26e-06,2.027e-06,2.361e-06,1.956e-06,1.966e-06,2.179e-06,1.723e-06,1.885e-06,1.763e-06,1.743e-06,1.52e-06,1.621e-06,1.125e-06,1.388e-06,1.257e-06
0.000453,0.000492,0.0004478,0.0004825,0.0004386,0.0004142,0.000385,0.0003684,0.0003298,0.0003029,0.0002799,0.0002651,0.0002474,0.0002168,0.0001902,0.0001638,0.0001351,0.000115,9.491e-05,7.897e-05,6.752e-05,5.296e-05,4.294e-05,3.497e-05,2.7e-05,2.171e-05,1.647e-05,1.237e-05,9.13e-06,6.607e-06,4.104e-06,3.182e-06,2.878e-06,2.098e-06,2.392e-06,2.148e-06,2.442e-06,2.088e-06,2.148e-06,1.834e-06,1.743e-06,1.854e-06,1.834e-06,2.088e-06,1.642e-06,1.449e-06,1.327e-06,1.226e-06,1.358e-06
0.0004449,0.0004902,0.0004433,0.0004796,0.0004396,0.0004157,0.0003839,0.0003741,0.0003302,0.0003036,0.0002774,0.0002645,0.0002479,0.0002192,0.0001916,0.0001577,0.0001336,0.0001145,9.648e-05,7.739e-05,6.598e-05,5.255e-05,4.25e-05,3.48e-05,2.722e-05,2.192e-05,1.673e-05,1.153e-05,8.36e-06,6.181e-06,4.52e-06,3.922e-06,2.766e-06,2.604e-06,1.925e-06,2.017e-06,1.996e-06,1.976e-06,1.936e-06,2.027e-06,2.219e-06,2.067e-06,1.854e-06,1.996e-06,1.804e-06,1.611e-06,1.409e-06,9.728e-07,1.064e-06
0.0004518,0.0004968,0.0004467,0.0004794,0.0004413,0.0004145,0.0003863,0.0003669,0.000331,0.0003027,0.0002825,0.0002628,0.0002465,0.0002191,0.0001892,0.0001582,0.0001341,0.0001153,9.299e-05,7.841e-05,6.721e-05,5.332e-05,4.312e-05,3.534e-05,2.723e-05,2.138e-05,1.575e-05,1.189e-05,8.826e-06,6.536e-06,4.793e-06,3.942e-06,2.827e-06,2.483e-06,2.533e-06,2.006e-06,1.986e-06,2.229e-06,2.037e-06,1.834e-06,1.966e-06,1.956e-06,2.128e-06,1.692e-06,1.702e-06,1.814e-06,1.388e-06,1.013e-06,1.044e-06
0.0004465,0.0004864,0.0004416,0.0004738,0.000437,0.000416,0.0003913,0.0003676,0.000328,0.0003032,0.0002804,0.000265,0.000249,0.0002187,0.0001901,0.0001611,0.0001358,0.000115,9.401e-05,7.921e-05,6.507e-05,5.311e-05,4.373e-05,3.546e-05,2.697e-05,2.131e-05,1.691e-05,1.246e-05,8.624e-06,6.232e-06,4.631e-06,3.121e-06,2.898e-06,2.523e-06,2.25e-06,1.834e-06,1.986e-06,1.976e-06,1.936e-06,1.743e-06,1.986e-06,1.865e-06,1.834e-06,1.591e-06,1.875e-06,1.348e-06,1.358e-06,1.409e-06,1.115e-06
0.0004412,0.0004876,0.0004422,0.0004732,0.0004356,0.0004171,0.0003867,0.0003683,0.0003343,0.0003037,0.000282,0.0002628,0.0002475,0.00022,0.0001875,0.0001617,0.0001335,0.0001127,9.269e-05,7.683e-05,6.589e-05,5.191e-05,4.298e-05,3.474e-05,2.674e-05,2.116e-05,1.539e-05,1.242e-05,8.522e-06,6.181e-06,5.178e-06,3.456e-06,2.858e-06,2.564e-06,2.148e-06,2.037e-06,2.006e-06,2.179e-06,2.321e-06,2.027e-06,1.865e-06,1.814e-06,1.844e-06,1.662e-06,1.702e-06,1.652e-06,1.277e-06,1.246e-06,1.257e-06
0.0004459,0.0004878,0.0004445,0.0004775,0.0004393,0.0004211,0.0003871,0.0003675,0.0003289,0.0003039,0.0002821,0.0002693,0.000248,0.0002171,0.00019,0.0001619,0.0001335,0.000115,9.51e-05,7.847e-05,6.565e-05,5.345e-05,4.38e-05,3.588e-05,2.736e-05,2.103e-05,1.695e-05,1.232e-05,8.938e-06,6.455e-06,4.368e-06,3.405e-06,2.878e-06,2.523e-06,2.199e-06,2.321e-06,2.077e-06,1.915e-06,1.905e-06,1.996e-06,1.875e-06,2.209e-06,1.824e-06,1.692e-06,1.621e-06,1.601e-06,1.419e-06,1.459e-06,1.064e-06
0.0004451,0.0004877,0.0004433,0.0004774,0.000434,0.0004135,0.0003885,0.0003678,0.0003305,0.0003049,0.0002829,0.0002653,0.0002444,0.0002177,0.000189,0.0001612,0.0001343,0.0001158,9.389e-05,7.836e-05,6.547e-05,5.188e-05,4.361e-05,3.419e-05,2.706e-05,2.059e-05,1.635e-05,1.216e-05,8.776e-06,6.607e-06,4.611e-06,3.405e-06,2.685e-06,2.361e-06,2.098e-06,1.865e-06,2.331e-06,2.31e-06,1.996e-06,1.895e-06,1.956e-06,1.966e-06,1.672e-06,1.844e-06,1.743e-06,1.469e-06,1.327e-06,1.317e-06,1.125e-06
0.0004278,0.0004775,0.0004364,0.0004679,0.0004323,0.0004179,0.0003887,0.0003635,0.0003327,0.0003062,0.0002838,0.0002636,0.0002467,0.0002199,0.0001914,0.0001565,0.0001332,0.0001119,9.348e-05,7.607e-05,6.321e-05,5.16e-05,4.25e-05,3.431e-05,2.563e-05,1.988e-05,1.519e-05,1.14e-05,8.725e-06,6.131e-06,4.52e-06,3.141e-06,2.777e-06,2.655e-06,2.158e-06,2.27e-06,2.098e-06,2.26e-06,1.925e-06,1.956e-06,1.895e-06,1.642e-06,1.905e-06,1.713e-06,1.53e-06,1.642e-06,1.469e-06,1.297e-06,9.931e-07
0.0004435,0.0004881,0.0004439,0.0004779,0.0004358,0.0004156,0.0003849,0.0003671,0.0003315,0.0003038,0.0002805,0.0002639,0.0002489,0.0002203,0.0001871,0.0001581,0.0001332,0.0001146,9.261e-05,7.943e-05,6.48e-05,5.249e-05,4.287e-05,3.437e-05,2.789e-05,2.148e-05,1.618e-05,1.131e-05,8.816e-06,6.242e-06,4.469e-06,3.618e-06,2.645e-06,2.452e-06,2.422e-06,1.976e-06,2.057e-06,2.28e-06,1.814e-06,2.371e-06,1.895e-06,1.976e-06,1.662e-06,1.5e-06,1.753e-06,1.561e-06,1.439e-06,1.449e-06,8.614e-07
0.0004369,0.0004873,0.0004383,0.0004744,0.0004387,0.000412,0.000388,0.0003686,0.0003343,0.0003021,0.0002783,0.0002617,0.0002479,0.0002163,0.0001879,0.0001595,0.0001342,0.0001129,9.428e-05,7.846e-05,6.386e-05,5.327e-05,4.23e-05,3.505e-05,2.639e-05,2.127e-05,1.561e-05,1.188e-05,8.279e-06,6.283e-06,4.641e-06,3.456e-06,2.908e-06,2.625e-06,2.341e-06,1.936e-06,2.057e-06,1.875e-06,2.118e-06,1.723e-06,1.976e-06,1.682e-06,1.854e-06,1.702e-06,1.794e-06,1.672e-06,1.581e-06,1.317e-06,1.378e-06
0.0004481,0.0004956,0.0004433,0.0004754,0.0004381,0.0004159,0.0003854,0.0003663,0.0003268,0.0003003,0.000281,0.0002643,0.0002459,0.0002171,0.0001899,0.0001598,0.0001328,0.0001142,9.346e-05,7.718e-05,6.534e-05,5.349e-05,4.356e-05,3.475e-05,2.735e-05,2.135e-05,1.659e-05,1.209e-05,8.857e-06,6.06e-06,4.459e-06,3.395e-06,2.574e-06,2.27e-06,2.28e-06,2.027e-06,2.158e-06,1.976e-06,2.199e-06,2.027e-06,2.209e-06,1.814e-06,2.047e-06,1.52e-06,1.571e-06,1.591e-06,1.378e-06,1.236e-06,1.246e-06
0,0,0,0,0,0,0,0,0,0,0,0,0,0,0,0,0,0,0,0,0,0,0,0,0,0,0,0,0,0,0,0,0,0,0,0,0,0,0,0,0,0,0,0,0,0,0,0,0
4th quartile
1.325e+12,1.463e+12,1.611e+12,1.775e+12,1.961e+12,2.163e+12,2.387e+12,2.635e+12,2.911e+12,3.214e+12,3.55e+12,3.919e+12,4.321e+12,4.767e+12,5.261e+12,5.808e+12,6.399e+12,7.071e+12,7.799e+12,8.605e+12,9.494e+12,1.049e+13,1.158e+13,1.276e+13,1.408e+13,1.557e+13,1.721e+13,1.893e+13,2.084e+13,2.306e+13,2.539e+13,2.824e+13,3.116e+13,3.433e+13,3.781e+13,4.175e+13,4.621e+13,5.108e+13,5.62e+13,6.207e+13,6.854e+13,7.584e+13,8.367e+13,9.223e+13,1.009e+14,1.122e+14,1.242e+14,1.369e+14,1.499e+14
0.0006193,0.0006677,0.0005778,0.0005834,0.0004958,0.0004374,0.0003789,0.0003352,0.0002792,0.0002385,0.0002046,0.0001774,0.000162,0.0001401,0.0001179,9.349e-05,7.538e-05,5.714e-05,4.352e-05,3.324e-05,2.471e-05,1.892e-05,1.366e-05,9.769e-06,6.992e-06,4.976e-06,3.182e-06,2.26e-06,1.449e-06,1.175e-06,9.323e-07,9.019e-07,5.675e-07,8.512e-07,7.499e-07,8.107e-07,7.803e-07,6.992e-07,8.107e-07,7.904e-07,8.614e-07,9.12e-07,7.093e-07,8.614e-07,6.587e-07,7.904e-07,5.472e-07,5.573e-07,4.459e-07
0.0006199,0.0006712,0.0005801,0.0005873,0.0004953,0.0004407,0.0003781,0.000336,0.0002827,0.0002415,0.0002078,0.0001819,0.0001674,0.0001424,0.0001196,9.495e-05,7.478e-05,5.976e-05,4.412e-05,3.439e-05,2.7e-05,1.964e-05,1.384e-05,1.057e-05,7.134e-06,4.661e-06,3.648e-06,2.29e-06,1.54e-06,1.054e-06,8.411e-07,9.323e-07,8.107e-07,8.411e-07,8.614e-07,7.296e-07,8.411e-07,6.992e-07,9.424e-07,7.904e-07,8.512e-07,7.701e-07,6.789e-07,6.789e-07,6.08e-07,5.979e-07,6.789e-07,5.979e-07,4.763e-07
0.000631,0.0006712,0.0005773,0.0005835,0.000502,0.0004395,0.0003822,0.0003399,0.0002857,0.0002436,0.0002079,0.0001828,0.0001643,0.0001437,0.0001211,9.519e-05,7.394e-05,5.905e-05,4.37e-05,3.422e-05,2.652e-05,1.98e-05,1.391e-05,9.971e-06,7.337e-06,5.077e-06,3.131e-06,2.432e-06,1.702e-06,1.216e-06,9.526e-07,8.31e-07,8.005e-07,8.715e-07,8.411e-07,9.323e-07,7.093e-07,5.979e-07,5.675e-07,9.424e-07,8.715e-07,9.222e-07,7.093e-07,6.485e-07,6.891e-07,6.384e-07,6.08e-07,5.168e-07,5.472e-07
0.0006234,0.0006691,0.0005827,0.0005834,0.0004976,0.0004349,0.0003802,0.0003392,0.0002819,0.0002434,0.0002069,0.0001804,0.0001622,0.0001396,0.0001185,9.457e-05,7.433e-05,5.756e-05,4.467e-05,3.298e-05,2.567e-05,1.996e-05,1.307e-05,9.84e-06,7.266e-06,4.661e-06,3.354e-06,2.077e-06,1.52e-06,1.013e-06,1.145e-06,8.918e-07,6.789e-07,7.803e-07,7.195e-07,8.715e-07,7.296e-07,7.701e-07,7.093e-07,7.499e-07,7.397e-07,7.499e-07,7.6e-07,6.789e-07,8.208e-07,7.195e-07,6.587e-07,4.763e-07,5.168e-07
0.0006197,0.0006687,0.0005748,0.000581,0.000501,0.0004389,0.0003824,0.0003371,0.0002825,0.0002409,0.0002077,0.0001799,0.0001633,0.0001418,0.0001175,9.359e-05,7.346e-05,5.859e-05,4.391e-05,3.379e-05,2.628e-05,1.88e-05,1.379e-05,9.992e-06,7.539e-06,5.006e-06,3.212e-06,2.209e-06,1.449e-06,1.064e-06,7.195e-07,7.296e-07,7.093e-07,8.005e-07,8.208e-07,8.816e-07,8.512e-07,7.6e-07,8.31e-07,6.992e-07,9.12e-07,6.587e-07,6.789e-07,6.992e-07,7.701e-07,7.093e-07,5.675e-07,4.864e-07,6.789e-07
0.0006125,0.0006605,0.0005748,0.000585,0.0005003,0.0004367,0.0003761,0.0003341,0.0002786,0.0002406,0.0002065,0.0001806,0.000163,0.000137,0.000116,9.299e-05,7.317e-05,5.705e-05,4.331e-05,3.295e-05,2.555e-05,1.804e-05,1.317e-05,9.596e-06,6.81e-06,4.844e-06,3.141e-06,2.179e-06,1.55e-06,1.125e-06,9.323e-07,9.424e-07,8.512e-07,6.384e-07,6.688e-07,7.093e-07,9.12e-07,7.093e-07,7.397e-07,6.485e-07,7.195e-07,8.512e-07,5.877e-07,8.005e-07,6.587e-07,6.384e-07,5.269e-07,6.08e-07,5.371e-07
0.0006243,0.0006736,0.0005807,0.000585,0.0004953,0.0004436,0.0003821,0.0003379,0.0002791,0.0002416,0.0002094,0.0001814,0.0001631,0.00014,0.0001183,9.44e-05,7.509e-05,5.911e-05,4.514e-05,3.446e-05,2.638e-05,1.964e-05,1.381e-05,1.021e-05,7.397e-06,4.986e-06,3.496e-06,2.341e-06,1.358e-06,9.424e-07,9.728e-07,8.411e-07,6.485e-07,8.614e-07,7.701e-07,9.12e-07,9.019e-07,8.208e-07,9.83e-07,9.526e-07,9.222e-07,7.904e-07,7.6e-07,7.499e-07,7.803e-07,6.688e-07,5.573e-07,6.485e-07,4.56e-07
0.0006112,0.0006635,0.0005794,0.0005841,0.0004991,0.0004373,0.0003798,0.0003376,0.0002796,0.0002415,0.0002066,0.0001802,0.0001615,0.0001378,0.0001184,9.233e-05,7.251e-05,5.806e-05,4.392e-05,3.293e-05,2.551e-05,1.87e-05,1.407e-05,1.035e-05,7.063e-06,4.357e-06,3.425e-06,2.057e-06,1.53e-06,1.074e-06,8.918e-07,1.034e-06,8.107e-07,6.891e-07,8.512e-07,8.816e-07,7.6e-07,8.816e-07,6.485e-07,7.093e-07,8.411e-07,8.208e-07,9.12e-07,6.891e-07,7.397e-07,7.296e-07,5.877e-07,5.979e-07,3.952e-07
0.0006102,0.0006593,0.0005729,0.0005796,0.0004967,0.000439,0.0003732,0.0003338,0.0002794,0.0002365,0.0002057,0.0001793,0.0001595,0.0001391,0.000117,9.274e-05,7.184e-05,5.854e-05,4.334e-05,3.315e-05,2.483e-05,1.853e-05,1.347e-05,1.031e-05,7.185e-06,4.661e-06,3e-06,2.118e-06,1.55e-06,1.206e-06,8.918e-07,8.107e-07,8.005e-07,6.587e-07,6.992e-07,9.12e-07,8.715e-07,6.485e-07,7.499e-07,8.918e-07,1.013e-06,6.688e-07,7.701e-07,7.296e-07,5.979e-07,5.979e-07,6.384e-07,5.371e-07,4.56e-07
0.0006206,0.0006664,0.0005834,0.0005826,0.000498,0.0004419,0.0003843,0.0003376,0.000281,0.000243,0.0002082,0.0001802,0.0001635,0.0001404,0.0001177,9.343e-05,7.341e-05,5.63e-05,4.461e-05,3.435e-05,2.575e-05,1.911e-05,1.402e-05,9.637e-06,7.387e-06,4.712e-06,2.797e-06,2.067e-06,1.287e-06,1.105e-06,7.701e-07,8.107e-07,7.904e-07,7.296e-07,6.283e-07,8.512e-07,7.6e-07,8.005e-07,7.296e-07,6.992e-07,8.816e-07,7.6e-07,8.411e-07,7.6e-07,7.803e-07,6.485e-07,8.005e-07,5.776e-07,5.877e-07
0.0006125,0.0006638,0.0005723,0.0005803,0.0004956,0.0004347,0.0003792,0.000333,0.0002792,0.0002395,0.0002046,0.0001789,0.0001601,0.0001367,0.0001169,9.135e-05,7.173e-05,5.646e-05,4.262e-05,3.253e-05,2.5e-05,1.807e-05,1.386e-05,9.678e-06,6.982e-06,4.55e-06,3.182e-06,1.794e-06,1.277e-06,1.044e-06,8.614e-07,9.019e-07,7.6e-07,7.499e-07,7.195e-07,9.526e-07,7.701e-07,6.891e-07,1.074e-06,7.093e-07,7.499e-07,8.715e-07,8.614e-07,8.005e-07,7.195e-07,7.296e-07,5.573e-07,4.661e-07,5.979e-07
0.000621,0.0006694,0.0005759,0.0005895,0.0004973,0.0004407,0.0003772,0.0003355,0.0002791,0.0002434,0.0002073,0.0001795,0.0001654,0.0001395,0.0001186,9.288e-05,7.293e-05,5.891e-05,4.472e-05,3.308e-05,2.637e-05,1.949e-05,1.322e-05,1.022e-05,7.083e-06,4.813e-06,3.496e-06,2.28e-06,1.561e-06,1.135e-06,1.023e-06,7.803e-07,8.208e-07,5.776e-07,8.614e-07,8.31e-07,9.019e-07,7.803e-07,9.019e-07,8.715e-07,8.512e-07,8.31e-07,7.499e-07,7.701e-07,7.904e-07,6.587e-07,5.979e-07,5.067e-07,4.56e-07
0.0006265,0.0006733,0.0005828,0.0005864,0.0004993,0.0004428,0.0003805,0.0003378,0.0002794,0.0002426,0.0002093,0.0001823,0.0001671,0.0001427,0.0001189,9.707e-05,7.465e-05,5.939e-05,4.506e-05,3.415e-05,2.596e-05,1.848e-05,1.422e-05,1.035e-05,7.519e-06,5.34e-06,3.202e-06,2.077e-06,1.814e-06,1.307e-06,9.019e-07,9.526e-07,7.6e-07,7.904e-07,8.918e-07,7.701e-07,7.6e-07,9.323e-07,7.904e-07,9.222e-07,8.31e-07,6.891e-07,7.904e-07,7.499e-07,6.08e-07,6.789e-07,5.877e-07,6.08e-07,5.269e-07
0.0006053,0.000658,0.0005724,0.0005814,0.0004991,0.0004387,0.0003752,0.0003324,0.0002755,0.0002362,0.0002032,0.0001777,0.0001568,0.0001355,0.0001124,9.156e-05,7.033e-05,5.616e-05,4.239e-05,3.184e-05,2.414e-05,1.755e-05,1.292e-05,9.566e-06,6.962e-06,4.56e-06,2.949e-06,2.077e-06,1.49e-06,9.323e-07,8.715e-07,8.208e-07,6.485e-07,6.789e-07,8.31e-07,6.789e-07,8.208e-07,8.208e-07,8.411e-07,6.384e-07,6.992e-07,7.803e-07,7.803e-07,7.6e-07,7.6e-07,5.371e-07,4.864e-07,5.675e-07,5.067e-07
0.0006222,0.0006678,0.0005753,0.0005818,0.0005005,0.0004393,0.0003811,0.0003363,0.0002807,0.0002409,0.0002073,0.0001804,0.0001624,0.0001395,0.0001196,9.531e-05,7.406e-05,5.743e-05,4.489e-05,3.419e-05,2.567e-05,1.967e-05,1.378e-05,1.065e-05,6.901e-06,5.28e-06,3.172e-06,2.179e-06,1.652e-06,1.267e-06,7.701e-07,9.627e-07,6.891e-07,8.411e-07,7.499e-07,8.614e-07,5.269e-07,9.019e-07,8.918e-07,7.296e-07,7.499e-07,9.019e-07,9.323e-07,7.701e-07,6.587e-07,6.181e-07,6.181e-07,5.979e-07,5.269e-07
0.0006257,0.0006699,0.0005788,0.0005882,0.0004993,0.0004393,0.0003795,0.000338,0.0002791,0.0002415,0.0002086,0.0001812,0.0001655,0.0001411,0.0001168,9.551e-05,7.448e-05,5.852e-05,4.281e-05,3.319e-05,2.604e-05,1.907e-05,1.411e-05,1.021e-05,7.377e-06,4.976e-06,3.202e-06,2.158e-06,1.621e-06,9.83e-07,1.084e-06,7.397e-07,7.6e-07,7.701e-07,6.485e-07,8.208e-07,7.195e-07,7.6e-07,8.208e-07,6.992e-07,6.789e-07,8.005e-07,8.411e-07,6.283e-07,6.789e-07,6.789e-07,7.195e-07,6.688e-07,4.56e-07
0.0006198,0.0006649,0.0005771,0.0005821,0.0004966,0.0004401,0.0003778,0.0003349,0.0002768,0.0002397,0.0002075,0.0001804,0.0001604,0.0001415,0.0001163,9.447e-05,7.405e-05,5.706e-05,4.359e-05,3.397e-05,2.5e-05,1.868e-05,1.317e-05,9.596e-06,7.479e-06,4.317e-06,3.304e-06,2.158e-06,1.621e-06,1.125e-06,8.005e-07,8.715e-07,9.222e-07,8.31e-07,8.715e-07,7.904e-07,8.411e-07,7.296e-07,8.107e-07,7.093e-07,8.107e-07,8.208e-07,7.093e-07,8.208e-07,7.093e-07,6.587e-07,6.283e-07,5.573e-07,4.763e-07
0.0006133,0.0006629,0.0005743,0.0005815,0.000496,0.0004413,0.0003758,0.0003355,0.0002779,0.0002432,0.0002043,0.0001782,0.00016,0.0001392,0.0001168,9.396e-05,7.205e-05,5.706e-05,4.369e-05,3.427e-05,2.476e-05,1.942e-05,1.359e-05,1.011e-05,6.516e-06,4.651e-06,2.979e-06,2.26e-06,1.682e-06,1.175e-06,9.728e-07,7.397e-07,8.816e-07,9.12e-07,9.019e-07,7.499e-07,6.992e-07,8.816e-07,7.6e-07,8.411e-07,6.789e-07,7.6e-07,6.688e-07,7.296e-07,7.296e-07,5.776e-07,5.067e-07,5.067e-07,5.979e-07
0.0006168,0.0006618,0.0005763,0.0005826,0.0004966,0.0004403,0.0003779,0.0003354,0.0002805,0.0002396,0.0002049,0.0001783,0.0001626,0.0001398,0.0001177,9.413e-05,7.281e-05,5.804e-05,4.346e-05,3.322e-05,2.531e-05,1.746e-05,1.354e-05,9.809e-06,6.769e-06,4.601e-06,3.212e-06,1.865e-06,1.54e-06,1.246e-06,8.208e-07,6.181e-07,6.08e-07,9.526e-07,8.208e-07,7.499e-07,6.587e-07,8.208e-07,7.904e-07,7.296e-07,1.054e-06,6.283e-07,7.397e-07,8.208e-07,6.587e-07,6.688e-07,5.675e-07,6.384e-07,3.952e-07
0.0006211,0.000666,0.0005765,0.0005823,0.0004978,0.0004368,0.0003784,0.0003371,0.0002774,0.0002423,0.0002065,0.0001795,0.000163,0.0001391,0.0001179,9.451e-05,7.347e-05,5.773e-05,4.348e-05,3.316e-05,2.614e-05,1.872e-05,1.349e-05,1.02e-05,7.509e-06,4.753e-06,3.121e-06,2.057e-06,1.611e-06,1.013e-06,8.31e-07,8.512e-07,6.992e-07,7.397e-07,6.587e-07,8.107e-07,6.992e-07,7.499e-07,7.701e-07,9.222e-07,7.904e-07,6.485e-07,7.701e-07,7.397e-07,7.803e-07,7.093e-07,6.181e-07,5.573e-07,5.168e-07
0.0006111,0.0006619,0.000575,0.0005858,0.0004956,0.0004353,0.000379,0.0003334,0.0002801,0.0002384,0.000206,0.0001783,0.0001593,0.000136,0.0001145,9.151e-05,7.35e-05,5.756e-05,4.279e-05,3.278e-05,2.55e-05,1.905e-05,1.391e-05,1.017e-05,7.104e-06,4.844e-06,3.222e-06,2.017e-06,1.652e-06,1.145e-06,9.627e-07,7.803e-07,8.005e-07,7.701e-07,8.512e-07,6.891e-07,6.891e-07,8.005e-07,7.195e-07,7.499e-07,7.803e-07,8.614e-07,6.283e-07,7.093e-07,7.499e-07,4.965e-07,5.776e-07,6.587e-07,4.459e-07
0.0006204,0.0006678,0.00058,0.0005837,0.0004951,0.0004371,0.0003806,0.0003378,0.0002815,0.0002412,0.0002059,0.0001807,0.0001631,0.0001405,0.0001177,9.556e-05,7.383e-05,5.868e-05,4.428e-05,3.387e-05,2.556e-05,1.896e-05,1.407e-05,1.047e-05,6.82e-06,4.732e-06,3.253e-06,2.432e-06,1.642e-06,1.155e-06,9.323e-07,8.918e-07,7.195e-07,7.397e-07,6.789e-07,8.816e-07,9.12e-07,8.005e-07,6.587e-07,9.12e-07,8.107e-07,7.093e-07,6.181e-07,7.499e-07,8.208e-07,7.499e-07,5.573e-07,5.269e-07,4.864e-07
0.0006262,0.0006685,0.0005782,0.0005818,0.0004986,0.0004401,0.0003811,0.0003367,0.0002803,0.0002432,0.0002086,0.0001828,0.0001631,0.0001406,0.0001186,9.502e-05,7.446e-05,5.931e-05,4.488e-05,3.421e-05,2.599e-05,1.977e-05,1.43e-05,1.034e-05,7.468e-06,5.239e-06,3.486e-06,2.138e-06,1.915e-06,1.094e-06,9.526e-07,8.715e-07,7.803e-07,8.107e-07,7.904e-07,9.627e-07,7.803e-07,6.384e-07,8.31e-07,8.107e-07,9.12e-07,8.005e-07,8.107e-07,8.918e-07,6.688e-07,6.789e-07,5.573e-07,5.067e-07,5.979e-07
0.000625,0.0006669,0.0005802,0.0005838,0.0004971,0.0004387,0.0003803,0.0003371,0.0002832,0.0002457,0.0002074,0.000183,0.000164,0.0001404,0.0001183,9.393e-05,7.365e-05,5.802e-05,4.481e-05,3.412e-05,2.538e-05,1.941e-05,1.403e-05,1.008e-05,7.418e-06,4.925e-06,3.354e-06,1.936e-06,1.51e-06,9.728e-07,1.084e-06,7.904e-07,9.222e-07,7.499e-07,7.499e-07,8.31e-07,7.093e-07,8.31e-07,8.614e-07,8.208e-07,7.701e-07,5.675e-07,5.877e-07,8.715e-07,6.384e-07,5.776e-07,7.296e-07,6.992e-07,4.763e-07
0.0006204,0.0006668,0.0005752,0.0005829,0.0004968,0.0004395,0.0003799,0.0003313,0.0002818,0.0002375,0.0002066,0.0001803,0.0001627,0.0001414,0.0001143,9.442e-05,7.306e-05,5.691e-05,4.307e-05,3.468e-05,2.522e-05,1.895e-05,1.357e-05,9.617e-06,6.82e-06,4.702e-06,3.03e-06,2.24e-06,1.54e-06,9.728e-07,9.931e-07,9.222e-07,8.512e-07,6.789e-07,8.107e-07,6.992e-07,7.701e-07,8.005e-07,8.005e-07,8.31e-07,8.816e-07,8.816e-07,7.296e-07,7.499e-07,7.499e-07,8.208e-07,6.08e-07,5.168e-07,4.256e-07
0.0006137,0.0006633,0.0005766,0.0005764,0.0004943,0.0004358,0.0003759,0.0003348,0.0002802,0.0002384,0.0002034,0.0001789,0.0001603,0.0001401,0.0001164,9.178e-05,7.236e-05,5.671e-05,4.262e-05,3.404e-05,2.543e-05,1.85e-05,1.347e-05,9.941e-06,6.698e-06,4.53e-06,3.131e-06,2.158e-06,1.561e-06,9.931e-07,1.003e-06,9.222e-07,7.701e-07,6.688e-07,8.208e-07,7.296e-07,6.688e-07,7.093e-07,7.397e-07,8.715e-07,7.195e-07,7.701e-07,5.979e-07,8.005e-07,6.485e-07,7.499e-07,6.181e-07,4.763e-07,4.661e-07
0.0006093,0.0006597,0.0005757,0.0005833,0.0004934,0.0004383,0.0003794,0.0003334,0.0002771,0.0002397,0.0002029,0.0001791,0.0001577,0.0001383,0.0001157,9.294e-05,7.055e-05,5.607e-05,4.274e-05,3.271e-05,2.499e-05,1.897e-05,1.403e-05,9.799e-06,6.871e-06,4.641e-06,3.253e-06,2.219e-06,1.449e-06,1.094e-06,9.222e-07,7.296e-07,6.789e-07,9.222e-07,6.891e-07,7.296e-07,7.6e-07,8.614e-07,8.411e-07,9.222e-07,7.195e-07,6.587e-07,7.701e-07,5.675e-07,7.701e-07,5.675e-07,6.891e-07,5.573e-07,3.243e-07
0.0006206,0.0006645,0.0005758,0.0005824,0.0004986,0.0004395,0.0003768,0.0003346,0.0002811,0.0002414,0.000208,0.0001792,0.000163,0.000141,0.0001192,9.453e-05,7.32e-05,5.774e-05,4.467e-05,3.345e-05,2.679e-05,1.898e-05,1.429e-05,1.014e-05,7.023e-06,4.813e-06,3.243e-06,2.027e-06,1.672e-06,1.155e-06,7.195e-07,7.499e-07,8.816e-07,8.107e-07,8.614e-07,9.222e-07,7.499e-07,7.397e-07,8.918e-07,5.979e-07,8.715e-07,6.789e-07,6.789e-07,7.6e-07,7.296e-07,7.296e-07,6.688e-07,4.763e-07,5.675e-07
0.0006163,0.0006626,0.0005785,0.0005861,0.0004953,0.0004399,0.0003772,0.0003343,0.0002795,0.0002398,0.0002035,0.000181,0.0001599,0.0001391,0.0001187,9.302e-05,7.304e-05,5.663e-05,4.379e-05,3.265e-05,2.429e-05,1.885e-05,1.421e-05,9.688e-06,6.749e-06,4.52e-06,3.081e-06,2.29e-06,1.338e-06,1.135e-06,1.023e-06,8.107e-07,8.31e-07,7.093e-07,8.512e-07,6.891e-07,7.499e-07,7.803e-07,7.499e-07,7.499e-07,9.12e-07,7.397e-07,6.891e-07,7.904e-07,6.789e-07,5.776e-07,6.789e-07,4.459e-07,5.269e-07
0.0006233,0.0006673,0.0005806,0.0005856,0.0004959,0.00044,0.0003855,0.0003384,0.000283,0.0002414,0.0002073,0.0001822,0.0001626,0.0001422,0.0001172,9.507e-05,7.276e-05,5.862e-05,4.487e-05,3.404e-05,2.48e-05,1.826e-05,1.476e-05,1.002e-05,7.164e-06,4.732e-06,3.486e-06,2.321e-06,1.51e-06,1.145e-06,8.816e-07,8.918e-07,7.803e-07,7.397e-07,9.12e-07,8.411e-07,6.283e-07,7.499e-07,7.499e-07,7.803e-07,7.195e-07,7.296e-07,7.296e-07,6.688e-07,8.208e-07,7.499e-07,6.992e-07,6.181e-07,4.661e-07
0.0006164,0.0006671,0.0005788,0.0005816,0.0004954,0.0004374,0.000379,0.000337,0.0002788,0.000238,0.0002058,0.000178,0.0001609,0.0001402,0.0001166,9.542e-05,7.269e-05,5.807e-05,4.397e-05,3.305e-05,2.621e-05,1.901e-05,1.397e-05,9.85e-06,6.668e-06,4.793e-06,3.547e-06,2.047e-06,1.368e-06,1.105e-06,8.411e-07,7.195e-07,7.701e-07,8.816e-07,6.384e-07,7.803e-07,7.397e-07,8.107e-07,8.816e-07,7.6e-07,9.424e-07,8.512e-07,7.296e-07,6.485e-07,5.979e-07,6.587e-07,5.371e-07,3.648e-07,6.08e-07
0.0006242,0.0006676,0.0005804,0.000585,0.0004985,0.000441,0.0003804,0.0003361,0.0002798,0.0002393,0.0002054,0.0001809,0.0001612,0.0001386,0.0001161,9.426e-05,7.395e-05,5.746e-05,4.359e-05,3.311e-05,2.638e-05,1.903e-05,1.407e-05,1.007e-05,7.124e-06,4.57e-06,3.293e-06,2.189e-06,1.368e-06,1.307e-06,8.208e-07,9.12e-07,8.411e-07,8.208e-07,6.688e-07,6.587e-07,8.411e-07,8.208e-07,7.093e-07,8.816e-07,7.6e-07,8.31e-07,8.918e-07,8.512e-07,7.397e-07,6.181e-07,6.08e-07,5.472e-07,5.371e-07
0.000611,0.0006592,0.0005728,0.0005785,0.0004953,0.0004387,0.0003782,0.0003313,0.0002788,0.0002386,0.0002035,0.000178,0.0001585,0.0001393,0.0001159,9.323e-05,7.113e-05,5.742e-05,4.352e-05,3.21e-05,2.54e-05,1.777e-05,1.317e-05,1.004e-05,6.658e-06,4.398e-06,3.121e-06,2.017e-06,1.53e-06,9.222e-07,9.424e-07,7.6e-07,6.789e-07,7.195e-07,7.904e-07,8.005e-07,5.675e-07,9.424e-07,7.803e-07,8.005e-07,6.992e-07,8.411e-07,6.789e-07,7.195e-07,8.411e-07,6.181e-07,5.573e-07,3.749e-07,4.357e-07
0.0006295,0.0006749,0.0005816,0.0005873,0.0004953,0.0004398,0.0003827,0.0003349,0.0002829,0.0002422,0.0002099,0.0001816,0.0001659,0.0001415,0.0001195,9.796e-05,7.525e-05,6.05e-05,4.513e-05,3.41e-05,2.648e-05,1.947e-05,1.426e-05,9.911e-06,7.053e-06,5.168e-06,3.425e-06,2.422e-06,1.449e-06,1.226e-06,1.013e-06,9.931e-07,7.803e-07,7.499e-07,8.005e-07,8.005e-07,7.093e-07,7.397e-07,7.6e-07,1.023e-06,8.512e-07,7.904e-07,7.397e-07,6.688e-07,7.701e-07,7.195e-07,5.979e-07,5.979e-07,5.269e-07
0.00062,0.0006717,0.0005776,0.0005855,0.0005002,0.0004445,0.0003814,0.0003389,0.000282,0.0002383,0.0002068,0.0001818,0.000164,0.0001404,0.0001174,9.607e-05,7.437e-05,5.755e-05,4.466e-05,3.429e-05,2.587e-05,1.899e-05,1.379e-05,1.049e-05,7.093e-06,4.712e-06,3.435e-06,2.027e-06,1.55e-06,1.226e-06,9.526e-07,9.019e-07,7.499e-07,9.12e-07,6.891e-07,1.023e-06,5.776e-07,6.891e-07,6.789e-07,7.397e-07,8.512e-07,8.411e-07,8.005e-07,7.195e-07,8.816e-07,6.485e-07,6.789e-07,4.864e-07,5.269e-07
0.0006293,0.0006754,0.0005781,0.000584,0.0004943,0.0004433,0.0003805,0.000337,0.0002845,0.0002416,0.0002098,0.0001813,0.0001639,0.0001411,0.0001209,9.649e-05,7.29e-05,6.019e-05,4.343e-05,3.426e-05,2.541e-05,1.901e-05,1.458e-05,1.07e-05,7.195e-06,4.773e-06,3.699e-06,2.381e-06,1.469e-06,1.267e-06,1.023e-06,7.093e-07,9.222e-07,8.816e-07,8.208e-07,9.12e-07,9.12e-07,9.019e-07,8.614e-07,8.512e-07,7.397e-07,7.093e-07,7.701e-07,6.789e-07,7.397e-07,6.587e-07,6.789e-07,5.979e-07,5.979e-07
0.000623,0.0006727,0.0005784,0.0005879,0.0004956,0.000441,0.0003817,0.0003378,0.0002801,0.0002393,0.0002053,0.0001821,0.0001648,0.0001406,0.0001174,9.556e-05,7.439e-05,5.944e-05,4.474e-05,3.407e-05,2.559e-05,1.908e-05,1.452e-05,9.748e-06,6.86e-06,4.915e-06,3.293e-06,2.128e-06,1.692e-06,1.115e-06,1.023e-06,9.12e-07,7.499e-07,8.411e-07,7.195e-07,9.323e-07,7.904e-07,6.789e-07,7.803e-07,9.019e-07,7.6e-07,6.789e-07,8.208e-07,7.397e-07,7.296e-07,8.005e-07,4.763e-07,5.877e-07,3.445e-07
0.0006188,0.0006625,0.0005773,0.0005835,0.000503,0.0004382,0.0003804,0.0003369,0.0002796,0.0002419,0.0002047,0.000179,0.0001623,0.0001397,0.0001155,9.349e-05,7.279e-05,5.804e-05,4.411e-05,3.476e-05,2.555e-05,1.952e-05,1.343e-05,9.961e-06,6.921e-06,4.742e-06,3.364e-06,2.108e-06,1.611e-06,1.175e-06,8.208e-07,8.107e-07,7.6e-07,8.512e-07,7.803e-07,7.296e-07,8.614e-07,5.979e-07,6.992e-07,7.093e-07,7.803e-07,7.093e-07,8.107e-07,7.296e-07,6.181e-07,5.776e-07,6.08e-07,5.979e-07,5.472e-07
0.0006211,0.0006716,0.0005823,0.0005913,0.0004991,0.0004412,0.0003792,0.0003387,0.0002797,0.0002431,0.0002104,0.0001851,0.0001622,0.0001438,0.0001189,9.5e-05,7.348e-05,5.929e-05,4.494e-05,3.393e-05,2.659e-05,1.965e-05,1.386e-05,1.069e-05,6.962e-06,4.955e-06,3.314e-06,2.118e-06,1.51e-06,1.084e-06,8.31e-07,8.107e-07,8.411e-07,7.296e-07,6.08e-07,8.816e-07,9.222e-07,7.6e-07,8.208e-07,7.803e-07,9.526e-07,6.789e-07,7.701e-07,8.005e-07,8.005e-07,6.485e-07,6.992e-07,5.472e-07,4.357e-07
0.0006235,0.0006723,0.0005827,0.0005827,0.000495,0.0004397,0.0003807,0.0003371,0.0002804,0.0002419,0.0002091,0.0001805,0.0001632,0.0001444,0.0001194,9.527e-05,7.358e-05,5.733e-05,4.518e-05,3.422e-05,2.61e-05,1.919e-05,1.444e-05,1.008e-05,7.093e-06,5.391e-06,3.283e-06,2.24e-06,1.601e-06,1.236e-06,1.054e-06,8.816e-07,8.31e-07,7.6e-07,7.093e-07,8.411e-07,8.614e-07,7.904e-07,7.803e-07,9.526e-07,8.715e-07,7.803e-07,7.397e-07,7.6e-07,6.688e-07,5.371e-07,6.992e-07,4.864e-07,5.067e-07
0.0006104,0.0006629,0.0005765,0.0005824,0.0004951,0.0004387,0.0003801,0.0003342,0.0002801,0.0002369,0.0002057,0.0001791,0.00016,0.0001385,0.000114,9.228e-05,7.263e-05,5.684e-05,4.356e-05,3.326e-05,2.548e-05,1.796e-05,1.329e-05,9.647e-06,6.425e-06,4.499e-06,3.202e-06,2.27e-06,1.54e-06,1.115e-06,8.411e-07,6.283e-07,7.397e-07,8.208e-07,6.891e-07,6.789e-07,5.776e-07,6.891e-07,8.005e-07,8.31e-07,6.992e-07,7.904e-07,6.384e-07,6.181e-07,7.904e-07,8.715e-07,5.573e-07,5.472e-07,5.472e-07
0.0006242,0.0006647,0.0005815,0.000582,0.0004982,0.0004428,0.0003804,0.0003374,0.0002792,0.0002429,0.0002094,0.0001802,0.0001634,0.0001411,0.0001179,9.549e-05,7.458e-05,5.76e-05,4.357e-05,3.406e-05,2.593e-05,1.808e-05,1.395e-05,1.005e-05,7.235e-06,5.067e-06,3.01e-06,2.26e-06,1.277e-06,1.216e-06,7.397e-07,7.195e-07,7.296e-07,8.005e-07,7.195e-07,9.222e-07,7.6e-07,9.019e-07,9.222e-07,7.904e-07,6.283e-07,6.992e-07,6.485e-07,6.587e-07,5.675e-07,6.587e-07,4.864e-07,4.357e-07,5.675e-07
0.0006212,0.0006683,0.0005772,0.0005828,0.0004954,0.000439,0.0003786,0.0003357,0.0002804,0.000239,0.0002045,0.0001806,0.0001604,0.0001387,0.000118,9.408e-05,7.284e-05,5.773e-05,4.314e-05,3.441e-05,2.557e-05,1.857e-05,1.393e-05,1.008e-05,6.789e-06,5.229e-06,3.162e-06,2.148e-06,1.581e-06,1.064e-06,1.003e-06,8.512e-07,7.195e-07,8.208e-07,6.789e-07,8.208e-07,7.499e-07,8.918e-07,8.208e-07,8.208e-07,8.411e-07,8.107e-07,7.397e-07,7.296e-07,8.31e-07,7.195e-07,7.195e-07,6.283e-07,5.776e-07
0.0006235,0.0006682,0.0005828,0.0005837,0.0005017,0.0004385,0.0003815,0.0003335,0.0002825,0.0002452,0.0002072,0.0001811,0.0001623,0.0001429,0.000119,9.518e-05,7.398e-05,5.978e-05,4.475e-05,3.397e-05,2.479e-05,1.953e-05,1.444e-05,1.013e-05,6.86e-06,4.651e-06,3.293e-06,2.513e-06,1.358e-06,1.074e-06,8.918e-07,8.411e-07,7.803e-07,7.701e-07,7.397e-07,8.107e-07,9.627e-07,7.499e-07,8.512e-07,8.005e-07,8.512e-07,7.803e-07,6.688e-07,8.411e-07,6.992e-07,5.776e-07,5.979e-07,6.384e-07,4.965e-07
0,0,0,0,0,0,0,0,0,0,0,0,0,0,0,0,0,0,0,0,0,0,0,0,0,0,0,0,0,0,0,0,0,0,0,0,0,0,0,0,0,0,0,0,0,0,0,0,0
