  z   OmegaM  h
0.7807 0.3071 0.678
Mass_Bins    dn/dlnM ... 
Here follow 4 mass functions, one for each quartile of the parameter Xoff
1st quartile
bin0,bin1,bin2,bin3,bin4,bin5,bin6,bin7,bin8,bin9,bin10,bin11,bin12,bin13,bin14,bin15,bin16,bin17,bin18,bin19,bin20,bin21,bin22,bin23,bin24,bin25,bin26,bin27,bin28,bin29,bin30,bin31,bin32,bin33,bin34,bin35,bin36,bin37,bin38,bin39,bin40,bin41,bin42,bin43,bin44,bin45,bin46,bin47,bin48
1.326e+12,1.464e+12,1.613e+12,1.778e+12,1.964e+12,2.166e+12,2.39e+12,2.642e+12,2.917e+12,3.22e+12,3.553e+12,3.921e+12,4.325e+12,4.771e+12,5.269e+12,5.814e+12,6.413e+12,7.078e+12,7.812e+12,8.62e+12,9.519e+12,1.051e+13,1.159e+13,1.28e+13,1.412e+13,1.559e+13,1.72e+13,1.899e+13,2.094e+13,2.312e+13,2.551e+13,2.817e+13,3.107e+13,3.43e+13,3.786e+13,4.179e+13,4.609e+13,5.091e+13,5.618e+13,6.199e+13,6.833e+13,7.561e+13,8.346e+13,9.194e+13,1.017e+14,1.119e+14,1.237e+14,1.367e+14,1.503e+14
0.0001506,0.0001754,0.000173,0.0002004,0.0002065,0.0002222,0.000237,0.0002722,0.0002938,0.0003023,0.0003065,0.000301,0.000302,0.0002973,0.0002957,0.0002865,0.0002744,0.0002722,0.0002554,0.0002493,0.0002408,0.000229,0.0002162,0.0002059,0.0001965,0.00018,0.0001639,0.0001481,0.0001356,0.0001207,0.0001048,9.19e-05,8.045e-05,6.816e-05,5.877e-05,5.187e-05,4.334e-05,3.782e-05,3.134e-05,2.586e-05,2.207e-05,1.869e-05,1.562e-05,1.229e-05,1.015e-05,8.188e-06,6.82e-06,5.168e-06,3.952e-06
0.0001593,0.0001828,0.0001777,0.0002088,0.0002127,0.0002221,0.0002442,0.0002799,0.0002972,0.0003087,0.0003104,0.0003052,0.0003016,0.0002973,0.0002936,0.0002892,0.0002742,0.0002703,0.0002577,0.0002469,0.0002405,0.0002298,0.0002158,0.0002078,0.0001952,0.0001812,0.0001633,0.0001488,0.0001347,0.0001198,0.0001038,9.225e-05,8.019e-05,6.934e-05,5.807e-05,5.093e-05,4.344e-05,3.775e-05,3.255e-05,2.628e-05,2.317e-05,1.797e-05,1.581e-05,1.291e-05,1.007e-05,8.431e-06,6.516e-06,4.986e-06,4.084e-06
0.0001596,0.0001828,0.0001781,0.0002089,0.0002108,0.0002261,0.000241,0.0002823,0.0002983,0.0003099,0.0003157,0.0003063,0.0003086,0.0003,0.000296,0.0002862,0.0002749,0.0002723,0.0002583,0.0002531,0.0002422,0.0002295,0.000217,0.0002055,0.0001944,0.0001827,0.0001646,0.00015,0.0001351,0.0001191,0.0001063,9.195e-05,7.88e-05,7.083e-05,5.836e-05,5.069e-05,4.4e-05,3.761e-05,3.143e-05,2.562e-05,2.191e-05,1.792e-05,1.573e-05,1.275e-05,1.02e-05,8.239e-06,6.151e-06,5.533e-06,3.962e-06
0.0001557,0.0001798,0.0001746,0.0002028,0.0002091,0.0002251,0.0002395,0.0002769,0.0002944,0.00031,0.0003093,0.0003025,0.0003022,0.0002962,0.000293,0.0002853,0.0002753,0.0002711,0.0002585,0.000253,0.0002448,0.0002281,0.0002216,0.0002089,0.0001937,0.0001786,0.0001663,0.000152,0.0001337,0.0001209,0.0001039,9.294e-05,7.877e-05,7.007e-05,5.96e-05,5.051e-05,4.309e-05,3.841e-05,3.11e-05,2.679e-05,2.21e-05,1.823e-05,1.482e-05,1.256e-05,1.014e-05,8.046e-06,6.577e-06,5.361e-06,4.053e-06
0.0001519,0.0001772,0.0001723,0.0002054,0.000209,0.0002227,0.0002391,0.0002753,0.000297,0.0003079,0.0003062,0.0002994,0.0003046,0.0002984,0.000296,0.0002875,0.0002769,0.0002698,0.0002568,0.0002517,0.0002424,0.0002295,0.0002164,0.000208,0.0001967,0.0001772,0.0001651,0.0001491,0.0001359,0.0001198,0.0001056,9.194e-05,8.036e-05,7.023e-05,5.937e-05,5.092e-05,4.325e-05,3.681e-05,2.987e-05,2.606e-05,2.192e-05,1.798e-05,1.517e-05,1.244e-05,9.982e-06,8.107e-06,6.04e-06,5.097e-06,3.82e-06
0.0001472,0.0001702,0.0001688,0.0001958,0.0002015,0.0002174,0.0002324,0.0002681,0.0002889,0.0003007,0.000305,0.0003027,0.0002982,0.000294,0.0002947,0.0002883,0.0002769,0.0002707,0.0002561,0.000252,0.0002428,0.0002287,0.0002182,0.000208,0.0001938,0.0001795,0.0001652,0.0001484,0.0001366,0.0001207,0.0001048,9.156e-05,7.92e-05,7.037e-05,5.946e-05,5.145e-05,4.298e-05,3.657e-05,3.045e-05,2.634e-05,2.195e-05,1.873e-05,1.509e-05,1.293e-05,9.505e-06,8.391e-06,6.516e-06,4.945e-06,4.408e-06
0.0001555,0.0001795,0.0001756,0.0002069,0.0002113,0.0002239,0.0002437,0.0002808,0.000295,0.0003088,0.0003076,0.0003042,0.0003016,0.0002963,0.0002931,0.000289,0.0002759,0.0002732,0.0002593,0.0002497,0.0002439,0.0002289,0.0002143,0.0002066,0.0001949,0.000181,0.000164,0.0001505,0.0001329,0.0001204,0.0001063,9.313e-05,7.969e-05,6.831e-05,5.99e-05,5.126e-05,4.364e-05,3.714e-05,3.107e-05,2.621e-05,2.33e-05,1.878e-05,1.549e-05,1.263e-05,1.082e-05,7.874e-06,6.577e-06,4.955e-06,4.266e-06
0.0001498,0.0001746,0.0001707,0.0002012,0.0002056,0.0002198,0.0002357,0.0002738,0.0002936,0.000305,0.000306,0.0003057,0.0003027,0.0002981,0.0002911,0.0002884,0.0002725,0.0002706,0.0002535,0.0002477,0.0002434,0.000228,0.0002177,0.0002089,0.0001937,0.0001789,0.0001657,0.0001511,0.0001351,0.000118,0.0001045,9.188e-05,7.844e-05,6.934e-05,5.985e-05,5.18e-05,4.287e-05,3.647e-05,3.158e-05,2.606e-05,2.221e-05,1.816e-05,1.525e-05,1.183e-05,1.036e-05,7.631e-06,6.465e-06,5.239e-06,4.104e-06
0.0001468,0.0001687,0.0001646,0.0001969,0.0002019,0.0002172,0.0002331,0.0002675,0.0002872,0.0003022,0.0003003,0.0002995,0.0002982,0.000294,0.0002929,0.0002851,0.0002764,0.0002701,0.0002572,0.0002509,0.000243,0.0002247,0.000218,0.0002068,0.0001919,0.00018,0.0001671,0.0001495,0.0001329,0.0001196,0.0001068,9.181e-05,8.029e-05,6.97e-05,5.889e-05,5e-05,4.278e-05,3.782e-05,3.227e-05,2.701e-05,2.254e-05,1.845e-05,1.537e-05,1.296e-05,1.005e-05,8.421e-06,6.263e-06,4.935e-06,4.053e-06
0.0001543,0.0001765,0.0001742,0.0002049,0.0002068,0.000224,0.000242,0.0002776,0.0002934,0.0003055,0.0003097,0.0003032,0.0003007,0.0002965,0.0002926,0.0002881,0.0002739,0.0002701,0.0002593,0.0002509,0.0002422,0.0002276,0.0002178,0.000208,0.0001941,0.0001833,0.0001639,0.0001513,0.0001365,0.0001216,0.000107,9.113e-05,7.916e-05,6.971e-05,5.857e-05,5.145e-05,4.294e-05,3.639e-05,3.302e-05,2.62e-05,2.227e-05,1.839e-05,1.567e-05,1.224e-05,9.748e-06,8.259e-06,6.688e-06,5.31e-06,3.83e-06
0.0001452,0.0001684,0.0001665,0.0001951,0.000198,0.0002153,0.0002351,0.0002689,0.0002854,0.0003038,0.0003048,0.0003014,0.0002993,0.0002962,0.0002905,0.0002837,0.000274,0.0002695,0.0002584,0.0002514,0.0002421,0.0002298,0.0002179,0.0002064,0.0001946,0.00018,0.0001646,0.0001516,0.0001343,0.0001197,0.0001056,9.277e-05,7.956e-05,6.807e-05,5.948e-05,5.147e-05,4.341e-05,3.663e-05,3.071e-05,2.573e-05,2.1e-05,1.86e-05,1.574e-05,1.253e-05,1.023e-05,8.664e-06,6.597e-06,5.158e-06,3.83e-06
0.0001547,0.0001773,0.0001749,0.0002044,0.000209,0.0002258,0.000243,0.0002737,0.0002949,0.0003051,0.0003109,0.0003064,0.0003016,0.0002967,0.0002941,0.0002859,0.0002777,0.0002698,0.0002585,0.0002472,0.0002425,0.0002272,0.0002171,0.0002107,0.0001937,0.0001823,0.0001647,0.0001498,0.0001331,0.0001221,0.0001064,9.07e-05,7.832e-05,6.769e-05,6.043e-05,5.113e-05,4.338e-05,3.675e-05,3.133e-05,2.64e-05,2.214e-05,1.857e-05,1.528e-05,1.222e-05,9.971e-06,7.965e-06,6.556e-06,5.503e-06,4.134e-06
0.0001597,0.0001839,0.0001786,0.000208,0.0002111,0.0002274,0.0002412,0.0002803,0.000296,0.0003103,0.0003134,0.0003052,0.0003042,0.0002979,0.0002949,0.0002869,0.000276,0.0002706,0.0002588,0.0002513,0.0002436,0.0002316,0.0002172,0.0002064,0.0001962,0.0001777,0.000164,0.0001507,0.0001345,0.0001215,0.0001052,9.196e-05,7.987e-05,7.004e-05,5.971e-05,5.107e-05,4.486e-05,3.688e-05,3.104e-05,2.481e-05,2.22e-05,1.841e-05,1.514e-05,1.289e-05,1.047e-05,7.874e-06,6.455e-06,5.006e-06,4.013e-06
0.0001447,0.0001651,0.000161,0.0001906,0.0001971,0.0002157,0.0002304,0.0002659,0.0002847,0.0002969,0.0003011,0.0002962,0.0002997,0.0002927,0.0002924,0.0002842,0.0002736,0.0002688,0.0002571,0.0002521,0.0002416,0.0002288,0.0002163,0.0002077,0.0001949,0.0001806,0.0001644,0.000151,0.0001337,0.0001195,0.0001049,8.892e-05,8.136e-05,7.142e-05,5.906e-05,5.076e-05,4.389e-05,3.632e-05,3.144e-05,2.547e-05,2.179e-05,1.822e-05,1.524e-05,1.239e-05,1.051e-05,7.975e-06,6.749e-06,5.31e-06,4.601e-06
0.0001553,0.0001783,0.0001748,0.0002061,0.0002083,0.0002217,0.0002386,0.0002781,0.0002911,0.0003072,0.0003097,0.0003029,0.000302,0.0002968,0.0002931,0.0002869,0.0002753,0.0002698,0.0002583,0.0002487,0.0002421,0.0002307,0.0002162,0.0002081,0.0001926,0.0001815,0.0001671,0.0001516,0.0001352,0.0001183,0.000106,9.284e-05,8.024e-05,6.952e-05,5.948e-05,5.189e-05,4.208e-05,3.685e-05,3.118e-05,2.609e-05,2.212e-05,1.767e-05,1.541e-05,1.262e-05,1.084e-05,7.995e-06,6.151e-06,5.117e-06,4.317e-06
0.0001576,0.0001804,0.0001762,0.0002068,0.0002071,0.0002258,0.0002423,0.0002767,0.0002946,0.0003081,0.0003084,0.0003046,0.0003051,0.0002985,0.0002942,0.0002868,0.0002768,0.0002722,0.0002575,0.0002479,0.0002424,0.0002302,0.0002184,0.0002083,0.0001949,0.0001819,0.000163,0.0001504,0.0001341,0.0001205,0.0001042,9.116e-05,7.963e-05,6.897e-05,5.868e-05,5.073e-05,4.445e-05,3.651e-05,3.188e-05,2.649e-05,2.212e-05,1.867e-05,1.526e-05,1.214e-05,9.971e-06,7.965e-06,6.263e-06,4.773e-06,4.469e-06
0.0001515,0.0001737,0.0001701,0.0001986,0.0002081,0.0002225,0.0002375,0.0002724,0.0002906,0.0003054,0.0003044,0.0003063,0.0003048,0.0002982,0.0002943,0.0002839,0.0002706,0.0002684,0.0002594,0.0002502,0.0002417,0.0002309,0.0002168,0.0002076,0.0001946,0.0001824,0.0001649,0.0001519,0.0001329,0.0001203,0.0001056,9.197e-05,7.863e-05,6.867e-05,5.988e-05,5.211e-05,4.249e-05,3.608e-05,3.161e-05,2.598e-05,2.2e-05,1.919e-05,1.519e-05,1.292e-05,1.001e-05,8.411e-06,5.827e-06,4.722e-06,3.912e-06
0.0001479,0.0001704,0.0001702,0.0001985,0.0002021,0.0002158,0.0002325,0.0002716,0.0002875,0.000304,0.0003069,0.0003035,0.0003039,0.0002956,0.0002926,0.0002823,0.0002727,0.0002728,0.0002554,0.00025,0.0002423,0.0002288,0.000219,0.0002084,0.0001944,0.000184,0.0001631,0.000152,0.000134,0.00012,0.0001055,9.333e-05,8.091e-05,7.024e-05,5.968e-05,5.123e-05,4.325e-05,3.715e-05,3.161e-05,2.65e-05,2.243e-05,1.774e-05,1.567e-05,1.235e-05,1.02e-05,8.249e-06,6.384e-06,4.976e-06,3.749e-06
0.0001514,0.0001744,0.0001704,0.0001991,0.0002037,0.0002169,0.0002351,0.0002716,0.0002923,0.0003027,0.0003052,0.0003025,0.0003048,0.0002948,0.000294,0.0002845,0.0002758,0.000271,0.0002602,0.000248,0.0002415,0.000231,0.000219,0.0002092,0.0001929,0.0001811,0.0001645,0.000149,0.0001337,0.0001194,0.0001058,9.118e-05,7.83e-05,6.879e-05,6.023e-05,4.999e-05,4.457e-05,3.688e-05,2.984e-05,2.732e-05,2.212e-05,1.797e-05,1.553e-05,1.216e-05,1.093e-05,8.087e-06,6.678e-06,4.965e-06,3.881e-06
0.0001511,0.0001743,0.000172,0.0002019,0.0002059,0.0002201,0.0002391,0.0002741,0.0002909,0.0003032,0.0003097,0.0003007,0.0003018,0.0002986,0.0002952,0.0002871,0.0002746,0.0002701,0.000258,0.0002504,0.0002404,0.0002282,0.0002173,0.0002067,0.000194,0.0001814,0.0001627,0.0001517,0.0001364,0.0001211,0.0001053,9.247e-05,8.022e-05,6.811e-05,6.137e-05,5.155e-05,4.34e-05,3.67e-05,3.094e-05,2.696e-05,2.195e-05,1.818e-05,1.52e-05,1.253e-05,1.061e-05,8.482e-06,6.425e-06,5.472e-06,4.053e-06
0.0001465,0.0001714,0.0001684,0.0001996,0.0001998,0.0002176,0.0002351,0.0002663,0.0002883,0.0003006,0.0003013,0.0002982,0.000301,0.0002966,0.0002943,0.0002866,0.000274,0.0002715,0.0002619,0.0002462,0.0002418,0.0002281,0.0002192,0.0002078,0.0001947,0.0001796,0.000167,0.00015,0.0001338,0.0001192,0.0001065,9.211e-05,7.897e-05,6.91e-05,5.77e-05,5.025e-05,4.256e-05,3.821e-05,3.18e-05,2.595e-05,2.309e-05,1.882e-05,1.457e-05,1.229e-05,1.038e-05,8.188e-06,6.567e-06,5.097e-06,3.962e-06
0.0001535,0.0001797,0.0001728,0.0002048,0.0002088,0.0002211,0.0002414,0.0002764,0.0002922,0.0003078,0.0003088,0.000307,0.0003004,0.0002971,0.0002947,0.0002863,0.0002744,0.0002688,0.0002571,0.000249,0.0002433,0.000227,0.000216,0.0002073,0.0001953,0.0001811,0.0001642,0.0001489,0.0001362,0.0001196,0.0001049,8.986e-05,8.014e-05,6.902e-05,5.912e-05,5.084e-05,4.213e-05,3.672e-05,3.123e-05,2.645e-05,2.176e-05,1.835e-05,1.517e-05,1.261e-05,1.015e-05,7.6e-06,6.911e-06,4.925e-06,4.226e-06
0.0001555,0.0001805,0.0001762,0.000206,0.0002078,0.0002238,0.0002416,0.0002784,0.0002981,0.0003072,0.0003078,0.0003035,0.0003046,0.000296,0.000295,0.0002851,0.0002736,0.0002696,0.0002587,0.000251,0.0002417,0.0002279,0.0002193,0.0002112,0.0001959,0.0001798,0.0001652,0.0001518,0.0001347,0.0001199,0.0001053,9.138e-05,7.981e-05,6.926e-05,6.047e-05,5.026e-05,4.336e-05,3.706e-05,3.106e-05,2.636e-05,2.258e-05,1.892e-05,1.528e-05,1.202e-05,9.657e-06,8.35e-06,6.678e-06,5.3e-06,4.145e-06
0.0001549,0.0001782,0.0001752,0.0002044,0.0002061,0.0002236,0.0002427,0.0002775,0.0002946,0.0003097,0.0003052,0.0003014,0.000306,0.0002962,0.000295,0.0002859,0.0002739,0.0002735,0.0002581,0.0002479,0.0002443,0.0002289,0.0002183,0.0002062,0.0001937,0.0001816,0.0001646,0.0001507,0.000133,0.0001209,0.0001054,9.154e-05,8.056e-05,6.884e-05,6.083e-05,5.115e-05,4.313e-05,3.717e-05,3.14e-05,2.632e-05,2.164e-05,1.849e-05,1.501e-05,1.23e-05,1.038e-05,8.482e-06,6.06e-06,5.026e-06,3.952e-06
0.0001505,0.0001732,0.0001725,0.0002005,0.0002034,0.000221,0.0002383,0.0002716,0.0002916,0.0003054,0.000305,0.0003014,0.0003023,0.000295,0.0002975,0.0002839,0.0002741,0.0002741,0.0002547,0.0002516,0.0002428,0.0002296,0.0002185,0.0002084,0.0001931,0.0001799,0.0001666,0.0001503,0.0001337,0.0001199,0.0001057,9.093e-05,8.09e-05,6.861e-05,6.087e-05,5.02e-05,4.451e-05,3.677e-05,3.041e-05,2.648e-05,2.216e-05,1.84e-05,1.463e-05,1.265e-05,1.039e-05,8.046e-06,6.404e-06,5.219e-06,4.124e-06
0.0001487,0.0001718,0.0001686,0.0001978,0.0002018,0.0002151,0.0002361,0.0002693,0.0002888,0.0003033,0.0003035,0.0003018,0.0003016,0.000296,0.0002937,0.000284,0.000277,0.0002699,0.000257,0.0002476,0.0002408,0.000227,0.0002171,0.0002068,0.0001938,0.0001812,0.0001666,0.0001469,0.0001342,0.0001201,0.0001061,9.168e-05,8.064e-05,7.061e-05,5.899e-05,5.129e-05,4.302e-05,3.574e-05,3.189e-05,2.573e-05,2.219e-05,1.879e-05,1.534e-05,1.249e-05,9.708e-06,8.198e-06,6.627e-06,5.047e-06,4.236e-06
0.0001451,0.0001665,0.0001663,0.0001955,0.0002018,0.0002158,0.0002331,0.0002674,0.0002845,0.0002995,0.0003011,0.0002978,0.0002956,0.0002957,0.0002911,0.0002856,0.0002719,0.0002722,0.000256,0.0002477,0.0002447,0.0002273,0.0002219,0.0002068,0.0001975,0.000181,0.0001656,0.0001505,0.0001341,0.0001208,0.0001062,9.122e-05,8.044e-05,6.927e-05,5.933e-05,5.091e-05,4.25e-05,3.757e-05,3.199e-05,2.541e-05,2.181e-05,1.802e-05,1.522e-05,1.231e-05,1.001e-05,8.157e-06,6.465e-06,5.138e-06,4.276e-06
0.0001544,0.0001789,0.0001729,0.0002039,0.0002073,0.0002218,0.0002411,0.0002712,0.000294,0.0003053,0.0003072,0.0003031,0.0003007,0.0002972,0.0002943,0.0002872,0.0002741,0.0002697,0.0002589,0.0002509,0.0002385,0.0002251,0.0002172,0.0002059,0.0001917,0.0001823,0.0001663,0.0001488,0.0001351,0.0001215,0.0001054,9.207e-05,8.05e-05,6.741e-05,6.006e-05,5.041e-05,4.36e-05,3.707e-05,3.091e-05,2.622e-05,2.161e-05,1.872e-05,1.612e-05,1.244e-05,1.054e-05,8.786e-06,6.516e-06,4.753e-06,4.003e-06
0.0001524,0.0001767,0.0001704,0.0002029,0.0002037,0.0002208,0.0002369,0.000271,0.0002882,0.000304,0.0003037,0.0003001,0.0003006,0.0002972,0.0002952,0.0002853,0.0002751,0.0002708,0.0002582,0.0002512,0.0002409,0.0002283,0.0002163,0.0002077,0.0001952,0.0001802,0.000167,0.0001489,0.0001367,0.0001216,0.0001046,9.111e-05,8.054e-05,6.886e-05,5.975e-05,5.123e-05,4.234e-05,3.715e-05,3.17e-05,2.716e-05,2.241e-05,1.837e-05,1.472e-05,1.256e-05,1.019e-05,7.874e-06,6.952e-06,5.269e-06,3.83e-06
0.0001552,0.0001796,0.0001738,0.0002071,0.0002065,0.0002213,0.000239,0.0002765,0.0002962,0.0003095,0.000308,0.0003037,0.0003028,0.0003005,0.0002951,0.0002856,0.0002743,0.0002739,0.0002593,0.0002511,0.0002409,0.0002294,0.000216,0.0002071,0.0001955,0.0001838,0.0001631,0.0001537,0.0001335,0.000119,0.0001073,9.044e-05,7.977e-05,6.928e-05,5.98e-05,5.117e-05,4.319e-05,3.778e-05,3.075e-05,2.625e-05,2.3e-05,1.804e-05,1.51e-05,1.229e-05,1.062e-05,7.56e-06,6.729e-06,5.067e-06,4.094e-06
0.000151,0.000174,0.0001707,0.0002024,0.0002039,0.0002205,0.0002355,0.0002743,0.0002895,0.0003036,0.0003095,0.0003016,0.0003009,0.0002967,0.0002951,0.000286,0.0002776,0.0002744,0.0002592,0.0002488,0.0002428,0.0002303,0.0002181,0.0002061,0.000195,0.000181,0.0001627,0.0001491,0.000133,0.0001194,0.0001057,9.13e-05,7.903e-05,7.072e-05,5.846e-05,5.059e-05,4.352e-05,3.643e-05,3.165e-05,2.653e-05,2.211e-05,1.873e-05,1.492e-05,1.239e-05,1.03e-05,8.33e-06,6.698e-06,4.945e-06,3.567e-06
0.0001537,0.0001748,0.0001725,0.0002019,0.0002063,0.0002195,0.0002379,0.0002739,0.0002943,0.0003054,0.0003074,0.0003045,0.0003026,0.0002973,0.000293,0.0002871,0.0002746,0.0002752,0.0002617,0.0002522,0.00024,0.0002269,0.0002166,0.0002066,0.0001914,0.0001798,0.0001656,0.0001498,0.0001337,0.0001214,0.0001054,9.145e-05,7.785e-05,6.978e-05,5.984e-05,5.057e-05,4.395e-05,3.725e-05,3.141e-05,2.615e-05,2.2e-05,1.828e-05,1.535e-05,1.203e-05,1.03e-05,8.38e-06,6.283e-06,4.955e-06,3.719e-06
0.0001464,0.000169,0.0001645,0.0001962,0.0001981,0.0002176,0.0002308,0.0002649,0.0002872,0.0003012,0.0003031,0.0003029,0.0002993,0.0002962,0.0002907,0.0002854,0.0002756,0.0002693,0.0002599,0.0002502,0.0002414,0.0002292,0.0002193,0.0002066,0.0001954,0.0001808,0.0001646,0.0001482,0.0001348,0.0001182,0.0001029,9.176e-05,7.827e-05,7.073e-05,5.88e-05,5.193e-05,4.406e-05,3.74e-05,3.216e-05,2.599e-05,2.14e-05,1.895e-05,1.536e-05,1.219e-05,1.03e-05,8.076e-06,6.394e-06,4.813e-06,3.8e-06
0.0001609,0.0001831,0.0001791,0.0002087,0.0002133,0.0002298,0.0002449,0.0002834,0.000299,0.0003092,0.0003103,0.0003064,0.0003063,0.0003014,0.0002909,0.0002883,0.0002726,0.0002706,0.0002554,0.0002494,0.0002429,0.0002282,0.0002199,0.0002089,0.0001931,0.0001811,0.0001652,0.0001502,0.0001344,0.0001219,0.0001061,9.108e-05,7.959e-05,7.035e-05,5.993e-05,5.115e-05,4.295e-05,3.647e-05,3.142e-05,2.591e-05,2.299e-05,1.751e-05,1.519e-05,1.275e-05,9.971e-06,8.755e-06,6.516e-06,4.976e-06,4.621e-06
0.0001537,0.0001766,0.0001733,0.0002067,0.0002076,0.0002229,0.0002416,0.0002772,0.0002921,0.0003075,0.0003085,0.0003038,0.0003045,0.0002995,0.0002962,0.0002856,0.0002751,0.0002694,0.0002592,0.0002516,0.0002417,0.0002293,0.0002168,0.0002082,0.0001944,0.0001812,0.0001662,0.0001477,0.0001347,0.0001194,0.0001044,9.243e-05,7.989e-05,7.007e-05,5.988e-05,5.176e-05,4.125e-05,3.742e-05,3.161e-05,2.671e-05,2.162e-05,1.831e-05,1.545e-05,1.244e-05,9.992e-06,7.499e-06,6.415e-06,5.31e-06,4.347e-06
0.0001587,0.0001839,0.0001766,0.0002115,0.0002087,0.0002265,0.000246,0.0002768,0.0002997,0.0003111,0.0003109,0.0003051,0.000307,0.0002984,0.0002912,0.0002865,0.0002742,0.0002725,0.000256,0.0002508,0.0002456,0.0002281,0.0002159,0.0002078,0.0001927,0.0001818,0.0001656,0.0001517,0.0001351,0.0001204,0.0001051,9.168e-05,7.875e-05,6.97e-05,5.947e-05,5.124e-05,4.331e-05,3.869e-05,3.091e-05,2.617e-05,2.225e-05,1.79e-05,1.508e-05,1.185e-05,9.982e-06,8.431e-06,6.536e-06,4.935e-06,4.114e-06
0.0001539,0.0001787,0.000175,0.000207,0.0002096,0.0002267,0.0002428,0.0002795,0.0002938,0.0003051,0.000309,0.000307,0.000303,0.0002997,0.0002942,0.000286,0.0002753,0.000269,0.000257,0.0002512,0.0002412,0.0002316,0.0002164,0.0002073,0.0001926,0.000179,0.0001661,0.0001488,0.0001353,0.0001197,0.0001046,9.18e-05,8.059e-05,6.884e-05,5.916e-05,5.158e-05,4.386e-05,3.79e-05,3.104e-05,2.673e-05,2.257e-05,1.84e-05,1.579e-05,1.226e-05,1.055e-05,8.522e-06,6.668e-06,5.381e-06,4.165e-06
0.0001535,0.0001789,0.000173,0.0002051,0.0002063,0.0002222,0.0002391,0.0002732,0.0002942,0.0003061,0.000309,0.0003032,0.0003036,0.000298,0.00029,0.0002862,0.0002763,0.0002701,0.0002567,0.0002507,0.0002415,0.0002284,0.0002178,0.0002061,0.0001944,0.0001835,0.0001637,0.0001496,0.0001346,0.0001196,0.0001062,9.145e-05,8.028e-05,6.863e-05,6.005e-05,5.115e-05,4.326e-05,3.75e-05,3.041e-05,2.625e-05,2.112e-05,1.902e-05,1.51e-05,1.273e-05,1.002e-05,8.097e-06,6.455e-06,4.722e-06,3.993e-06
0.0001591,0.0001823,0.0001776,0.0002083,0.0002125,0.0002295,0.0002445,0.0002811,0.0002978,0.0003078,0.0003086,0.0003071,0.0003028,0.0002958,0.0002949,0.0002858,0.0002787,0.0002733,0.0002594,0.0002512,0.0002438,0.0002305,0.0002183,0.0002065,0.0001951,0.0001795,0.0001662,0.0001497,0.0001349,0.0001201,0.0001075,9.365e-05,8.081e-05,6.776e-05,5.884e-05,5.075e-05,4.305e-05,3.701e-05,3.088e-05,2.596e-05,2.252e-05,1.856e-05,1.544e-05,1.165e-05,1.022e-05,8.32e-06,6.06e-06,5.239e-06,3.932e-06
0.0001547,0.0001805,0.0001753,0.0002055,0.0002082,0.0002239,0.0002429,0.0002751,0.0002953,0.0003089,0.0003111,0.0003056,0.0003023,0.0002984,0.0002958,0.0002865,0.0002725,0.0002698,0.0002595,0.0002494,0.0002436,0.0002286,0.0002164,0.0002083,0.0001958,0.0001808,0.0001663,0.0001511,0.0001337,0.0001186,0.0001072,9.134e-05,7.987e-05,6.842e-05,5.967e-05,5.079e-05,4.324e-05,3.659e-05,3.238e-05,2.709e-05,2.171e-05,1.895e-05,1.523e-05,1.297e-05,1.007e-05,8.127e-06,6.435e-06,5.067e-06,4.043e-06
0.0001469,0.0001713,0.000168,0.000197,0.0002025,0.0002163,0.0002331,0.0002661,0.0002884,0.0003024,0.0003015,0.0003005,0.0002992,0.0002992,0.000293,0.0002879,0.0002734,0.0002707,0.0002603,0.0002529,0.0002422,0.0002283,0.0002197,0.0002052,0.0001935,0.0001792,0.000165,0.0001494,0.000134,0.0001205,0.0001047,8.864e-05,8.03e-05,6.912e-05,5.95e-05,5.117e-05,4.221e-05,3.686e-05,3.17e-05,2.546e-05,2.153e-05,1.831e-05,1.537e-05,1.189e-05,1.019e-05,8.603e-06,6.556e-06,5.057e-06,4.094e-06
0.0001523,0.0001779,0.0001763,0.0002054,0.0002075,0.0002248,0.0002425,0.0002769,0.0002897,0.00031,0.0003062,0.0003051,0.0003037,0.0002981,0.0002942,0.0002871,0.0002717,0.0002704,0.0002594,0.0002519,0.0002448,0.0002295,0.0002175,0.0002053,0.0001933,0.0001798,0.000165,0.0001507,0.0001348,0.0001213,0.0001063,9.199e-05,7.915e-05,6.824e-05,5.834e-05,5.083e-05,4.435e-05,3.633e-05,3.075e-05,2.74e-05,2.227e-05,1.833e-05,1.46e-05,1.264e-05,9.9e-06,8.492e-06,6.577e-06,5.087e-06,4.023e-06
0.0001548,0.0001781,0.0001729,0.0002012,0.0002068,0.000219,0.0002378,0.000273,0.0002905,0.0003025,0.0003083,0.0003011,0.0003037,0.0002939,0.0002939,0.0002882,0.000274,0.0002703,0.0002569,0.0002511,0.0002414,0.0002263,0.0002177,0.0002082,0.0001941,0.0001812,0.0001663,0.0001488,0.0001356,0.0001202,0.0001059,9.245e-05,7.973e-05,6.826e-05,5.971e-05,5.018e-05,4.426e-05,3.718e-05,3.138e-05,2.656e-05,2.217e-05,1.827e-05,1.546e-05,1.325e-05,1.069e-05,8.157e-06,5.969e-06,5.168e-06,4.104e-06
0.0001563,0.0001818,0.0001751,0.0002073,0.0002098,0.0002254,0.0002386,0.0002756,0.000296,0.0003103,0.0003103,0.0003045,0.0003058,0.0002992,0.0002962,0.0002863,0.0002756,0.0002714,0.0002585,0.0002514,0.0002423,0.0002288,0.0002185,0.0002085,0.0001883,0.0001785,0.0001636,0.0001513,0.0001339,0.0001215,0.0001076,9.169e-05,7.932e-05,6.955e-05,5.964e-05,5.077e-05,4.379e-05,3.684e-05,3.143e-05,2.556e-05,2.094e-05,1.813e-05,1.582e-05,1.283e-05,1.008e-05,8.157e-06,6.465e-06,5.087e-06,3.942e-06
0,0,0,0,0,0,0,0,0,0,0,0,0,0,0,0,0,0,0,0,0,0,0,0,0,0,0,0,0,0,0,0,0,0,0,0,0,0,0,0,0,0,0,0,0,0,0,0,0
2nd quartile
1.325e+12,1.464e+12,1.612e+12,1.777e+12,1.963e+12,2.165e+12,2.389e+12,2.64e+12,2.915e+12,3.217e+12,3.552e+12,3.917e+12,4.321e+12,4.767e+12,5.262e+12,5.81e+12,6.408e+12,7.071e+12,7.808e+12,8.611e+12,9.506e+12,1.049e+13,1.158e+13,1.277e+13,1.409e+13,1.554e+13,1.716e+13,1.892e+13,2.092e+13,2.307e+13,2.551e+13,2.82e+13,3.121e+13,3.43e+13,3.79e+13,4.177e+13,4.605e+13,5.087e+13,5.605e+13,6.215e+13,6.85e+13,7.568e+13,8.352e+13,9.207e+13,1.013e+14,1.118e+14,1.244e+14,1.372e+14,1.512e+14
0.0003713,0.0004113,0.0003839,0.0004326,0.0004107,0.0004167,0.0004207,0.0004441,0.0004398,0.0004241,0.0003911,0.000352,0.0003147,0.0002826,0.0002498,0.0002143,0.0001853,0.0001619,0.0001366,0.000115,9.494e-05,7.438e-05,5.889e-05,4.464e-05,3.18e-05,2.184e-05,1.393e-05,9.455e-06,6.374e-06,4.469e-06,4.033e-06,3.101e-06,3.222e-06,3.456e-06,2.777e-06,2.665e-06,2.716e-06,2.452e-06,2.006e-06,1.966e-06,2.219e-06,2.037e-06,1.388e-06,1.601e-06,1.692e-06,1.287e-06,1.449e-06,1.105e-06,9.526e-07
0.0003793,0.0004213,0.0003919,0.0004384,0.000422,0.0004207,0.0004203,0.0004471,0.000441,0.0004245,0.0003913,0.0003455,0.0003152,0.0002807,0.0002496,0.0002164,0.0001865,0.0001624,0.0001338,0.0001143,9.409e-05,7.237e-05,5.695e-05,4.459e-05,3.158e-05,2.128e-05,1.438e-05,9.536e-06,6.556e-06,5.006e-06,3.78e-06,3.77e-06,3.577e-06,2.898e-06,2.888e-06,2.837e-06,2.929e-06,2.614e-06,2.493e-06,2.229e-06,1.875e-06,1.824e-06,1.723e-06,1.571e-06,1.419e-06,1.338e-06,1.378e-06,1.115e-06,1.115e-06
0.000386,0.0004245,0.0003961,0.0004401,0.0004238,0.0004234,0.0004245,0.0004474,0.0004476,0.0004267,0.0003881,0.0003493,0.0003169,0.0002773,0.0002465,0.000218,0.0001853,0.0001634,0.0001349,0.0001146,9.533e-05,7.445e-05,5.801e-05,4.432e-05,3.15e-05,2.189e-05,1.457e-05,9.647e-06,6.597e-06,4.54e-06,3.881e-06,3.526e-06,3.243e-06,3.415e-06,3.182e-06,2.655e-06,2.706e-06,2.625e-06,2.371e-06,1.996e-06,1.875e-06,1.885e-06,1.834e-06,1.763e-06,1.51e-06,1.257e-06,1.368e-06,1.064e-06,9.83e-07
0.0003773,0.0004182,0.0003905,0.0004309,0.0004191,0.000422,0.0004247,0.0004469,0.000442,0.0004276,0.0003927,0.0003527,0.0003123,0.0002804,0.0002487,0.0002157,0.0001817,0.0001608,0.0001373,0.0001151,9.432e-05,7.507e-05,5.766e-05,4.402e-05,3.102e-05,2.245e-05,1.523e-05,9.313e-06,6.688e-06,4.682e-06,3.972e-06,3.445e-06,3.374e-06,3.263e-06,3.324e-06,2.726e-06,2.635e-06,2.756e-06,2.189e-06,2.088e-06,1.976e-06,2.067e-06,1.824e-06,1.54e-06,1.439e-06,1.368e-06,1.135e-06,1.297e-06,9.83e-07
0.0003783,0.0004093,0.0003897,0.0004356,0.000416,0.0004206,0.0004202,0.0004477,0.0004417,0.0004284,0.0003919,0.0003463,0.0003153,0.0002792,0.000248,0.0002172,0.0001883,0.0001626,0.0001341,0.000114,9.196e-05,7.432e-05,5.813e-05,4.318e-05,3.289e-05,2.283e-05,1.428e-05,9.333e-06,6.111e-06,4.824e-06,4.165e-06,3.415e-06,3.476e-06,3.04e-06,3.06e-06,2.807e-06,2.858e-06,2.594e-06,2.209e-06,2.098e-06,1.692e-06,1.621e-06,1.51e-06,1.54e-06,1.368e-06,1.429e-06,1.216e-06,1.115e-06,1.125e-06
0.0003677,0.000404,0.000381,0.000426,0.0004142,0.0004156,0.0004151,0.0004462,0.0004421,0.0004282,0.0003923,0.0003494,0.0003154,0.0002786,0.0002476,0.0002185,0.0001861,0.0001601,0.0001352,0.0001147,9.32e-05,7.289e-05,5.719e-05,4.33e-05,3.169e-05,2.162e-05,1.479e-05,9.252e-06,5.938e-06,4.479e-06,4.033e-06,3.496e-06,3.222e-06,3.304e-06,2.746e-06,2.574e-06,2.726e-06,2.169e-06,2.432e-06,2.331e-06,1.854e-06,1.571e-06,1.631e-06,1.652e-06,1.429e-06,1.277e-06,1.145e-06,1.034e-06,1.074e-06
0.000381,0.0004208,0.0003912,0.0004374,0.0004217,0.0004212,0.000422,0.0004481,0.0004448,0.0004253,0.0003884,0.0003475,0.0003149,0.0002804,0.0002472,0.0002166,0.0001856,0.0001622,0.0001342,0.0001141,9.439e-05,7.506e-05,5.948e-05,4.37e-05,3.207e-05,2.189e-05,1.415e-05,9.039e-06,6.678e-06,4.793e-06,3.972e-06,3.618e-06,3.081e-06,3.354e-06,2.746e-06,2.766e-06,2.807e-06,2.675e-06,2.199e-06,2.148e-06,1.986e-06,1.794e-06,1.55e-06,1.591e-06,1.469e-06,1.409e-06,1.186e-06,1.013e-06,8.614e-07
0.0003721,0.0004095,0.0003837,0.000431,0.0004169,0.000417,0.0004213,0.0004437,0.0004419,0.0004271,0.0003909,0.0003485,0.0003145,0.0002815,0.0002479,0.0002159,0.0001866,0.0001629,0.0001361,0.0001149,9.461e-05,7.381e-05,5.866e-05,4.332e-05,3.082e-05,2.143e-05,1.455e-05,9.363e-06,5.877e-06,4.499e-06,4.205e-06,3.719e-06,3.445e-06,3.06e-06,3.01e-06,2.726e-06,2.625e-06,2.422e-06,2.523e-06,2.098e-06,1.875e-06,1.713e-06,1.459e-06,1.52e-06,1.581e-06,1.469e-06,1.338e-06,1.054e-06,9.424e-07
0.000363,0.0004047,0.0003785,0.0004251,0.0004084,0.0004142,0.0004136,0.0004438,0.0004383,0.0004256,0.00039,0.0003479,0.000315,0.0002795,0.0002505,0.0002158,0.000186,0.0001636,0.0001366,0.0001142,9.265e-05,7.489e-05,5.897e-05,4.399e-05,3.102e-05,2.099e-05,1.398e-05,9.08e-06,6.111e-06,4.509e-06,3.658e-06,3.526e-06,3.709e-06,3.699e-06,3.273e-06,2.888e-06,2.675e-06,2.493e-06,2.392e-06,2.006e-06,1.976e-06,1.895e-06,1.621e-06,1.53e-06,1.439e-06,1.378e-06,1.246e-06,1.196e-06,1.186e-06
0.0003758,0.0004196,0.0003897,0.0004363,0.000416,0.0004223,0.0004219,0.0004468,0.0004422,0.0004272,0.0003919,0.0003459,0.0003138,0.0002785,0.0002472,0.0002171,0.0001854,0.0001607,0.0001368,0.0001119,9.535e-05,7.458e-05,5.824e-05,4.384e-05,3.093e-05,2.211e-05,1.368e-05,8.907e-06,6.83e-06,4.763e-06,4.165e-06,3.729e-06,3.192e-06,2.939e-06,2.979e-06,2.726e-06,2.878e-06,2.716e-06,2.24e-06,2.118e-06,2.189e-06,1.723e-06,1.844e-06,1.652e-06,1.52e-06,1.409e-06,1.216e-06,1.125e-06,9.931e-07
0.0003644,0.0004066,0.0003786,0.000427,0.000408,0.0004138,0.0004144,0.000443,0.000442,0.0004216,0.0003885,0.0003527,0.0003164,0.0002805,0.0002496,0.000217,0.0001853,0.0001639,0.0001342,0.0001156,9.533e-05,7.434e-05,5.683e-05,4.356e-05,3.209e-05,2.167e-05,1.42e-05,8.857e-06,6.232e-06,4.256e-06,4.256e-06,3.719e-06,3.05e-06,3.344e-06,3.04e-06,2.979e-06,2.523e-06,2.27e-06,2.331e-06,2.179e-06,2.077e-06,1.713e-06,1.51e-06,1.621e-06,1.439e-06,1.561e-06,1.246e-06,1.236e-06,8.918e-07
0.0003767,0.0004157,0.0003864,0.0004321,0.0004176,0.0004215,0.0004208,0.0004473,0.0004403,0.0004291,0.0003935,0.0003516,0.000315,0.0002794,0.0002494,0.0002179,0.0001868,0.00016,0.0001359,0.0001157,9.386e-05,7.525e-05,6.071e-05,4.429e-05,3.121e-05,2.178e-05,1.482e-05,9.333e-06,6.293e-06,4.854e-06,3.719e-06,3.537e-06,3.516e-06,3.202e-06,2.868e-06,3.07e-06,2.554e-06,2.523e-06,2.422e-06,2.037e-06,2.017e-06,1.631e-06,1.652e-06,1.692e-06,1.459e-06,1.267e-06,1.287e-06,1.226e-06,1.003e-06
0.0003833,0.0004259,0.0003934,0.0004388,0.0004232,0.0004243,0.0004202,0.000447,0.0004437,0.0004234,0.0003922,0.0003477,0.0003167,0.0002766,0.0002494,0.0002165,0.0001862,0.0001624,0.0001377,0.0001147,9.408e-05,7.592e-05,5.9e-05,4.42e-05,3.183e-05,2.233e-05,1.408e-05,9.586e-06,6.465e-06,4.469e-06,3.912e-06,3.435e-06,3.253e-06,3.395e-06,2.898e-06,3.081e-06,2.614e-06,2.594e-06,2.402e-06,2.179e-06,2.148e-06,1.804e-06,1.621e-06,1.571e-06,1.702e-06,1.226e-06,1.307e-06,1.034e-06,9.728e-07
0.0003544,0.0004009,0.0003743,0.000417,0.0004064,0.0004107,0.0004105,0.0004394,0.0004389,0.000427,0.0003904,0.0003481,0.0003142,0.0002829,0.0002504,0.0002191,0.0001864,0.0001621,0.0001354,0.0001136,9.665e-05,7.346e-05,5.621e-05,4.29e-05,3.115e-05,2.135e-05,1.403e-05,9.09e-06,6.06e-06,4.438e-06,4.489e-06,3.77e-06,3.293e-06,3.243e-06,2.868e-06,2.949e-06,2.685e-06,2.594e-06,2.513e-06,2.128e-06,1.936e-06,1.946e-06,1.52e-06,1.662e-06,1.53e-06,1.439e-06,1.307e-06,1.216e-06,7.499e-07
0.0003784,0.0004169,0.0003868,0.0004351,0.0004185,0.000421,0.0004223,0.0004481,0.0004419,0.000426,0.0003912,0.0003486,0.0003193,0.0002779,0.0002482,0.0002152,0.0001849,0.0001614,0.0001355,0.000115,9.43e-05,7.413e-05,5.742e-05,4.264e-05,3.164e-05,2.281e-05,1.523e-05,8.958e-06,5.847e-06,4.297e-06,4.023e-06,3.547e-06,3.719e-06,3.263e-06,2.949e-06,2.716e-06,2.787e-06,2.452e-06,2.128e-06,1.844e-06,1.976e-06,1.631e-06,1.854e-06,1.51e-06,1.571e-06,1.459e-06,1.297e-06,9.728e-07,9.83e-07
0.0003819,0.0004204,0.0003901,0.0004338,0.0004214,0.0004213,0.0004215,0.0004527,0.0004436,0.0004252,0.0003906,0.0003493,0.000314,0.0002779,0.0002442,0.0002166,0.0001838,0.0001604,0.0001339,0.0001146,9.563e-05,7.658e-05,5.926e-05,4.542e-05,3.113e-05,2.185e-05,1.425e-05,9.313e-06,6.121e-06,4.864e-06,3.466e-06,3.648e-06,3.283e-06,3.395e-06,3.111e-06,2.888e-06,2.787e-06,2.523e-06,2.098e-06,2.158e-06,1.763e-06,1.733e-06,1.53e-06,1.713e-06,1.52e-06,1.459e-06,1.277e-06,1.236e-06,9.323e-07
0.0003685,0.000412,0.0003839,0.0004303,0.0004145,0.0004193,0.0004216,0.0004459,0.0004419,0.0004238,0.0003898,0.0003478,0.0003156,0.0002779,0.00025,0.000218,0.0001844,0.0001609,0.0001371,0.0001127,9.343e-05,7.571e-05,5.833e-05,4.455e-05,3.219e-05,2.215e-05,1.397e-05,9.576e-06,6.303e-06,4.388e-06,4.155e-06,3.597e-06,3.233e-06,3.04e-06,2.969e-06,2.898e-06,2.452e-06,2.341e-06,2.158e-06,2.219e-06,1.885e-06,1.723e-06,1.773e-06,1.682e-06,1.672e-06,1.378e-06,1.317e-06,1.145e-06,1.105e-06
0.0003718,0.0004091,0.0003783,0.0004271,0.0004081,0.0004129,0.0004168,0.0004419,0.0004417,0.0004248,0.0003901,0.0003491,0.0003173,0.0002804,0.0002496,0.0002179,0.0001869,0.0001643,0.0001361,0.0001139,9.454e-05,7.421e-05,5.839e-05,4.477e-05,3.071e-05,2.109e-05,1.435e-05,9.546e-06,6.09e-06,5.077e-06,4.185e-06,4.185e-06,3.476e-06,3.243e-06,2.908e-06,2.584e-06,2.797e-06,2.777e-06,2.29e-06,2.037e-06,2.047e-06,2.006e-06,1.54e-06,1.561e-06,1.459e-06,1.378e-06,1.307e-06,1.145e-06,9.931e-07
0.0003684,0.0004082,0.0003842,0.0004289,0.0004144,0.0004156,0.0004189,0.0004431,0.0004419,0.0004253,0.0003902,0.0003527,0.0003142,0.0002812,0.0002474,0.000219,0.0001887,0.0001623,0.0001343,0.0001146,9.607e-05,7.516e-05,5.948e-05,4.383e-05,3.19e-05,2.123e-05,1.407e-05,9.14e-06,5.999e-06,4.56e-06,4.165e-06,3.385e-06,3.334e-06,3.04e-06,3.334e-06,2.675e-06,2.554e-06,2.442e-06,2.3e-06,2.138e-06,2.057e-06,2.128e-06,1.763e-06,1.692e-06,1.682e-06,1.338e-06,1.226e-06,9.931e-07,9.019e-07
0.0003732,0.0004141,0.0003872,0.0004323,0.0004155,0.0004172,0.0004212,0.0004484,0.0004399,0.0004247,0.0003896,0.0003536,0.0003127,0.0002801,0.0002519,0.0002163,0.0001884,0.0001628,0.0001363,0.0001127,9.38e-05,7.46e-05,5.603e-05,4.371e-05,3.235e-05,2.193e-05,1.455e-05,9.728e-06,6.05e-06,4.621e-06,3.922e-06,3.638e-06,3.162e-06,3.07e-06,2.787e-06,2.979e-06,2.462e-06,2.422e-06,2.29e-06,2.351e-06,1.804e-06,1.804e-06,1.682e-06,1.439e-06,1.692e-06,1.327e-06,1.105e-06,1.175e-06,1.145e-06
0.0003626,0.0004081,0.0003807,0.0004266,0.0004086,0.0004128,0.000414,0.000444,0.0004411,0.0004261,0.0003891,0.0003476,0.0003171,0.0002807,0.0002466,0.0002204,0.0001872,0.0001629,0.0001364,0.0001146,9.397e-05,7.506e-05,5.905e-05,4.254e-05,3.133e-05,2.191e-05,1.395e-05,9.171e-06,6.07e-06,5.026e-06,3.8e-06,3.638e-06,2.898e-06,3.212e-06,3.506e-06,2.756e-06,2.523e-06,2.564e-06,2.199e-06,1.824e-06,1.895e-06,1.865e-06,1.875e-06,1.591e-06,1.621e-06,1.317e-06,1.348e-06,1.054e-06,1.034e-06
0.0003758,0.0004172,0.0003872,0.0004318,0.0004126,0.0004177,0.0004191,0.0004453,0.000443,0.0004252,0.0003938,0.0003478,0.0003141,0.0002781,0.0002469,0.0002173,0.0001852,0.0001635,0.000137,0.0001137,9.511e-05,7.585e-05,5.796e-05,4.469e-05,3.181e-05,2.208e-05,1.479e-05,9.738e-06,6.283e-06,4.428e-06,4.216e-06,4.043e-06,3.141e-06,3.425e-06,2.939e-06,2.969e-06,2.807e-06,2.625e-06,2.138e-06,2.088e-06,1.946e-06,2.047e-06,1.854e-06,1.388e-06,1.267e-06,1.287e-06,1.105e-06,1.034e-06,9.222e-07
0.0003789,0.0004163,0.0003883,0.0004377,0.0004204,0.0004208,0.0004234,0.0004472,0.0004423,0.0004275,0.0003901,0.0003459,0.0003153,0.0002774,0.0002495,0.0002169,0.000186,0.0001628,0.0001353,0.0001134,9.486e-05,7.45e-05,5.769e-05,4.441e-05,3.169e-05,2.091e-05,1.473e-05,9.809e-06,6.374e-06,4.915e-06,4.064e-06,3.658e-06,3.435e-06,3.01e-06,3.304e-06,2.878e-06,2.787e-06,2.483e-06,2.28e-06,2.047e-06,1.784e-06,1.682e-06,1.824e-06,1.642e-06,1.469e-06,1.246e-06,1.165e-06,1.094e-06,1.216e-06
0.0003749,0.0004175,0.0003907,0.0004352,0.0004183,0.0004164,0.0004211,0.0004462,0.000443,0.0004298,0.0003913,0.0003497,0.000318,0.0002795,0.0002465,0.0002148,0.0001874,0.0001604,0.0001361,0.0001144,9.528e-05,7.481e-05,5.825e-05,4.373e-05,3.222e-05,2.237e-05,1.394e-05,9.333e-06,6.333e-06,5.128e-06,3.851e-06,3.78e-06,3.466e-06,3.314e-06,2.848e-06,2.625e-06,2.726e-06,2.321e-06,2.533e-06,2.047e-06,1.966e-06,1.591e-06,1.946e-06,1.5e-06,1.571e-06,1.368e-06,1.105e-06,1.175e-06,9.323e-07
0.0003708,0.0004113,0.0003868,0.0004303,0.0004121,0.0004141,0.0004171,0.0004473,0.0004449,0.0004287,0.0003912,0.0003459,0.0003165,0.0002801,0.000248,0.0002152,0.000187,0.0001644,0.0001358,0.0001155,9.442e-05,7.318e-05,5.91e-05,4.35e-05,3.248e-05,2.229e-05,1.462e-05,9.059e-06,6.485e-06,4.773e-06,3.699e-06,3.597e-06,3.07e-06,3.222e-06,2.726e-06,2.706e-06,2.422e-06,2.392e-06,2.26e-06,2.28e-06,1.865e-06,1.682e-06,1.591e-06,1.642e-06,1.51e-06,1.327e-06,1.155e-06,9.526e-07,1.054e-06
0.0003661,0.0004058,0.0003811,0.0004231,0.0004133,0.0004167,0.0004171,0.0004426,0.0004375,0.0004243,0.0003887,0.0003492,0.0003149,0.0002797,0.0002461,0.0002181,0.0001842,0.0001634,0.0001369,0.0001142,9.408e-05,7.473e-05,5.847e-05,4.367e-05,3.101e-05,2.24e-05,1.389e-05,9.556e-06,6.577e-06,4.56e-06,4.145e-06,3.456e-06,3.222e-06,3.537e-06,3.212e-06,3e-06,2.564e-06,2.473e-06,2.3e-06,2.098e-06,1.895e-06,1.804e-06,1.854e-06,1.743e-06,1.358e-06,1.398e-06,1.317e-06,1.186e-06,1.003e-06
0.000361,0.0004062,0.0003787,0.0004259,0.0004094,0.0004112,0.0004139,0.0004399,0.0004354,0.0004278,0.0003917,0.0003487,0.000315,0.0002797,0.0002514,0.0002172,0.0001846,0.0001614,0.0001357,0.0001169,9.371e-05,7.366e-05,5.814e-05,4.444e-05,3.172e-05,2.12e-05,1.427e-05,9.242e-06,6.161e-06,5.067e-06,3.861e-06,3.648e-06,3.506e-06,3e-06,2.918e-06,2.827e-06,2.746e-06,2.321e-06,2.503e-06,1.905e-06,1.875e-06,1.844e-06,1.479e-06,1.601e-06,1.54e-06,1.135e-06,1.398e-06,8.614e-07,9.728e-07
0.0003736,0.0004187,0.0003874,0.0004316,0.0004151,0.0004195,0.0004188,0.0004492,0.0004406,0.0004246,0.0003872,0.0003466,0.0003135,0.0002783,0.0002499,0.0002125,0.0001882,0.0001613,0.0001357,0.000116,9.55e-05,7.479e-05,5.893e-05,4.475e-05,3.12e-05,2.228e-05,1.454e-05,9.728e-06,6.111e-06,4.661e-06,3.962e-06,3.496e-06,3.222e-06,3.304e-06,3.05e-06,2.797e-06,2.381e-06,2.412e-06,2.189e-06,2.209e-06,1.875e-06,1.996e-06,1.631e-06,1.591e-06,1.5e-06,1.5e-06,1.317e-06,1.135e-06,1.054e-06
0.0003706,0.0004119,0.0003849,0.0004302,0.000412,0.0004179,0.0004191,0.0004418,0.00044,0.0004241,0.0003933,0.0003525,0.0003148,0.0002814,0.0002479,0.0002194,0.0001851,0.0001607,0.0001365,0.0001159,9.368e-05,7.393e-05,5.788e-05,4.586e-05,3.19e-05,2.068e-05,1.423e-05,8.988e-06,6.415e-06,4.621e-06,3.82e-06,3.395e-06,3.121e-06,3.233e-06,3.05e-06,2.807e-06,2.462e-06,2.371e-06,2.169e-06,2.098e-06,1.865e-06,1.996e-06,1.631e-06,1.621e-06,1.52e-06,1.52e-06,1.175e-06,1.175e-06,1.003e-06
0.0003774,0.0004186,0.000389,0.000437,0.0004152,0.000419,0.0004208,0.0004474,0.0004418,0.00043,0.0003889,0.0003479,0.0003174,0.0002794,0.0002467,0.0002186,0.0001882,0.0001641,0.0001375,0.0001145,9.596e-05,7.417e-05,5.811e-05,4.305e-05,3.113e-05,2.2e-05,1.396e-05,9.617e-06,6.475e-06,4.793e-06,3.912e-06,3.456e-06,3.689e-06,3.07e-06,2.848e-06,2.908e-06,2.584e-06,2.331e-06,2.26e-06,2.189e-06,1.743e-06,1.854e-06,1.682e-06,1.611e-06,1.368e-06,1.348e-06,1.216e-06,1.165e-06,8.512e-07
0.0003711,0.0004119,0.0003824,0.000429,0.0004116,0.0004169,0.0004197,0.0004425,0.0004426,0.0004289,0.0003929,0.00035,0.0003168,0.0002794,0.000248,0.0002156,0.0001848,0.0001665,0.0001365,0.0001168,9.46e-05,7.432e-05,5.902e-05,4.435e-05,3.139e-05,2.21e-05,1.453e-05,9.607e-06,6.141e-06,4.611e-06,3.719e-06,3.506e-06,3.334e-06,3.324e-06,2.888e-06,2.736e-06,2.736e-06,2.614e-06,2.229e-06,2.077e-06,1.895e-06,1.854e-06,1.824e-06,1.307e-06,1.561e-06,1.55e-06,1.186e-06,1.044e-06,8.918e-07
0.000374,0.0004142,0.0003894,0.0004306,0.0004182,0.0004219,0.0004178,0.0004453,0.0004409,0.0004283,0.0003905,0.000348,0.0003151,0.000281,0.0002446,0.0002163,0.000184,0.0001616,0.0001378,0.0001151,9.43e-05,7.406e-05,5.704e-05,4.301e-05,3.085e-05,2.079e-05,1.443e-05,9.1e-06,6.181e-06,4.742e-06,3.972e-06,3.405e-06,3.202e-06,3.253e-06,3.202e-06,2.625e-06,2.918e-06,2.584e-06,2.726e-06,2.037e-06,1.692e-06,1.996e-06,1.804e-06,1.54e-06,1.449e-06,1.378e-06,1.003e-06,1.094e-06,9.526e-07
0.0003584,0.0004036,0.0003745,0.0004281,0.0004059,0.0004133,0.0004124,0.0004428,0.0004409,0.0004258,0.0003919,0.0003527,0.0003123,0.0002841,0.0002497,0.0002169,0.0001852,0.0001602,0.0001365,0.0001129,9.302e-05,7.594e-05,5.684e-05,4.392e-05,3.14e-05,2.134e-05,1.38e-05,9.049e-06,6.252e-06,4.692e-06,3.962e-06,3.577e-06,3.263e-06,3.374e-06,2.746e-06,2.989e-06,2.787e-06,2.462e-06,2.442e-06,2.533e-06,1.844e-06,1.642e-06,1.611e-06,1.763e-06,1.5e-06,1.561e-06,1.054e-06,1.023e-06,1.003e-06
0.0003829,0.0004224,0.0003962,0.0004411,0.0004235,0.0004234,0.0004205,0.0004494,0.0004446,0.0004253,0.0003882,0.0003479,0.0003168,0.0002751,0.0002476,0.0002173,0.0001859,0.0001633,0.0001386,0.000116,9.481e-05,7.64e-05,5.876e-05,4.444e-05,3.11e-05,2.212e-05,1.475e-05,9.799e-06,6.333e-06,4.53e-06,4.205e-06,3.233e-06,3.293e-06,3.243e-06,3.395e-06,2.898e-06,2.625e-06,2.544e-06,2.189e-06,2.128e-06,1.854e-06,1.753e-06,1.804e-06,1.662e-06,1.469e-06,1.236e-06,1.206e-06,1.044e-06,1.044e-06
0.0003795,0.0004204,0.0003894,0.000433,0.0004165,0.0004174,0.0004186,0.0004467,0.0004434,0.0004274,0.0003886,0.0003511,0.0003166,0.0002765,0.0002477,0.0002163,0.0001854,0.0001624,0.0001358,0.0001146,9.594e-05,7.604e-05,5.837e-05,4.451e-05,3.12e-05,2.214e-05,1.402e-05,9.769e-06,6.384e-06,4.925e-06,3.881e-06,3.577e-06,3.425e-06,3.263e-06,2.878e-06,2.929e-06,2.442e-06,2.371e-06,2.006e-06,1.986e-06,1.854e-06,1.875e-06,1.733e-06,1.469e-06,1.409e-06,1.55e-06,1.226e-06,1.257e-06,1.003e-06
0.0003881,0.0004232,0.0003947,0.0004404,0.0004245,0.000424,0.0004256,0.0004469,0.0004393,0.0004298,0.0003892,0.0003487,0.0003117,0.0002736,0.0002451,0.0002145,0.0001853,0.0001605,0.0001376,0.0001157,9.226e-05,7.528e-05,5.832e-05,4.553e-05,3.17e-05,2.215e-05,1.447e-05,9.252e-06,6.668e-06,4.53e-06,3.851e-06,3.901e-06,3.283e-06,2.969e-06,2.706e-06,2.898e-06,2.533e-06,2.503e-06,2.067e-06,2.209e-06,1.996e-06,1.875e-06,1.844e-06,1.54e-06,1.52e-06,1.479e-06,1.409e-06,1.196e-06,1.034e-06
0.0003784,0.0004217,0.0003898,0.0004366,0.0004205,0.0004185,0.0004197,0.0004448,0.0004413,0.0004272,0.0003908,0.00035,0.0003169,0.0002812,0.0002484,0.0002204,0.0001837,0.0001623,0.0001349,0.0001157,9.371e-05,7.467e-05,5.745e-05,4.484e-05,3.16e-05,2.116e-05,1.442e-05,9.738e-06,6.587e-06,4.57e-06,3.922e-06,3.243e-06,3.334e-06,3.243e-06,2.716e-06,2.787e-06,2.533e-06,2.787e-06,2.392e-06,2.28e-06,1.733e-06,1.794e-06,1.743e-06,1.561e-06,1.317e-06,1.429e-06,1.175e-06,1.135e-06,1.186e-06
0.0003748,0.00042,0.0003867,0.0004357,0.0004162,0.0004188,0.0004172,0.0004448,0.0004412,0.0004253,0.0003899,0.0003496,0.0003159,0.0002777,0.0002477,0.0002169,0.0001852,0.0001648,0.0001362,0.0001131,9.607e-05,7.429e-05,5.906e-05,4.354e-05,3.076e-05,2.155e-05,1.477e-05,9.485e-06,6.465e-06,4.368e-06,3.841e-06,3.395e-06,3.506e-06,2.949e-06,3.01e-06,3.273e-06,2.655e-06,2.614e-06,2.392e-06,2.037e-06,1.763e-06,1.844e-06,1.713e-06,1.55e-06,1.601e-06,1.307e-06,1.307e-06,1.267e-06,1.094e-06
0.0003809,0.000422,0.0003921,0.0004395,0.0004205,0.0004199,0.0004229,0.0004481,0.000447,0.0004293,0.0003909,0.0003491,0.000315,0.0002785,0.000248,0.0002178,0.0001885,0.0001631,0.0001374,0.0001143,9.388e-05,7.615e-05,5.754e-05,4.369e-05,3.214e-05,2.152e-05,1.46e-05,9.515e-06,6.556e-06,4.712e-06,3.912e-06,3.557e-06,3.445e-06,3.172e-06,2.959e-06,2.766e-06,2.533e-06,2.655e-06,2.088e-06,2.108e-06,1.804e-06,1.925e-06,1.713e-06,1.49e-06,1.186e-06,1.49e-06,1.388e-06,1.074e-06,1.074e-06
0.0003808,0.0004238,0.0003903,0.0004399,0.0004174,0.0004189,0.0004218,0.0004465,0.0004447,0.0004259,0.000392,0.0003479,0.0003148,0.000281,0.0002478,0.0002162,0.0001858,0.000162,0.0001374,0.000115,9.402e-05,7.283e-05,5.764e-05,4.39e-05,3.119e-05,2.174e-05,1.432e-05,9.333e-06,5.999e-06,4.753e-06,3.962e-06,3.466e-06,3.03e-06,3.253e-06,2.858e-06,2.716e-06,2.462e-06,2.493e-06,2.3e-06,2.229e-06,1.905e-06,1.631e-06,1.784e-06,1.844e-06,1.49e-06,1.287e-06,1.368e-06,1.054e-06,9.424e-07
0.0003651,0.0004066,0.0003758,0.0004246,0.0004116,0.0004119,0.0004175,0.0004445,0.0004423,0.0004248,0.0003872,0.0003513,0.0003157,0.0002824,0.0002492,0.0002176,0.0001874,0.000163,0.0001357,0.0001145,9.464e-05,7.438e-05,5.872e-05,4.315e-05,3.133e-05,2.058e-05,1.42e-05,9.292e-06,5.959e-06,4.935e-06,3.648e-06,3.597e-06,3.263e-06,3.222e-06,2.929e-06,2.625e-06,2.756e-06,2.483e-06,2.179e-06,2.098e-06,1.915e-06,1.601e-06,1.429e-06,1.753e-06,1.662e-06,1.125e-06,1.348e-06,1.115e-06,1.165e-06
0.0003737,0.0004141,0.0003855,0.000434,0.0004205,0.0004184,0.0004207,0.0004447,0.0004405,0.000426,0.0003936,0.0003532,0.0003149,0.0002796,0.0002474,0.0002183,0.0001849,0.0001629,0.0001372,0.0001134,9.338e-05,7.611e-05,5.878e-05,4.411e-05,2.967e-05,2.119e-05,1.473e-05,9.485e-06,6.506e-06,4.773e-06,3.78e-06,3.537e-06,3.263e-06,3.506e-06,3.233e-06,2.696e-06,2.473e-06,2.746e-06,2.138e-06,2.27e-06,2.057e-06,1.54e-06,1.469e-06,1.854e-06,1.54e-06,1.348e-06,1.327e-06,1.277e-06,8.411e-07
0.000375,0.0004166,0.0003862,0.0004305,0.0004169,0.0004156,0.0004191,0.0004448,0.0004411,0.0004213,0.00039,0.000348,0.0003163,0.0002798,0.0002463,0.0002179,0.000186,0.0001605,0.0001357,0.0001141,9.694e-05,7.606e-05,5.761e-05,4.412e-05,3.155e-05,2.212e-05,1.447e-05,9.556e-06,6.536e-06,4.996e-06,3.739e-06,3.608e-06,3.172e-06,3.233e-06,2.939e-06,2.807e-06,2.574e-06,2.533e-06,1.946e-06,2.027e-06,2.006e-06,1.763e-06,1.226e-06,1.55e-06,1.55e-06,1.277e-06,1.429e-06,1.175e-06,9.931e-07
0.0003785,0.0004225,0.0003847,0.0004378,0.0004176,0.0004199,0.000421,0.0004476,0.0004454,0.0004272,0.000392,0.0003469,0.0003125,0.0002805,0.0002498,0.0002175,0.0001842,0.0001612,0.0001382,0.0001147,9.479e-05,7.469e-05,5.864e-05,4.567e-05,3.25e-05,2.12e-05,1.516e-05,9.434e-06,6.354e-06,3.962e-06,3.881e-06,3.668e-06,3.537e-06,3.283e-06,2.858e-06,3.111e-06,2.989e-06,2.604e-06,2.371e-06,1.925e-06,2.098e-06,1.672e-06,1.753e-06,1.409e-06,1.358e-06,1.175e-06,1.287e-06,1.175e-06,1.125e-06
0,0,0,0,0,0,0,0,0,0,0,0,0,0,0,0,0,0,0,0,0,0,0,0,0,0,0,0,0,0,0,0,0,0,0,0,0,0,0,0,0,0,0,0,0,0,0,0,0
3rd quartile
1.325e+12,1.463e+12,1.611e+12,1.776e+12,1.962e+12,2.164e+12,2.387e+12,2.638e+12,2.913e+12,3.215e+12,3.548e+12,3.915e+12,4.319e+12,4.764e+12,5.259e+12,5.803e+12,6.404e+12,7.065e+12,7.8e+12,8.602e+12,9.488e+12,1.05e+13,1.158e+13,1.275e+13,1.409e+13,1.558e+13,1.713e+13,1.894e+13,2.096e+13,2.316e+13,2.551e+13,2.826e+13,3.117e+13,3.428e+13,3.797e+13,4.172e+13,4.631e+13,5.121e+13,5.625e+13,6.23e+13,6.825e+13,7.558e+13,8.35e+13,9.181e+13,1.019e+14,1.127e+14,1.239e+14,1.374e+14,1.503e+14
0.0005705,0.0006074,0.0005302,0.0005586,0.0005003,0.0004687,0.0004291,0.0004196,0.0003878,0.0003487,0.0002947,0.0002428,0.0001982,0.0001613,0.0001322,0.0001042,8.259e-05,6.472e-05,4.909e-05,3.776e-05,2.671e-05,1.932e-05,1.377e-05,9.333e-06,6.597e-06,4.955e-06,3.212e-06,2.969e-06,2.432e-06,2.726e-06,2.351e-06,2.027e-06,1.976e-06,2.067e-06,1.915e-06,1.702e-06,1.956e-06,1.591e-06,1.53e-06,1.206e-06,9.83e-07,1.034e-06,1.013e-06,6.587e-07,6.384e-07,6.08e-07,6.181e-07,3.851e-07,4.357e-07
0.0005816,0.0006145,0.0005394,0.0005633,0.0005058,0.0004709,0.0004332,0.0004154,0.0003888,0.0003494,0.0002926,0.0002414,0.0001979,0.0001633,0.0001299,0.0001065,8.201e-05,6.615e-05,4.963e-05,3.858e-05,2.805e-05,2.026e-05,1.389e-05,9.627e-06,6.475e-06,4.398e-06,3.547e-06,2.635e-06,2.493e-06,2.392e-06,2.219e-06,1.854e-06,1.936e-06,1.743e-06,1.773e-06,1.895e-06,1.49e-06,1.682e-06,1.52e-06,1.257e-06,1.145e-06,1.094e-06,8.715e-07,8.107e-07,7.701e-07,5.472e-07,4.256e-07,4.56e-07,3.445e-07
0.0005892,0.0006194,0.0005388,0.0005655,0.0005067,0.0004736,0.0004309,0.0004211,0.0003856,0.0003435,0.0002966,0.0002427,0.0002001,0.0001632,0.0001315,0.0001058,8.276e-05,6.458e-05,5.022e-05,3.821e-05,2.996e-05,2.049e-05,1.369e-05,9.728e-06,6.536e-06,4.307e-06,3.425e-06,2.979e-06,2.493e-06,2.331e-06,2.229e-06,2.351e-06,2.098e-06,2.412e-06,1.956e-06,1.804e-06,1.743e-06,1.844e-06,1.459e-06,1.55e-06,1.125e-06,9.931e-07,9.728e-07,8.208e-07,5.877e-07,5.675e-07,3.648e-07,4.053e-07,3.344e-07
0.0005832,0.0006096,0.0005391,0.0005643,0.0005007,0.0004663,0.0004332,0.0004196,0.0003859,0.0003461,0.0002916,0.0002416,0.0001969,0.0001616,0.000133,0.0001047,8.492e-05,6.42e-05,5.047e-05,3.781e-05,2.869e-05,1.958e-05,1.369e-05,1.006e-05,6.344e-06,4.418e-06,3.354e-06,2.483e-06,2.452e-06,2.442e-06,2.371e-06,2.108e-06,2.006e-06,2.118e-06,1.733e-06,1.976e-06,1.794e-06,1.581e-06,1.692e-06,1.459e-06,1.267e-06,1.013e-06,9.222e-07,7.195e-07,5.371e-07,4.763e-07,5.067e-07,3.851e-07,4.965e-07
0.0005798,0.0006117,0.0005392,0.0005604,0.0005038,0.0004652,0.0004328,0.0004182,0.0003864,0.0003459,0.0002952,0.0002401,0.0001964,0.0001627,0.0001325,0.0001051,8.201e-05,6.548e-05,5.12e-05,3.747e-05,2.803e-05,1.955e-05,1.39e-05,8.411e-06,6.627e-06,4.905e-06,3.334e-06,2.574e-06,2.594e-06,2.361e-06,2.483e-06,2.392e-06,1.885e-06,1.804e-06,1.986e-06,1.976e-06,1.692e-06,1.378e-06,1.753e-06,1.52e-06,1.226e-06,9.12e-07,7.701e-07,9.424e-07,6.789e-07,6.181e-07,4.459e-07,4.053e-07,4.155e-07
0.0005701,0.0005991,0.0005337,0.0005538,0.0004964,0.0004621,0.0004313,0.0004176,0.0003849,0.0003497,0.0002917,0.0002428,0.0002003,0.0001624,0.0001293,0.0001044,8.065e-05,6.543e-05,4.938e-05,3.657e-05,2.789e-05,2.038e-05,1.315e-05,9.303e-06,6.151e-06,4.722e-06,3.79e-06,2.797e-06,2.655e-06,2.361e-06,2.057e-06,2.199e-06,2.199e-06,2.25e-06,1.713e-06,1.794e-06,1.692e-06,1.723e-06,1.631e-06,1.409e-06,1.216e-06,1.105e-06,9.83e-07,7.701e-07,5.472e-07,5.168e-07,4.56e-07,3.851e-07,2.533e-07
0.0005859,0.0006146,0.0005378,0.0005616,0.0005019,0.0004652,0.0004334,0.0004211,0.000389,0.0003469,0.0002947,0.0002424,0.0001995,0.0001602,0.0001334,0.0001067,8.225e-05,6.532e-05,5.003e-05,3.794e-05,2.807e-05,2.016e-05,1.401e-05,9.333e-06,6.242e-06,4.712e-06,3.192e-06,2.807e-06,2.655e-06,2.462e-06,2.321e-06,2.219e-06,2.189e-06,2.169e-06,1.966e-06,1.723e-06,1.662e-06,1.763e-06,1.388e-06,1.469e-06,1.257e-06,1.105e-06,1.094e-06,8.107e-07,6.384e-07,5.269e-07,5.979e-07,4.256e-07,4.56e-07
0.0005745,0.0006044,0.0005356,0.0005585,0.0004986,0.000469,0.0004321,0.0004176,0.0003859,0.00035,0.0002928,0.0002415,0.0001996,0.0001606,0.0001289,0.0001031,8.174e-05,6.487e-05,4.958e-05,3.807e-05,2.726e-05,1.953e-05,1.401e-05,9.303e-06,6.394e-06,4.469e-06,2.979e-06,2.685e-06,2.371e-06,2.533e-06,2.29e-06,1.925e-06,2.432e-06,1.976e-06,2.057e-06,1.966e-06,1.905e-06,1.631e-06,1.713e-06,1.429e-06,1.125e-06,1.175e-06,9.019e-07,8.107e-07,8.005e-07,5.067e-07,4.965e-07,4.053e-07,2.939e-07
0.0005666,0.0006006,0.0005305,0.0005544,0.0004966,0.0004642,0.0004273,0.0004174,0.0003853,0.0003468,0.0002938,0.0002418,0.0002005,0.0001614,0.0001316,0.0001047,8.3e-05,6.552e-05,4.916e-05,3.741e-05,2.75e-05,1.892e-05,1.355e-05,9.404e-06,6.384e-06,4.094e-06,3.273e-06,2.533e-06,2.422e-06,2.29e-06,2.189e-06,2.037e-06,2.219e-06,1.946e-06,1.662e-06,1.925e-06,1.723e-06,1.581e-06,1.611e-06,1.419e-06,1.338e-06,9.627e-07,9.728e-07,7.499e-07,5.675e-07,5.675e-07,3.547e-07,4.661e-07,3.141e-07
0.0005783,0.000612,0.0005361,0.0005602,0.0005023,0.000463,0.0004316,0.0004223,0.0003866,0.0003465,0.0002915,0.0002422,0.0002011,0.0001626,0.000131,0.0001035,8.014e-05,6.467e-05,5.088e-05,3.929e-05,2.806e-05,1.943e-05,1.457e-05,9.688e-06,6.536e-06,4.763e-06,3.202e-06,3.06e-06,2.716e-06,2.209e-06,2.29e-06,2.098e-06,2.077e-06,2.229e-06,1.986e-06,1.743e-06,1.753e-06,1.692e-06,1.459e-06,1.348e-06,1.175e-06,1.196e-06,1.105e-06,8.107e-07,6.587e-07,3.547e-07,4.965e-07,3.749e-07,4.864e-07
0.0005662,0.0005994,0.000532,0.0005554,0.0004936,0.0004637,0.0004321,0.0004159,0.0003867,0.0003478,0.0002926,0.0002389,0.0001984,0.0001613,0.000129,0.0001051,8.011e-05,6.404e-05,4.934e-05,3.763e-05,2.627e-05,1.874e-05,1.355e-05,9.13e-06,6.1e-06,4.509e-06,3.233e-06,2.726e-06,2.493e-06,2.584e-06,1.996e-06,2.169e-06,2.037e-06,2.229e-06,1.865e-06,2.26e-06,1.976e-06,1.561e-06,1.449e-06,1.236e-06,1.226e-06,1.023e-06,9.019e-07,8.715e-07,7.195e-07,5.269e-07,5.168e-07,3.851e-07,2.635e-07
0.0005815,0.00061,0.0005368,0.0005618,0.0005003,0.0004684,0.0004349,0.0004195,0.0003887,0.000343,0.0002949,0.0002415,0.0001973,0.0001617,0.0001332,0.0001058,8.253e-05,6.636e-05,4.957e-05,3.642e-05,2.769e-05,1.932e-05,1.349e-05,9.465e-06,6.384e-06,5.148e-06,3.445e-06,2.807e-06,2.807e-06,2.473e-06,2.138e-06,2.067e-06,2.088e-06,1.844e-06,1.895e-06,1.865e-06,1.652e-06,1.561e-06,1.601e-06,1.257e-06,1.196e-06,1.034e-06,1.175e-06,8.107e-07,6.688e-07,5.168e-07,4.965e-07,3.851e-07,3.648e-07
0.0005897,0.0006157,0.0005396,0.0005653,0.0005004,0.0004647,0.0004285,0.0004218,0.0003885,0.0003494,0.0002919,0.0002416,0.0001984,0.0001651,0.000133,0.0001074,8.493e-05,6.42e-05,4.93e-05,3.923e-05,2.854e-05,2.004e-05,1.314e-05,9.728e-06,6.86e-06,4.894e-06,3.709e-06,2.908e-06,2.371e-06,2.564e-06,2.179e-06,2.057e-06,2.017e-06,2.138e-06,1.905e-06,1.753e-06,1.733e-06,1.723e-06,1.267e-06,1.398e-06,1.064e-06,1.196e-06,9.12e-07,6.992e-07,6.992e-07,5.168e-07,4.256e-07,5.067e-07,3.243e-07
0.0005612,0.0005937,0.0005241,0.0005569,0.0004984,0.0004649,0.0004287,0.0004141,0.0003855,0.0003441,0.000294,0.0002407,0.0001968,0.0001614,0.0001308,0.0001054,8.035e-05,6.43e-05,4.779e-05,3.563e-05,2.75e-05,1.865e-05,1.332e-05,8.735e-06,6.111e-06,4.084e-06,3.07e-06,2.888e-06,2.442e-06,2.209e-06,2.047e-06,2.28e-06,2.067e-06,1.976e-06,2.067e-06,1.834e-06,1.804e-06,1.591e-06,1.439e-06,1.672e-06,9.222e-07,1.023e-06,9.019e-07,8.005e-07,6.485e-07,4.256e-07,4.763e-07,3.445e-07,4.56e-07
0.0005816,0.000614,0.0005364,0.0005645,0.0004989,0.0004669,0.0004262,0.0004182,0.0003827,0.0003459,0.000295,0.0002446,0.0001999,0.0001605,0.0001315,0.0001037,8.274e-05,6.584e-05,5.008e-05,3.699e-05,2.716e-05,2.004e-05,1.431e-05,9.313e-06,6.313e-06,4.59e-06,3.243e-06,2.655e-06,2.665e-06,2.321e-06,2.209e-06,2.28e-06,2.027e-06,1.936e-06,1.946e-06,1.946e-06,1.956e-06,1.784e-06,1.55e-06,1.479e-06,1.084e-06,1.034e-06,8.918e-07,7.803e-07,7.803e-07,5.877e-07,4.864e-07,4.56e-07,3.243e-07
0.0005818,0.0006127,0.0005387,0.0005595,0.000501,0.0004664,0.0004309,0.0004211,0.0003889,0.0003477,0.0002915,0.0002415,0.0002016,0.0001598,0.0001324,0.0001054,8.274e-05,6.576e-05,4.966e-05,3.755e-05,2.901e-05,1.927e-05,1.387e-05,9.505e-06,6.313e-06,4.368e-06,3.76e-06,3.152e-06,2.381e-06,2.29e-06,2.229e-06,2.047e-06,2.057e-06,1.925e-06,2.189e-06,1.925e-06,1.936e-06,1.763e-06,1.652e-06,1.196e-06,1.196e-06,1.175e-06,1.196e-06,9.83e-07,5.573e-07,5.371e-07,4.763e-07,5.269e-07,3.344e-07
0.0005794,0.0006119,0.0005328,0.0005535,0.0004991,0.000463,0.0004304,0.0004202,0.0003852,0.0003473,0.0002926,0.0002379,0.0001982,0.0001623,0.000132,0.0001044,8.195e-05,6.652e-05,4.883e-05,3.817e-05,2.769e-05,1.952e-05,1.43e-05,9.08e-06,6.496e-06,4.479e-06,3.253e-06,2.655e-06,2.493e-06,2.29e-06,2.027e-06,2.25e-06,2.098e-06,1.956e-06,1.804e-06,1.895e-06,1.52e-06,1.591e-06,1.49e-06,1.257e-06,1.216e-06,9.627e-07,1.115e-06,6.891e-07,7.701e-07,6.181e-07,5.067e-07,4.256e-07,3.547e-07
0.0005711,0.0005996,0.0005309,0.0005588,0.0005009,0.0004645,0.0004302,0.0004221,0.0003883,0.0003448,0.0002949,0.0002382,0.0001965,0.0001619,0.0001297,0.0001027,8.189e-05,6.379e-05,4.903e-05,3.686e-05,2.711e-05,1.921e-05,1.355e-05,9.586e-06,6.394e-06,4.418e-06,3.324e-06,3.101e-06,2.402e-06,2.381e-06,2.361e-06,1.834e-06,2.209e-06,1.814e-06,1.915e-06,1.794e-06,1.733e-06,1.378e-06,1.49e-06,1.398e-06,1.165e-06,1.074e-06,8.107e-07,9.323e-07,5.776e-07,4.864e-07,4.661e-07,3.547e-07,4.459e-07
0.0005779,0.0006024,0.0005326,0.0005581,0.0005005,0.0004678,0.0004321,0.0004174,0.0003852,0.0003514,0.0002924,0.0002404,0.0001978,0.0001599,0.0001322,0.0001051,8.241e-05,6.45e-05,4.927e-05,3.84e-05,2.783e-05,1.933e-05,1.372e-05,9.08e-06,6.567e-06,4.58e-06,3.364e-06,2.604e-06,2.493e-06,2.351e-06,2.3e-06,2.412e-06,2.037e-06,2.088e-06,1.723e-06,1.834e-06,2.098e-06,1.713e-06,1.723e-06,1.206e-06,1.257e-06,9.83e-07,7.701e-07,8.411e-07,8.816e-07,5.979e-07,5.067e-07,4.053e-07,3.547e-07
0.0005725,0.000611,0.0005329,0.0005568,0.0004981,0.0004711,0.0004275,0.000423,0.0003889,0.0003493,0.0002929,0.0002397,0.0002022,0.0001607,0.0001306,0.0001029,8.244e-05,6.463e-05,4.929e-05,3.77e-05,2.686e-05,1.971e-05,1.341e-05,9.11e-06,6.354e-06,4.266e-06,3.425e-06,2.807e-06,2.777e-06,2.513e-06,2.31e-06,2.199e-06,2.189e-06,2.199e-06,1.996e-06,2.017e-06,1.631e-06,1.611e-06,1.409e-06,1.246e-06,1.145e-06,9.323e-07,8.31e-07,7.093e-07,6.181e-07,5.979e-07,6.181e-07,4.459e-07,3.648e-07
0.0005671,0.0006041,0.0005252,0.000559,0.0004997,0.0004639,0.0004317,0.0004215,0.0003879,0.0003505,0.0002912,0.0002357,0.0001989,0.0001605,0.00013,0.0001049,8.121e-05,6.327e-05,4.953e-05,3.694e-05,2.674e-05,1.998e-05,1.309e-05,8.867e-06,6.313e-06,4.195e-06,3.222e-06,2.888e-06,2.604e-06,2.128e-06,2.189e-06,2.138e-06,2.513e-06,2.199e-06,1.611e-06,1.865e-06,1.733e-06,1.794e-06,1.388e-06,1.439e-06,1.186e-06,1.064e-06,9.931e-07,7.397e-07,6.08e-07,5.675e-07,4.56e-07,2.027e-07,4.56e-07
0.000581,0.0006079,0.0005336,0.0005576,0.0005019,0.0004693,0.0004297,0.0004179,0.000387,0.0003461,0.0002943,0.0002414,0.0001976,0.0001619,0.0001295,0.0001045,8.287e-05,6.606e-05,4.987e-05,3.706e-05,2.687e-05,2.004e-05,1.395e-05,9.434e-06,6.333e-06,4.378e-06,3.152e-06,2.848e-06,2.31e-06,2.432e-06,2.138e-06,2.31e-06,1.976e-06,2.26e-06,1.784e-06,1.824e-06,1.743e-06,1.784e-06,1.459e-06,1.135e-06,1.023e-06,1.125e-06,7.803e-07,7.093e-07,6.891e-07,5.877e-07,4.256e-07,4.155e-07,4.155e-07
0.0005886,0.0006116,0.0005363,0.0005614,0.0005037,0.0004684,0.0004315,0.0004189,0.0003837,0.0003478,0.0002946,0.0002402,0.0002009,0.0001618,0.0001328,0.0001044,8.202e-05,6.539e-05,4.966e-05,3.79e-05,2.872e-05,1.981e-05,1.422e-05,9.617e-06,6.668e-06,4.692e-06,3.06e-06,2.868e-06,2.645e-06,2.25e-06,2.148e-06,2.523e-06,1.905e-06,1.986e-06,1.854e-06,1.936e-06,1.49e-06,1.652e-06,1.49e-06,1.449e-06,1.175e-06,9.83e-07,1.074e-06,7.6e-07,5.573e-07,5.067e-07,3.952e-07,3.851e-07,3.952e-07
0.0005814,0.0006133,0.0005358,0.0005558,0.0005002,0.0004652,0.0004307,0.0004205,0.0003863,0.0003478,0.000292,0.0002405,0.0001993,0.0001619,0.0001318,0.0001054,8.305e-05,6.554e-05,5.075e-05,3.795e-05,2.769e-05,2.007e-05,1.353e-05,9.85e-06,6.161e-06,4.307e-06,3.293e-06,2.939e-06,2.483e-06,2.057e-06,2.108e-06,2.128e-06,1.986e-06,1.915e-06,1.743e-06,2.027e-06,1.875e-06,1.54e-06,1.439e-06,1.479e-06,1.257e-06,1.084e-06,8.005e-07,8.31e-07,6.384e-07,4.965e-07,5.573e-07,4.661e-07,4.155e-07
0.0005693,0.0006109,0.0005332,0.0005559,0.0005001,0.0004668,0.0004297,0.0004189,0.0003869,0.0003461,0.0002931,0.0002417,0.000198,0.0001615,0.0001316,0.0001048,8.302e-05,6.58e-05,4.972e-05,3.815e-05,2.783e-05,1.844e-05,1.337e-05,9.242e-06,6.789e-06,4.408e-06,3.466e-06,2.929e-06,2.3e-06,2.473e-06,2.26e-06,2.341e-06,2.108e-06,2.26e-06,1.844e-06,1.794e-06,1.784e-06,1.49e-06,1.561e-06,1.257e-06,1.216e-06,1.105e-06,1.054e-06,7.397e-07,6.384e-07,5.168e-07,4.661e-07,4.053e-07,2.837e-07
0.000568,0.0006052,0.0005275,0.0005511,0.0004998,0.0004634,0.0004284,0.0004171,0.0003839,0.0003464,0.0002936,0.0002437,0.0001994,0.0001598,0.00013,0.0001053,8.221e-05,6.407e-05,5.009e-05,3.648e-05,2.764e-05,1.893e-05,1.337e-05,9.11e-06,7.063e-06,4.297e-06,3.395e-06,2.888e-06,2.635e-06,2.432e-06,2.402e-06,1.996e-06,2.098e-06,1.915e-06,1.804e-06,1.976e-06,2.088e-06,1.601e-06,1.53e-06,1.226e-06,1.368e-06,9.424e-07,1.064e-06,7.093e-07,8.614e-07,6.485e-07,4.053e-07,4.053e-07,4.256e-07
0.0005624,0.0006025,0.0005308,0.0005507,0.0004942,0.000463,0.0004331,0.000419,0.0003857,0.0003443,0.0002961,0.0002401,0.0001956,0.0001575,0.0001294,0.0001043,8.118e-05,6.491e-05,4.869e-05,3.709e-05,2.737e-05,1.882e-05,1.391e-05,9.222e-06,6.202e-06,4.418e-06,3.233e-06,2.645e-06,2.564e-06,2.564e-06,2.341e-06,2.209e-06,2.128e-06,2.057e-06,2.26e-06,1.875e-06,1.561e-06,1.53e-06,1.297e-06,1.419e-06,1.206e-06,1.155e-06,9.424e-07,6.688e-07,5.877e-07,4.965e-07,5.371e-07,4.864e-07,3.749e-07
0.0005808,0.0006159,0.0005346,0.0005583,0.0004969,0.0004638,0.0004307,0.0004183,0.0003873,0.0003458,0.0002942,0.0002412,0.0001981,0.0001596,0.0001314,0.0001053,8.239e-05,6.457e-05,5.012e-05,3.802e-05,2.722e-05,2.075e-05,1.381e-05,9.657e-06,6.546e-06,4.854e-06,3.577e-06,2.675e-06,2.462e-06,2.412e-06,2.169e-06,2.108e-06,2.118e-06,2.219e-06,2.24e-06,1.834e-06,1.54e-06,1.905e-06,1.459e-06,1.5e-06,1.175e-06,1.003e-06,1.054e-06,7.195e-07,6.08e-07,7.6e-07,4.357e-07,4.155e-07,4.053e-07
0.0005739,0.0006105,0.0005329,0.0005576,0.0004969,0.0004647,0.0004325,0.0004165,0.0003867,0.0003489,0.0002953,0.0002395,0.0002008,0.0001614,0.0001323,0.0001029,8.028e-05,6.526e-05,4.843e-05,3.772e-05,2.778e-05,1.922e-05,1.384e-05,9.1e-06,6.729e-06,4.459e-06,3.334e-06,2.969e-06,2.452e-06,2.452e-06,2.158e-06,2.25e-06,2.128e-06,2.27e-06,1.844e-06,1.895e-06,1.986e-06,1.469e-06,1.317e-06,1.561e-06,1.348e-06,9.222e-07,9.323e-07,8.512e-07,6.485e-07,6.789e-07,5.877e-07,4.763e-07,4.864e-07
0.0005867,0.0006142,0.0005337,0.0005592,0.0005034,0.0004691,0.0004311,0.0004182,0.0003872,0.0003445,0.0002989,0.000241,0.0002004,0.0001625,0.0001324,0.0001051,8.331e-05,6.481e-05,4.996e-05,3.602e-05,2.7e-05,2.017e-05,1.352e-05,9.515e-06,6.506e-06,4.418e-06,3.699e-06,2.777e-06,2.31e-06,2.452e-06,2.229e-06,2.28e-06,2.31e-06,2.037e-06,1.763e-06,1.753e-06,1.895e-06,1.885e-06,1.338e-06,1.378e-06,1.358e-06,1.206e-06,8.816e-07,8.715e-07,4.763e-07,5.067e-07,5.675e-07,4.763e-07,3.547e-07
0.0005748,0.000607,0.0005331,0.0005597,0.0004966,0.0004654,0.0004293,0.0004206,0.0003859,0.0003484,0.0002933,0.0002399,0.0001999,0.0001606,0.0001316,0.0001045,8.28e-05,6.367e-05,4.917e-05,3.702e-05,2.691e-05,1.981e-05,1.374e-05,9.07e-06,6.151e-06,4.033e-06,3.283e-06,3.172e-06,2.655e-06,2.422e-06,2.118e-06,1.936e-06,2.331e-06,2.209e-06,2.199e-06,1.986e-06,1.763e-06,1.733e-06,1.54e-06,1.246e-06,1.317e-06,1.023e-06,8.411e-07,7.904e-07,5.979e-07,5.472e-07,6.283e-07,3.04e-07,4.864e-07
0.0005773,0.0006069,0.0005351,0.0005619,0.0005003,0.000466,0.0004309,0.0004231,0.0003836,0.0003457,0.0002962,0.0002405,0.0001978,0.0001634,0.0001304,0.0001034,8.289e-05,6.574e-05,4.904e-05,3.74e-05,2.678e-05,1.832e-05,1.343e-05,9.313e-06,6.374e-06,4.297e-06,3.314e-06,2.696e-06,2.696e-06,2.716e-06,2.564e-06,2.24e-06,2.209e-06,2.037e-06,1.915e-06,2.148e-06,1.723e-06,1.368e-06,1.672e-06,1.226e-06,1.084e-06,1.094e-06,8.918e-07,7.904e-07,5.573e-07,5.371e-07,4.256e-07,5.371e-07,3.952e-07
0.0005664,0.0005972,0.0005237,0.0005578,0.0004958,0.0004643,0.0004279,0.0004172,0.0003897,0.0003479,0.0002909,0.0002391,0.0001985,0.0001626,0.0001314,0.0001053,8.163e-05,6.515e-05,4.868e-05,3.663e-05,2.749e-05,1.923e-05,1.31e-05,9.596e-06,6.354e-06,4.347e-06,3.405e-06,2.523e-06,2.077e-06,2.432e-06,2.27e-06,2.118e-06,2.209e-06,1.986e-06,2.017e-06,1.925e-06,1.743e-06,1.419e-06,1.52e-06,1.094e-06,1.307e-06,9.627e-07,8.208e-07,8.005e-07,6.08e-07,6.485e-07,5.675e-07,4.864e-07,3.445e-07
0.000588,0.000615,0.0005426,0.0005622,0.0005053,0.0004676,0.0004349,0.0004199,0.0003872,0.0003464,0.0002948,0.0002424,0.0001988,0.0001629,0.0001306,0.000104,8.324e-05,6.683e-05,5.036e-05,3.992e-05,2.833e-05,1.946e-05,1.411e-05,9.576e-06,6.475e-06,4.702e-06,3.547e-06,2.868e-06,2.797e-06,2.716e-06,2.219e-06,2.027e-06,1.915e-06,2.148e-06,1.976e-06,1.784e-06,1.662e-06,1.723e-06,1.449e-06,1.267e-06,1.226e-06,1.115e-06,8.614e-07,7.904e-07,5.067e-07,6.08e-07,5.776e-07,4.155e-07,3.648e-07
0.0005845,0.0006134,0.0005373,0.00056,0.0005008,0.0004672,0.0004315,0.0004146,0.0003871,0.0003479,0.0002951,0.0002414,0.0001981,0.0001606,0.0001333,0.0001039,8.134e-05,6.603e-05,5.009e-05,3.825e-05,2.712e-05,2.027e-05,1.442e-05,9.211e-06,6.08e-06,4.155e-06,3.699e-06,2.827e-06,2.503e-06,2.513e-06,2.047e-06,2.027e-06,1.956e-06,1.996e-06,1.794e-06,1.682e-06,1.692e-06,1.723e-06,1.49e-06,1.398e-06,1.317e-06,1.226e-06,9.424e-07,6.688e-07,6.384e-07,8.005e-07,4.864e-07,4.864e-07,3.851e-07
0.0005867,0.0006149,0.0005404,0.0005619,0.000505,0.0004681,0.0004286,0.0004213,0.0003854,0.0003468,0.000292,0.0002407,0.0001981,0.0001599,0.0001329,0.0001084,8.407e-05,6.554e-05,5.028e-05,3.746e-05,2.87e-05,1.983e-05,1.396e-05,9.667e-06,6.496e-06,4.469e-06,3.516e-06,2.594e-06,2.665e-06,2.169e-06,2.138e-06,2.321e-06,1.915e-06,1.794e-06,1.895e-06,1.794e-06,1.885e-06,1.753e-06,1.561e-06,1.378e-06,1.054e-06,9.728e-07,8.411e-07,7.904e-07,6.485e-07,5.675e-07,5.675e-07,5.675e-07,4.155e-07
0.0005805,0.00061,0.0005376,0.0005626,0.0005035,0.0004655,0.000431,0.0004233,0.0003876,0.0003485,0.0002957,0.0002406,0.0002017,0.0001621,0.0001326,0.0001047,8.372e-05,6.596e-05,5.115e-05,3.825e-05,2.87e-05,2.034e-05,1.324e-05,9.637e-06,6.212e-06,4.611e-06,3.456e-06,2.756e-06,2.696e-06,2.392e-06,2.067e-06,2.148e-06,1.905e-06,2.148e-06,2.057e-06,1.854e-06,1.601e-06,1.713e-06,1.52e-06,1.287e-06,1.145e-06,1.074e-06,7.803e-07,7.701e-07,6.992e-07,6.891e-07,4.763e-07,3.952e-07,4.256e-07
0.0005796,0.0006086,0.000539,0.000562,0.0005033,0.0004656,0.0004327,0.0004199,0.0003856,0.0003461,0.000297,0.0002407,0.0001981,0.000162,0.0001315,0.0001047,8.24e-05,6.468e-05,4.949e-05,3.7e-05,2.829e-05,1.981e-05,1.334e-05,9.363e-06,6.019e-06,4.56e-06,3.405e-06,2.949e-06,2.503e-06,2.341e-06,2.321e-06,2.179e-06,2.128e-06,1.692e-06,1.784e-06,1.875e-06,1.713e-06,1.804e-06,1.49e-06,1.5e-06,1.257e-06,1.064e-06,1.054e-06,7.803e-07,6.789e-07,5.776e-07,5.269e-07,4.459e-07,3.851e-07
0.0005871,0.0006193,0.0005381,0.0005638,0.0005029,0.000471,0.0004326,0.0004203,0.0003873,0.0003481,0.0002955,0.0002433,0.0002018,0.0001617,0.0001311,0.0001059,8.199e-05,6.531e-05,5.095e-05,3.776e-05,2.819e-05,1.941e-05,1.35e-05,9.242e-06,6.252e-06,4.327e-06,3.395e-06,2.665e-06,2.554e-06,2.696e-06,2.219e-06,2.28e-06,2.138e-06,1.844e-06,1.936e-06,1.946e-06,2.047e-06,1.773e-06,1.267e-06,1.317e-06,1.094e-06,9.627e-07,9.12e-07,7.195e-07,7.195e-07,7.093e-07,4.763e-07,3.547e-07,3.547e-07
0.0005837,0.0006125,0.0005375,0.0005676,0.0005017,0.0004641,0.0004312,0.0004211,0.0003871,0.0003472,0.0002937,0.000241,0.0002,0.0001602,0.0001333,0.0001043,8.252e-05,6.681e-05,4.929e-05,3.803e-05,2.719e-05,2.091e-05,1.489e-05,9.495e-06,6.567e-06,4.57e-06,3.689e-06,2.777e-06,2.422e-06,2.209e-06,2.493e-06,1.865e-06,2.371e-06,2.006e-06,1.956e-06,1.976e-06,1.601e-06,1.52e-06,1.51e-06,1.439e-06,1.267e-06,9.931e-07,9.424e-07,7.6e-07,7.701e-07,5.979e-07,4.357e-07,5.472e-07,3.445e-07
0.0005665,0.0006006,0.0005304,0.0005574,0.000497,0.0004636,0.0004276,0.0004189,0.0003905,0.0003434,0.0002928,0.0002421,0.0001961,0.00016,0.0001289,0.0001055,8.223e-05,6.431e-05,4.992e-05,3.683e-05,2.655e-05,1.855e-05,1.332e-05,9.292e-06,5.918e-06,4.763e-06,3.07e-06,2.726e-06,2.331e-06,2.402e-06,2.229e-06,2.29e-06,2.27e-06,2.118e-06,2.037e-06,1.956e-06,1.784e-06,1.581e-06,1.642e-06,1.327e-06,1.135e-06,1.094e-06,8.411e-07,6.587e-07,8.005e-07,5.675e-07,4.56e-07,4.155e-07,4.56e-07
0.0005786,0.0006089,0.0005406,0.0005617,0.0004999,0.0004706,0.0004306,0.0004169,0.0003871,0.0003468,0.0002941,0.0002418,0.000199,0.0001614,0.0001333,0.0001046,8.22e-05,6.59e-05,4.951e-05,3.729e-05,2.786e-05,1.98e-05,1.414e-05,8.786e-06,6.293e-06,4.53e-06,3.182e-06,2.706e-06,2.158e-06,2.442e-06,2.199e-06,2.067e-06,2.047e-06,1.996e-06,2.229e-06,2.088e-06,1.631e-06,1.682e-06,1.439e-06,1.51e-06,1.084e-06,1.013e-06,8.512e-07,8.411e-07,6.181e-07,6.587e-07,4.459e-07,3.851e-07,3.648e-07
0.0005767,0.0006074,0.0005331,0.0005615,0.0004985,0.0004667,0.0004312,0.0004191,0.0003874,0.0003461,0.0002941,0.0002379,0.0001973,0.0001593,0.0001317,0.0001047,8.156e-05,6.523e-05,4.9e-05,3.79e-05,2.756e-05,1.896e-05,1.422e-05,1.026e-05,6.242e-06,4.266e-06,3.263e-06,3.07e-06,2.564e-06,2.331e-06,2.351e-06,2.27e-06,2.189e-06,2.037e-06,2.017e-06,1.905e-06,1.936e-06,1.733e-06,1.419e-06,1.439e-06,1.023e-06,9.222e-07,9.931e-07,6.891e-07,5.168e-07,5.371e-07,5.067e-07,3.344e-07,3.749e-07
0.0005803,0.0006122,0.0005378,0.0005638,0.0005035,0.0004651,0.0004317,0.0004159,0.0003881,0.0003469,0.0002926,0.0002416,0.0002015,0.0001612,0.0001331,0.0001057,8.22e-05,6.519e-05,5.112e-05,3.856e-05,2.879e-05,2.039e-05,1.38e-05,9.242e-06,6.901e-06,4.651e-06,3.374e-06,2.777e-06,2.554e-06,2.797e-06,2.351e-06,2.098e-06,2.229e-06,2.108e-06,1.814e-06,1.996e-06,1.804e-06,1.652e-06,1.49e-06,1.388e-06,1.125e-06,1.013e-06,8.918e-07,8.512e-07,6.181e-07,5.472e-07,5.269e-07,3.851e-07,4.155e-07
0,0,0,0,0,0,0,0,0,0,0,0,0,0,0,0,0,0,0,0,0,0,0,0,0,0,0,0,0,0,0,0,0,0,0,0,0,0,0,0,0,0,0,0,0,0,0,0,0
4th quartile
1.325e+12,1.462e+12,1.611e+12,1.775e+12,1.961e+12,2.163e+12,2.385e+12,2.635e+12,2.913e+12,3.214e+12,3.548e+12,3.913e+12,4.316e+12,4.761e+12,5.253e+12,5.8e+12,6.4e+12,7.062e+12,7.781e+12,8.592e+12,9.496e+12,1.048e+13,1.158e+13,1.281e+13,1.412e+13,1.561e+13,1.724e+13,1.9e+13,2.087e+13,2.309e+13,2.531e+13,2.812e+13,3.108e+13,3.438e+13,3.782e+13,4.168e+13,4.615e+13,5.096e+13,5.65e+13,6.217e+13,6.869e+13,7.538e+13,8.339e+13,9.216e+13,1.016e+14,1.128e+14,1.235e+14,1.385e+14,1.513e+14
0.0007812,0.0007842,0.0006463,0.0006244,0.000508,0.000434,0.0003673,0.0003224,0.0002698,0.000231,0.0001849,0.0001416,0.000106,7.688e-05,5.595e-05,3.88e-05,2.716e-05,1.943e-05,1.251e-05,8.684e-06,5.705e-06,3.415e-06,2.533e-06,1.784e-06,1.297e-06,9.019e-07,1.084e-06,1.013e-06,8.31e-07,8.411e-07,9.12e-07,8.411e-07,1.044e-06,9.728e-07,8.107e-07,8.715e-07,8.411e-07,9.323e-07,7.803e-07,6.688e-07,4.763e-07,4.357e-07,5.067e-07,3.04e-07,2.331e-07,2.432e-07,1.824e-07,2.533e-07,1.52e-07
0.0007863,0.0007935,0.0006474,0.0006246,0.0005126,0.0004415,0.0003702,0.0003262,0.0002733,0.0002322,0.0001849,0.0001444,0.0001076,7.939e-05,5.687e-05,3.937e-05,2.765e-05,1.952e-05,1.381e-05,9.232e-06,5.725e-06,3.982e-06,2.473e-06,1.824e-06,1.064e-06,1.236e-06,9.931e-07,1.125e-06,1.023e-06,8.816e-07,1.023e-06,9.83e-07,9.931e-07,1.044e-06,9.83e-07,8.614e-07,8.512e-07,8.31e-07,7.803e-07,6.891e-07,5.877e-07,4.56e-07,3.952e-07,4.256e-07,2.939e-07,2.331e-07,2.229e-07,1.824e-07,6.08e-08
0.00079,0.0007911,0.0006554,0.0006307,0.0005164,0.000441,0.0003675,0.0003275,0.0002743,0.0002335,0.0001873,0.0001443,0.0001091,7.936e-05,5.612e-05,4.147e-05,2.918e-05,2.028e-05,1.283e-05,8.228e-06,5.776e-06,3.537e-06,2.158e-06,1.743e-06,1.419e-06,1.074e-06,1.165e-06,1.125e-06,1.013e-06,1.084e-06,1.013e-06,1.034e-06,7.499e-07,9.424e-07,9.12e-07,7.093e-07,8.107e-07,6.891e-07,8.918e-07,6.485e-07,5.979e-07,5.573e-07,3.851e-07,3.04e-07,2.432e-07,1.824e-07,1.621e-07,1.317e-07,1.824e-07
0.0007852,0.0007877,0.000648,0.0006266,0.0005145,0.0004376,0.000369,0.0003253,0.0002729,0.0002336,0.0001824,0.0001425,0.000106,7.842e-05,5.669e-05,4.077e-05,2.885e-05,1.936e-05,1.317e-05,8.918e-06,5.472e-06,3.678e-06,2.098e-06,1.682e-06,1.267e-06,9.627e-07,9.019e-07,1.074e-06,1.064e-06,9.222e-07,1.074e-06,7.195e-07,9.019e-07,6.992e-07,1.094e-06,7.701e-07,7.6e-07,8.31e-07,6.485e-07,6.08e-07,6.688e-07,5.573e-07,4.459e-07,3.445e-07,2.635e-07,3.243e-07,1.621e-07,1.621e-07,2.229e-07
0.0007806,0.0007887,0.0006454,0.0006246,0.0005131,0.0004363,0.0003705,0.0003228,0.0002738,0.0002325,0.0001865,0.0001415,0.0001068,7.844e-05,5.626e-05,4.024e-05,2.843e-05,1.982e-05,1.28e-05,8.918e-06,5.209e-06,3.547e-06,2.594e-06,1.773e-06,1.338e-06,1.054e-06,1.155e-06,8.512e-07,1.064e-06,8.918e-07,9.424e-07,8.918e-07,9.627e-07,1.023e-06,8.816e-07,6.992e-07,8.107e-07,5.675e-07,6.384e-07,5.675e-07,5.269e-07,4.459e-07,3.344e-07,3.141e-07,2.939e-07,3.141e-07,1.925e-07,1.317e-07,1.824e-07
0.0007692,0.0007807,0.0006408,0.0006222,0.0005076,0.0004357,0.000365,0.0003152,0.0002709,0.0002293,0.0001845,0.0001395,0.0001051,7.583e-05,5.428e-05,3.957e-05,2.71e-05,1.904e-05,1.259e-05,8.188e-06,5.725e-06,3.476e-06,2.229e-06,1.53e-06,1.358e-06,1.003e-06,1.115e-06,1.084e-06,9.526e-07,1.013e-06,9.12e-07,8.208e-07,6.587e-07,7.6e-07,1.003e-06,7.904e-07,7.904e-07,6.891e-07,6.587e-07,5.776e-07,5.168e-07,5.067e-07,4.56e-07,3.243e-07,2.229e-07,1.216e-07,1.52e-07,1.621e-07,9.12e-08
0.000787,0.0007924,0.0006463,0.0006255,0.0005111,0.000441,0.0003667,0.0003231,0.0002742,0.0002314,0.0001856,0.0001432,0.0001058,7.76e-05,5.713e-05,4.029e-05,2.866e-05,1.988e-05,1.369e-05,8.928e-06,5.249e-06,3.567e-06,2.554e-06,1.601e-06,1.561e-06,1.186e-06,1.034e-06,1.054e-06,1.003e-06,8.614e-07,8.918e-07,8.614e-07,9.931e-07,9.424e-07,7.6e-07,8.208e-07,8.411e-07,8.411e-07,6.688e-07,6.992e-07,4.56e-07,4.661e-07,4.256e-07,4.053e-07,3.141e-07,2.027e-07,2.229e-07,2.128e-07,8.107e-08
0.0007767,0.0007888,0.0006433,0.0006238,0.0005128,0.0004381,0.0003672,0.0003214,0.0002695,0.0002309,0.0001854,0.0001424,0.0001042,7.547e-05,5.559e-05,3.886e-05,2.838e-05,1.941e-05,1.218e-05,8.35e-06,5.553e-06,3.567e-06,2.493e-06,1.784e-06,1.277e-06,1.044e-06,8.005e-07,1.074e-06,1.013e-06,1.003e-06,1.023e-06,9.222e-07,9.12e-07,8.715e-07,9.12e-07,9.019e-07,1.034e-06,9.12e-07,6.283e-07,5.776e-07,6.181e-07,5.472e-07,4.155e-07,4.357e-07,4.155e-07,2.331e-07,2.635e-07,1.723e-07,2.128e-07
0.0007708,0.000779,0.0006382,0.00062,0.0005058,0.0004367,0.0003622,0.0003202,0.0002681,0.0002275,0.0001794,0.0001392,0.0001038,7.596e-05,5.555e-05,3.897e-05,2.679e-05,1.832e-05,1.289e-05,8.269e-06,5.746e-06,3.273e-06,2.513e-06,1.54e-06,1.621e-06,1.105e-06,1.277e-06,8.208e-07,1.044e-06,8.512e-07,8.918e-07,9.627e-07,7.296e-07,7.803e-07,8.816e-07,8.614e-07,6.485e-07,8.715e-07,7.6e-07,5.168e-07,6.688e-07,3.749e-07,2.837e-07,3.243e-07,1.52e-07,2.533e-07,1.317e-07,1.013e-07,1.317e-07
0.0007866,0.0007901,0.0006484,0.0006275,0.0005104,0.0004408,0.0003649,0.0003218,0.0002707,0.0002327,0.000188,0.0001418,0.0001045,7.713e-05,5.754e-05,3.949e-05,2.696e-05,1.961e-05,1.26e-05,8.34e-06,5.452e-06,3.922e-06,2.219e-06,1.561e-06,1.348e-06,1.105e-06,1.074e-06,1.064e-06,1.034e-06,9.627e-07,9.728e-07,8.31e-07,1.054e-06,8.715e-07,9.627e-07,7.904e-07,8.107e-07,9.019e-07,6.587e-07,6.992e-07,4.661e-07,4.864e-07,4.864e-07,3.141e-07,2.939e-07,2.533e-07,2.736e-07,1.52e-07,8.107e-08
0.0007694,0.0007778,0.0006375,0.0006223,0.0005067,0.0004358,0.0003639,0.0003171,0.0002685,0.0002293,0.0001832,0.0001387,0.0001053,7.479e-05,5.585e-05,3.887e-05,2.778e-05,1.915e-05,1.279e-05,8.38e-06,5.614e-06,3.121e-06,2.513e-06,1.915e-06,1.165e-06,1.236e-06,1.165e-06,9.728e-07,8.715e-07,8.816e-07,8.816e-07,9.728e-07,8.005e-07,9.019e-07,7.701e-07,6.688e-07,8.918e-07,7.093e-07,7.803e-07,6.384e-07,5.776e-07,4.155e-07,3.851e-07,3.243e-07,2.432e-07,2.128e-07,1.824e-07,2.027e-07,1.013e-07
0.0007846,0.0007884,0.000647,0.0006204,0.0005134,0.000439,0.0003694,0.0003225,0.000273,0.0002319,0.0001864,0.0001407,0.0001065,7.815e-05,5.655e-05,4.103e-05,2.801e-05,2.016e-05,1.315e-05,8.968e-06,5.614e-06,3.364e-06,2.229e-06,1.794e-06,1.409e-06,1.125e-06,8.816e-07,1.115e-06,8.005e-07,8.512e-07,8.512e-07,8.208e-07,8.715e-07,8.31e-07,7.195e-07,8.512e-07,8.411e-07,7.6e-07,7.499e-07,6.891e-07,6.485e-07,5.472e-07,4.053e-07,3.547e-07,1.824e-07,2.533e-07,1.723e-07,1.317e-07,1.52e-07
0.0007887,0.0007931,0.0006491,0.0006307,0.000516,0.000438,0.0003705,0.0003288,0.0002769,0.0002349,0.0001903,0.0001436,0.0001076,7.849e-05,5.69e-05,4.016e-05,2.87e-05,1.987e-05,1.336e-05,8.907e-06,6.181e-06,3.851e-06,2.554e-06,1.631e-06,1.388e-06,1.125e-06,1.165e-06,1.023e-06,1.054e-06,8.918e-07,1.165e-06,8.918e-07,9.526e-07,9.728e-07,9.83e-07,9.424e-07,9.019e-07,7.499e-07,7.701e-07,6.789e-07,5.877e-07,4.256e-07,3.141e-07,4.459e-07,3.141e-07,2.229e-07,2.128e-07,1.317e-07,1.723e-07
0.0007617,0.000772,0.000638,0.0006217,0.0005101,0.0004337,0.0003624,0.0003144,0.0002692,0.0002253,0.0001807,0.0001377,0.0001029,7.422e-05,5.521e-05,3.798e-05,2.681e-05,1.842e-05,1.164e-05,7.539e-06,5.492e-06,3.374e-06,2.321e-06,1.611e-06,1.165e-06,1.196e-06,9.12e-07,8.816e-07,9.627e-07,7.6e-07,1.023e-06,7.701e-07,8.208e-07,8.715e-07,7.803e-07,9.019e-07,6.992e-07,7.195e-07,6.08e-07,6.587e-07,5.472e-07,4.864e-07,3.851e-07,2.533e-07,2.229e-07,3.04e-07,1.621e-07,1.723e-07,1.216e-07
0.0007844,0.0007869,0.0006507,0.0006255,0.0005135,0.0004361,0.000366,0.0003234,0.0002754,0.0002322,0.0001843,0.0001414,0.0001069,7.532e-05,5.695e-05,4.05e-05,2.845e-05,1.951e-05,1.358e-05,8.816e-06,5.644e-06,3.618e-06,2.635e-06,1.55e-06,1.277e-06,1.013e-06,1.064e-06,1.084e-06,1.074e-06,1.003e-06,9.019e-07,8.918e-07,8.816e-07,8.512e-07,8.512e-07,8.31e-07,7.093e-07,6.891e-07,5.877e-07,5.675e-07,5.371e-07,5.675e-07,3.851e-07,3.547e-07,2.635e-07,2.229e-07,1.419e-07,2.027e-07,1.925e-07
0.0007845,0.0007886,0.0006522,0.000626,0.0005143,0.000439,0.0003704,0.0003246,0.0002715,0.0002333,0.0001898,0.000139,0.0001066,7.861e-05,5.636e-05,3.858e-05,2.813e-05,1.947e-05,1.334e-05,8.573e-06,5.492e-06,3.466e-06,2.28e-06,1.571e-06,1.429e-06,1.145e-06,1.013e-06,9.931e-07,8.918e-07,8.816e-07,1.155e-06,9.728e-07,8.816e-07,8.31e-07,8.411e-07,8.512e-07,9.424e-07,8.715e-07,7.6e-07,5.979e-07,5.269e-07,5.776e-07,5.877e-07,2.939e-07,2.939e-07,2.128e-07,1.925e-07,1.723e-07,2.027e-07
0.0007758,0.0007813,0.0006465,0.0006264,0.0005136,0.0004353,0.0003662,0.0003199,0.0002718,0.0002277,0.000185,0.0001401,0.0001055,7.724e-05,5.622e-05,3.89e-05,2.805e-05,1.899e-05,1.259e-05,8.847e-06,5.817e-06,3.466e-06,2.26e-06,1.338e-06,1.429e-06,1.175e-06,9.83e-07,1.105e-06,1.084e-06,1.074e-06,1.023e-06,8.816e-07,9.931e-07,1.084e-06,9.323e-07,9.12e-07,7.296e-07,6.283e-07,6.485e-07,5.472e-07,6.688e-07,4.256e-07,4.459e-07,3.243e-07,3.547e-07,2.432e-07,1.824e-07,1.419e-07,1.824e-07
0.0007777,0.0007811,0.0006449,0.0006179,0.0005116,0.0004362,0.0003662,0.0003169,0.0002704,0.0002322,0.0001822,0.0001379,0.0001038,7.657e-05,5.595e-05,3.927e-05,2.699e-05,1.818e-05,1.268e-05,8.451e-06,5.472e-06,3.608e-06,2.189e-06,1.773e-06,1.246e-06,1.044e-06,1.034e-06,1.115e-06,9.323e-07,9.931e-07,7.904e-07,8.31e-07,9.424e-07,9.019e-07,8.208e-07,9.323e-07,6.181e-07,7.296e-07,6.181e-07,6.283e-07,5.168e-07,5.675e-07,3.952e-07,3.952e-07,3.141e-07,3.445e-07,1.621e-07,1.621e-07,1.216e-07
0.0007761,0.0007799,0.0006498,0.000624,0.000513,0.0004385,0.0003683,0.0003177,0.000269,0.0002324,0.0001842,0.0001405,0.0001039,7.758e-05,5.524e-05,3.939e-05,2.652e-05,1.869e-05,1.3e-05,8.36e-06,5.168e-06,3.385e-06,2.493e-06,1.814e-06,1.165e-06,9.222e-07,9.12e-07,9.526e-07,8.107e-07,8.614e-07,9.019e-07,1.105e-06,8.512e-07,9.424e-07,9.12e-07,8.715e-07,7.803e-07,6.891e-07,6.384e-07,5.877e-07,5.168e-07,3.952e-07,3.648e-07,2.837e-07,3.445e-07,2.635e-07,1.115e-07,2.331e-07,1.216e-07
0.000782,0.0007839,0.0006479,0.0006237,0.0005097,0.0004342,0.0003693,0.0003221,0.0002721,0.0002303,0.0001837,0.0001422,0.0001066,7.671e-05,5.654e-05,3.835e-05,2.71e-05,1.957e-05,1.32e-05,8.451e-06,5.421e-06,3.526e-06,2.27e-06,1.5e-06,1.338e-06,1.044e-06,1.165e-06,1.064e-06,1.044e-06,8.31e-07,7.701e-07,9.627e-07,7.195e-07,1.013e-06,1.034e-06,8.005e-07,7.803e-07,7.195e-07,5.979e-07,7.195e-07,6.891e-07,3.749e-07,4.256e-07,3.141e-07,3.648e-07,2.331e-07,1.723e-07,1.419e-07,1.925e-07
0.0007733,0.0007804,0.0006421,0.0006196,0.0005063,0.0004339,0.0003663,0.0003207,0.0002684,0.0002271,0.0001825,0.0001396,0.0001046,7.629e-05,5.561e-05,3.833e-05,2.706e-05,1.909e-05,1.245e-05,8.583e-06,5.736e-06,3.516e-06,2.381e-06,1.611e-06,1.317e-06,1.074e-06,8.614e-07,9.526e-07,1.013e-06,9.526e-07,1.034e-06,8.918e-07,7.803e-07,9.323e-07,8.816e-07,8.918e-07,8.918e-07,5.877e-07,6.587e-07,6.688e-07,5.877e-07,4.459e-07,2.939e-07,4.256e-07,2.229e-07,2.432e-07,2.635e-07,1.419e-07,1.723e-07
0.0007789,0.0007867,0.0006473,0.0006295,0.0005135,0.0004387,0.0003685,0.0003227,0.0002736,0.0002328,0.0001873,0.0001424,0.0001058,7.878e-05,5.583e-05,3.934e-05,2.815e-05,1.899e-05,1.327e-05,8.634e-06,6.212e-06,3.374e-06,2.169e-06,1.743e-06,1.307e-06,1.257e-06,1.023e-06,1.044e-06,9.222e-07,9.019e-07,1.013e-06,9.019e-07,7.904e-07,8.31e-07,6.891e-07,7.6e-07,7.803e-07,6.789e-07,8.107e-07,5.675e-07,5.168e-07,5.472e-07,4.155e-07,4.459e-07,2.533e-07,2.939e-07,1.723e-07,1.216e-07,1.013e-07
0.0007844,0.0007906,0.0006479,0.0006262,0.0005138,0.00044,0.0003695,0.0003248,0.0002718,0.0002311,0.0001872,0.000142,0.0001082,7.885e-05,5.641e-05,4.028e-05,2.803e-05,1.965e-05,1.331e-05,8.847e-06,5.827e-06,3.861e-06,2.554e-06,1.946e-06,1.277e-06,1.186e-06,9.931e-07,1.115e-06,9.627e-07,9.526e-07,1.064e-06,9.526e-07,1.084e-06,1.013e-06,9.019e-07,8.512e-07,8.31e-07,7.6e-07,6.485e-07,6.992e-07,6.485e-07,5.269e-07,5.269e-07,4.256e-07,2.837e-07,2.837e-07,1.52e-07,1.621e-07,1.317e-07
0.0007824,0.0007901,0.0006473,0.0006265,0.0005126,0.0004388,0.0003704,0.0003223,0.0002753,0.0002317,0.0001839,0.0001432,0.0001074,7.868e-05,5.664e-05,4.018e-05,2.826e-05,1.943e-05,1.308e-05,8.553e-06,5.938e-06,3.851e-06,2.483e-06,1.895e-06,1.348e-06,1.023e-06,9.83e-07,1.135e-06,9.526e-07,7.904e-07,1.155e-06,9.931e-07,1.175e-06,9.019e-07,1.064e-06,7.6e-07,7.499e-07,8.005e-07,8.107e-07,7.296e-07,3.952e-07,4.965e-07,3.04e-07,3.749e-07,3.547e-07,2.736e-07,2.027e-07,1.925e-07,1.317e-07
0.0007808,0.0007845,0.000643,0.0006251,0.000511,0.0004395,0.0003646,0.0003201,0.0002715,0.0002286,0.0001864,0.0001397,0.0001079,7.77e-05,5.478e-05,4.038e-05,2.767e-05,1.922e-05,1.285e-05,8.634e-06,5.513e-06,3.597e-06,2.523e-06,1.723e-06,1.186e-06,1.115e-06,1.145e-06,8.614e-07,1.054e-06,7.397e-07,9.323e-07,1.094e-06,7.296e-07,9.526e-07,7.701e-07,7.803e-07,6.688e-07,6.992e-07,6.587e-07,6.891e-07,5.573e-07,4.053e-07,3.141e-07,3.04e-07,2.533e-07,1.824e-07,1.621e-07,1.419e-07,1.621e-07
0.0007727,0.0007785,0.0006425,0.0006177,0.0005115,0.0004335,0.0003684,0.0003202,0.0002682,0.0002264,0.0001847,0.0001397,0.0001052,7.541e-05,5.701e-05,3.844e-05,2.604e-05,1.842e-05,1.269e-05,8.806e-06,5.492e-06,3.486e-06,2.128e-06,1.621e-06,1.206e-06,9.019e-07,9.931e-07,1.003e-06,9.12e-07,9.931e-07,9.627e-07,9.424e-07,8.512e-07,8.512e-07,9.728e-07,8.107e-07,8.005e-07,5.675e-07,6.485e-07,6.485e-07,5.573e-07,6.283e-07,3.344e-07,3.547e-07,3.749e-07,2.432e-07,1.723e-07,1.52e-07,1.925e-07
0.0007673,0.0007768,0.0006433,0.0006229,0.0005118,0.0004338,0.0003619,0.0003215,0.0002665,0.0002296,0.0001815,0.0001385,0.0001029,7.524e-05,5.318e-05,3.963e-05,2.639e-05,1.779e-05,1.304e-05,7.924e-06,5.381e-06,3.304e-06,2.199e-06,1.642e-06,1.429e-06,1.206e-06,9.222e-07,8.816e-07,9.019e-07,9.424e-07,8.107e-07,8.715e-07,9.83e-07,8.208e-07,9.222e-07,7.093e-07,6.485e-07,7.701e-07,8.208e-07,6.688e-07,5.877e-07,5.472e-07,3.851e-07,3.851e-07,2.939e-07,2.533e-07,1.419e-07,1.317e-07,1.621e-07
0.0007764,0.0007862,0.0006419,0.0006274,0.0005138,0.0004354,0.0003694,0.0003248,0.0002735,0.000231,0.0001865,0.0001429,0.0001061,7.817e-05,5.658e-05,4.174e-05,2.765e-05,2.037e-05,1.332e-05,8.198e-06,5.371e-06,3.922e-06,2.493e-06,1.682e-06,1.196e-06,1.226e-06,7.904e-07,8.816e-07,1.115e-06,9.83e-07,9.931e-07,8.31e-07,8.816e-07,1.054e-06,6.789e-07,7.499e-07,7.701e-07,8.715e-07,8.411e-07,7.093e-07,4.763e-07,5.472e-07,4.56e-07,3.851e-07,2.635e-07,2.229e-07,1.824e-07,1.216e-07,1.317e-07
0.0007791,0.0007814,0.0006474,0.0006212,0.0005099,0.0004351,0.0003689,0.0003199,0.0002746,0.0002294,0.0001854,0.0001399,0.0001051,7.856e-05,5.431e-05,3.779e-05,2.751e-05,1.937e-05,1.279e-05,8.593e-06,5.442e-06,3.597e-06,2.452e-06,1.51e-06,1.054e-06,1.186e-06,1.034e-06,7.701e-07,1.064e-06,9.931e-07,1.054e-06,1.013e-06,9.424e-07,8.411e-07,6.688e-07,9.222e-07,9.424e-07,6.992e-07,6.485e-07,6.587e-07,5.168e-07,5.269e-07,5.168e-07,3.547e-07,3.04e-07,2.736e-07,2.331e-07,2.432e-07,1.216e-07
0.0007826,0.000794,0.0006498,0.0006299,0.000515,0.0004361,0.0003739,0.0003234,0.0002705,0.0002334,0.000187,0.0001416,0.0001055,7.66e-05,5.465e-05,3.906e-05,2.818e-05,1.902e-05,1.333e-05,8.634e-06,5.827e-06,3.689e-06,2.351e-06,1.733e-06,1.54e-06,1.186e-06,1.023e-06,9.222e-07,9.12e-07,8.31e-07,8.614e-07,8.208e-07,9.222e-07,1.003e-06,9.424e-07,6.891e-07,9.12e-07,6.891e-07,6.789e-07,6.08e-07,4.763e-07,3.851e-07,3.648e-07,3.445e-07,3.04e-07,2.229e-07,2.128e-07,1.723e-07,1.013e-07
0.0007783,0.0007809,0.000643,0.000621,0.000509,0.0004359,0.0003684,0.0003216,0.0002697,0.0002304,0.0001853,0.0001395,0.0001039,7.688e-05,5.49e-05,3.979e-05,2.796e-05,1.852e-05,1.314e-05,8.512e-06,5.573e-06,3.699e-06,2.412e-06,1.409e-06,1.348e-06,1.115e-06,1.064e-06,9.627e-07,1.094e-06,9.83e-07,1.094e-06,9.627e-07,9.83e-07,9.019e-07,7.296e-07,7.499e-07,8.918e-07,8.005e-07,5.776e-07,5.776e-07,5.472e-07,5.067e-07,3.648e-07,2.229e-07,2.736e-07,1.925e-07,1.723e-07,1.621e-07,1.824e-07
0.0007841,0.0007864,0.0006434,0.0006233,0.0005128,0.0004368,0.0003677,0.0003189,0.0002702,0.0002312,0.000185,0.0001407,0.0001066,7.739e-05,5.5e-05,4.009e-05,2.782e-05,1.961e-05,1.355e-05,9.019e-06,5.786e-06,3.537e-06,2.371e-06,1.713e-06,1.277e-06,1.186e-06,8.411e-07,1.074e-06,9.222e-07,9.222e-07,8.512e-07,1.064e-06,8.411e-07,9.424e-07,1.034e-06,8.411e-07,6.992e-07,7.701e-07,7.904e-07,5.573e-07,5.269e-07,3.547e-07,3.243e-07,3.141e-07,4.053e-07,1.824e-07,2.128e-07,2.128e-07,1.317e-07
0.0007717,0.0007776,0.0006375,0.0006194,0.0005093,0.0004353,0.0003669,0.0003186,0.0002663,0.0002285,0.0001814,0.0001388,0.0001071,7.464e-05,5.45e-05,3.849e-05,2.655e-05,1.852e-05,1.242e-05,8.117e-06,5.442e-06,3.496e-06,2.128e-06,1.834e-06,1.307e-06,1.003e-06,8.614e-07,1.277e-06,1.003e-06,1.064e-06,8.005e-07,1.044e-06,8.005e-07,9.12e-07,9.424e-07,9.627e-07,7.397e-07,7.803e-07,7.195e-07,6.992e-07,5.371e-07,4.965e-07,4.864e-07,3.243e-07,3.04e-07,1.925e-07,2.128e-07,2.027e-07,2.128e-07
0.0007917,0.0007923,0.0006487,0.0006283,0.0005143,0.0004399,0.0003695,0.0003262,0.0002748,0.0002342,0.0001885,0.0001438,0.0001062,7.933e-05,5.659e-05,4.135e-05,2.865e-05,1.987e-05,1.313e-05,8.684e-06,6.09e-06,4.124e-06,2.473e-06,1.824e-06,1.388e-06,1.216e-06,1.034e-06,1.054e-06,9.526e-07,9.728e-07,1.054e-06,9.222e-07,9.424e-07,9.019e-07,9.526e-07,9.323e-07,8.208e-07,8.005e-07,6.384e-07,6.587e-07,6.688e-07,6.384e-07,4.56e-07,3.749e-07,3.952e-07,2.128e-07,2.331e-07,1.824e-07,1.621e-07
0.000784,0.0007868,0.0006467,0.0006298,0.0005153,0.000438,0.0003664,0.0003228,0.0002737,0.0002328,0.0001856,0.000141,0.0001061,7.713e-05,5.758e-05,4.032e-05,2.717e-05,1.972e-05,1.287e-05,8.705e-06,5.249e-06,3.739e-06,2.402e-06,1.844e-06,1.388e-06,1.378e-06,1.125e-06,1.125e-06,9.526e-07,7.803e-07,9.526e-07,9.424e-07,7.701e-07,9.83e-07,7.803e-07,8.715e-07,7.195e-07,7.6e-07,6.08e-07,5.675e-07,5.371e-07,5.067e-07,4.56e-07,2.635e-07,2.837e-07,2.331e-07,1.925e-07,1.925e-07,1.317e-07
0.0007886,0.0007904,0.0006493,0.0006262,0.0005166,0.0004407,0.0003722,0.0003279,0.0002733,0.0002337,0.0001869,0.0001428,0.0001079,7.832e-05,5.752e-05,4.091e-05,2.881e-05,2.077e-05,1.391e-05,9.343e-06,6.151e-06,3.547e-06,2.351e-06,1.905e-06,1.358e-06,1.145e-06,9.526e-07,8.918e-07,9.424e-07,8.918e-07,9.83e-07,8.208e-07,9.323e-07,8.512e-07,8.918e-07,8.31e-07,7.904e-07,8.31e-07,8.31e-07,6.891e-07,6.992e-07,6.485e-07,4.459e-07,3.749e-07,2.432e-07,3.648e-07,2.533e-07,1.723e-07,7.093e-08
0.0007881,0.0007939,0.0006472,0.0006262,0.0005177,0.0004355,0.000368,0.0003235,0.0002743,0.0002307,0.0001865,0.0001432,0.0001043,7.829e-05,5.596e-05,3.919e-05,2.779e-05,1.965e-05,1.343e-05,8.573e-06,5.553e-06,3.739e-06,2.077e-06,1.621e-06,1.277e-06,9.83e-07,1.105e-06,9.728e-07,1.044e-06,8.411e-07,1.044e-06,9.424e-07,9.526e-07,8.005e-07,9.019e-07,9.728e-07,7.296e-07,7.397e-07,7.701e-07,5.269e-07,6.384e-07,5.168e-07,3.243e-07,3.243e-07,3.04e-07,2.027e-07,2.027e-07,1.419e-07,1.013e-07
0.0007811,0.0007807,0.0006497,0.0006245,0.0005136,0.0004326,0.000368,0.0003208,0.000269,0.0002323,0.0001853,0.000143,0.0001069,7.759e-05,5.742e-05,3.884e-05,2.735e-05,1.919e-05,1.285e-05,8.512e-06,5.888e-06,3.567e-06,2.584e-06,1.601e-06,1.571e-06,1.196e-06,9.222e-07,1.115e-06,1.003e-06,9.222e-07,6.789e-07,7.803e-07,1.034e-06,9.627e-07,7.6e-07,7.904e-07,7.397e-07,6.587e-07,8.816e-07,7.296e-07,6.789e-07,5.371e-07,4.155e-07,3.648e-07,2.736e-07,1.216e-07,2.229e-07,1.925e-07,8.107e-08
0.0007906,0.0007896,0.0006564,0.000627,0.0005151,0.0004401,0.0003743,0.0003252,0.0002752,0.000232,0.0001868,0.0001424,0.0001078,7.973e-05,5.693e-05,4.054e-05,2.932e-05,2.089e-05,1.345e-05,8.644e-06,5.573e-06,3.567e-06,2.219e-06,1.631e-06,1.307e-06,1.044e-06,1.125e-06,1.105e-06,9.627e-07,9.83e-07,8.918e-07,9.019e-07,7.499e-07,7.701e-07,8.411e-07,7.195e-07,8.31e-07,6.891e-07,7.904e-07,5.168e-07,4.763e-07,5.776e-07,4.053e-07,4.256e-07,2.128e-07,3.04e-07,1.317e-07,1.824e-07,1.419e-07
0.0007873,0.0007913,0.0006495,0.0006267,0.0005157,0.0004384,0.00037,0.0003267,0.0002755,0.0002311,0.0001881,0.0001421,0.0001073,7.748e-05,5.643e-05,4.051e-05,2.825e-05,1.94e-05,1.329e-05,8.573e-06,5.107e-06,3.861e-06,2.3e-06,1.885e-06,1.561e-06,1.165e-06,1.064e-06,1.155e-06,1.105e-06,1.105e-06,7.803e-07,9.424e-07,9.526e-07,8.816e-07,8.411e-07,8.614e-07,9.728e-07,7.701e-07,8.107e-07,6.08e-07,6.08e-07,5.472e-07,4.155e-07,3.445e-07,3.141e-07,2.229e-07,2.229e-07,1.621e-07,1.013e-07
0.0007739,0.0007815,0.0006416,0.0006212,0.0005082,0.0004361,0.0003631,0.0003189,0.0002684,0.0002276,0.0001817,0.0001386,0.000104,7.62e-05,5.554e-05,3.952e-05,2.661e-05,1.849e-05,1.308e-05,8.421e-06,5.776e-06,3.577e-06,2.29e-06,1.601e-06,1.388e-06,1.084e-06,1.044e-06,9.323e-07,9.323e-07,9.627e-07,1.084e-06,1.003e-06,7.093e-07,8.715e-07,8.512e-07,9.627e-07,8.005e-07,8.816e-07,6.789e-07,6.08e-07,6.384e-07,6.587e-07,5.979e-07,3.243e-07,3.344e-07,3.141e-07,2.027e-07,1.52e-07,1.115e-07
0.0007843,0.0007865,0.000649,0.0006257,0.0005107,0.0004343,0.0003714,0.0003236,0.0002724,0.0002349,0.0001853,0.0001398,0.000108,7.704e-05,5.592e-05,4.003e-05,2.811e-05,1.937e-05,1.333e-05,8.441e-06,5.523e-06,3.597e-06,2.3e-06,1.561e-06,1.297e-06,1.226e-06,9.728e-07,9.526e-07,9.12e-07,1.044e-06,9.728e-07,8.107e-07,7.397e-07,8.107e-07,9.728e-07,8.816e-07,6.891e-07,6.891e-07,7.6e-07,5.675e-07,5.371e-07,4.965e-07,4.256e-07,3.547e-07,3.04e-07,2.128e-07,2.128e-07,1.824e-07,1.115e-07
0.0007779,0.0007843,0.0006444,0.0006222,0.0005105,0.0004341,0.0003682,0.0003214,0.0002701,0.0002299,0.0001861,0.0001405,0.000106,7.753e-05,5.463e-05,3.903e-05,2.773e-05,1.97e-05,1.244e-05,8.299e-06,5.34e-06,3.729e-06,2.584e-06,1.601e-06,1.267e-06,9.728e-07,1.115e-06,9.931e-07,9.424e-07,7.296e-07,7.803e-07,8.614e-07,9.019e-07,1.145e-06,1.023e-06,8.816e-07,7.093e-07,7.701e-07,9.323e-07,6.384e-07,4.256e-07,4.56e-07,4.053e-07,4.459e-07,3.243e-07,2.635e-07,2.533e-07,1.723e-07,1.621e-07
0.0007883,0.0007883,0.0006471,0.0006249,0.0005154,0.0004382,0.000367,0.0003233,0.0002754,0.0002322,0.0001871,0.0001427,0.000107,7.896e-05,5.612e-05,4.082e-05,2.82e-05,1.982e-05,1.213e-05,9.272e-06,6.273e-06,3.628e-06,2.361e-06,1.915e-06,1.165e-06,1.084e-06,1.013e-06,9.019e-07,9.931e-07,1.023e-06,7.701e-07,1.155e-06,9.526e-07,8.411e-07,8.107e-07,6.891e-07,8.715e-07,7.397e-07,5.573e-07,5.877e-07,7.397e-07,5.269e-07,3.547e-07,3.952e-07,2.939e-07,2.027e-07,2.432e-07,1.419e-07,1.317e-07
0,0,0,0,0,0,0,0,0,0,0,0,0,0,0,0,0,0,0,0,0,0,0,0,0,0,0,0,0,0,0,0,0,0,0,0,0,0,0,0,0,0,0,0,0,0,0,0,0
