,0,1
0,0.010349606593640951,29014.53605769231
1,0.01650344952940941,30939.875
2,0.022194613243884116,20880.050373134327
3,0.02831568698896918,23300.899224806202
4,0.0348107413184352,19635.034146341462
5,0.04103064271602554,17153.726720647774
6,0.04701553145828454,15249.44347826087
7,0.053467358255336786,13489.77234927235
8,0.05981578285685437,12031.285063752277
9,0.06601077111525352,11228.838549075392
10,0.07217250790810555,11116.044359949303
11,0.07845294973245343,9251.832507433102
12,0.08487983061959864,8078.596925704526
13,0.09121687067623109,6927.161731207289
14,0.0973662399543837,6491.169965870307
15,0.10358157039985175,5839.646678424456
16,0.10992088138874975,5729.4564442180335
17,0.11622324701882392,5262.471167369902
18,0.12246742426214964,4998.948837209302
19,0.12885814882449792,4604.242831215971
20,0.1351418555886657,4466.652642934197
21,0.1413056743956595,4116.922548407245
22,0.1475902355969816,3791.3991304347824
23,0.15386442710385623,3635.241655540721
24,0.1601511297964478,3400.909905546137
25,0.16652706106388446,3204.56945064761
26,0.17282857481926014,3060.0974272458875
27,0.17904943416533908,2945.129685307677
28,0.18532649428053719,2858.7496857604597
29,0.191563649031872,2810.6703645007924
30,0.19782629696206475,2728.2024394107398
31,0.20418536403164306,2587.9910939587353
32,0.2104990989212861,2465.012734296752
33,0.21675980909587095,2314.7858284496538
34,0.2230344613380522,2246.544992374174
35,0.22932301850476475,2120.950671579698
36,0.2355762016388017,2070.9962186318326
37,0.24187842526247794,2002.2361037586024
38,0.24815206687009406,1935.7911189317877
39,0.25439256167212715,1923.979027090009
40,0.2607078409640793,1830.8691905765882
41,0.2669909140176128,1761.7157819989347
42,0.2732784318280276,1735.597626211969
43,0.2796229172610428,1679.2486730571181
44,0.2859119997715271,1639.8759919091333
45,0.2921391016916988,1612.5148367952522
46,0.29838003554413434,1576.4983351044987
47,0.3046837133280835,1489.363325052038
48,0.310982390830028,1482.0275880018216
49,0.31726399487416806,1423.1596775201551
50,0.32355613714187975,1408.5169800059684
51,0.3298525386225757,1396.129173887926
52,0.3361688612656204,1349.3201036326552
53,0.34242331947103166,1318.358737071312
54,0.34867931122799234,1315.3310000514696
55,0.35497899745172384,1259.9623372751664
56,0.3612369381158765,1237.368025751073
57,0.36750548954263834,1218.3805526085152
58,0.3737910977145136,1198.0090592018842
59,0.3800917544550807,1159.0131301390504
60,0.38637965731630275,1151.9786648605173
61,0.3926748754475865,1129.2059906901436
62,0.39897488527208275,1108.947903931853
63,0.40523179144873506,1079.7182510534658
64,0.41153541487923706,1062.1906499762783
65,0.41782566669577126,1065.9425903636431
66,0.42406715555058183,1040.0272323147467
67,0.4303747715646338,1024.7120657828495
68,0.4366734418013899,997.4264306080497
69,0.4429274463971563,974.7089111453519
70,0.4491842008515656,967.949609852402
71,0.4554666696164051,954.6860608986933
72,0.46179273545910354,938.7864566654051
73,0.4681027510911702,931.8791907680796
74,0.47438105083637416,920.307726626328
75,0.48067113342738055,896.0185723207255
76,0.4869473921397646,886.2442426985438
77,0.4932044549191383,872.0137624172186
78,0.4994699859415744,865.5010648007301
79,0.5057519130594601,851.0362669009616
80,0.5120346274738824,846.2482286595653
81,0.5183384345513805,828.0296995350774
82,0.5246352366218466,827.1658598141562
83,0.5309032312560826,809.0850745268051
84,0.53718135035127,803.7154019795103
85,0.5434900436579115,794.3909468508944
86,0.549770203942528,783.4754577530952
87,0.5560082955335752,771.6178788376293
88,0.5623115380430711,764.6132570712215
89,0.5686266768704786,754.6912363402614
90,0.5748954251898436,747.526554923447
91,0.5811814135948373,741.5913040263246
92,0.5874694821282174,732.7265412117555
93,0.5937386770505129,722.175746548218
94,0.6000103455236553,721.8306352924723
95,0.6062846358238438,697.1447559993834
96,0.6125723049911028,696.0433788811587
97,0.6188885042351785,692.2572821072878
98,0.6251647508435086,688.276043101353
99,0.6314196335941735,675.8530993266791
100,0.6377208431051586,668.8368674365322
101,0.6440086487704034,663.0453544693967
102,0.6502848743497683,650.0474697183622
103,0.6565882460402733,652.1889015968612
104,0.6628711418064465,640.6771426926841
105,0.6691399061794252,640.4955379693552
106,0.675427045999761,629.5659719361836
107,0.6817035932908005,624.887461906835
108,0.6879798079284616,617.4409264571739
109,0.694260558798306,613.2205637605
110,0.700536689538698,606.8420985431749
111,0.7068239025083084,602.0938344881355
112,0.713120103376383,595.7371549789102
113,0.7194114445611601,586.6974264527698
114,0.7256979273574933,587.5531033164941
115,0.7319918845955835,579.7757467521099
116,0.738277753734539,575.3364735837047
117,0.7445428457009419,566.2603242408062
118,0.750801621394061,563.1563538693973
119,0.757088076099497,559.2803976186575
120,0.7633775148157896,554.3411771052489
121,0.7696671650395364,547.6616140232027
122,0.7759582763565732,543.197072072072
123,0.7822458074996136,540.9609633018114
124,0.7885541612369119,532.3861326477322
125,0.7948110753018989,527.9007371106472
126,0.8010577152601829,527.4215359339703
127,0.807351342288355,519.1455395448162
128,0.8136430139340965,512.8044224459995
129,0.8199315970602434,511.7938205973859
130,0.8262109744414238,505.3376457037549
131,0.8325045349587703,503.56801083766084
132,0.8388108169513222,497.4655885570944
133,0.8450834027638249,490.952510849349
134,0.85134356163431,491.17395836953125
135,0.8576285819775129,488.3115729275703
136,0.8639197534937754,480.9476960449404
137,0.8702014298406736,478.5334072866048
138,0.8764777990604619,475.6945668618036
139,0.8827695246776728,468.7097853136278
140,0.8890533847083338,463.9719760708916
141,0.8953242077442493,464.17799152495905
142,0.9016082531687436,460.05205798982007
143,0.9078950579621933,455.0908189342793
144,0.9141895146336302,451.6683545629296
145,0.9204893072050552,447.5437959180648
146,0.9267668123549547,443.4296864111498
147,0.933041162893945,439.7206195309513
148,0.9393396103782004,438.4946904726437
149,0.9456124334591955,431.2634087357427
150,0.951875186205769,427.55339010695377
151,0.9581585600376504,425.3595683128501
152,0.9644578276363043,422.8480696966234
153,0.9707517849666705,420.30557132647135
154,0.9770208152211595,416.5818848657955
155,0.9832934457105661,411.68290301160107
156,0.989568604804225,409.62140578156396
157,0.9958630444849629,406.9571064516943
158,1.0021490229171717,403.72188200712253
159,1.0084153752091234,400.3887112436063
160,1.014712531044671,395.98053439288446
161,1.0210087525885356,393.49271207266247
162,1.0272839774584774,390.6022423855063
163,1.033578238050456,385.8132903067399
164,1.039868336844789,382.9427254235707
165,1.0461388378227132,383.21170671099634
166,1.0524133455332338,377.317574733308
167,1.0586903006802657,375.79226037179905
168,1.064975748699498,370.24742176975906
169,1.071271929438306,369.6965760801229
170,1.0775563147744947,365.65159975279994
171,1.0838349439214088,364.29015920504327
172,1.090122620041348,359.3554239503781
173,1.0964032350272732,359.25380162139874
174,1.102689001142532,354.0989179715974
175,1.1089761197992,350.43354073408636
176,1.115240569684966,349.5759424179578
177,1.1215127374076095,346.2401005280716
178,1.1278037978855004,344.02958813318605
179,1.134100900266551,340.7578423964706
180,1.1403743471609005,337.82666090326717
181,1.1466528479675178,335.13629504810046
182,1.1529541955747153,333.80742474726975
183,1.1592352368786463,331.1018243986979
184,1.1655193928053122,326.7747880847292
185,1.1718057297384517,325.4521086310274
186,1.1780965784323296,321.36071597646475
187,1.1843876642803364,319.5185599174017
188,1.190655377609803,318.15829076533555
189,1.1969224717071019,314.7511132231551
190,1.203208661242506,312.9245515399541
191,1.209493047689779,309.3912841010516
192,1.2157736064783424,307.4863516314877
193,1.2220660816291498,304.5340104168856
194,1.2283553803452045,303.3901830733168
195,1.2346428005642225,300.0672038035543
196,1.2409171718597256,297.7167258034744
197,1.2471893494444475,293.68162843879435
198,1.2534732728382747,293.26509549907325
199,1.2597634755469846,290.3178647422713
200,1.2660477146711018,288.16731907074626
201,1.2723288517278217,285.72158404925597
202,1.2786152562773352,283.01978644300607
203,1.2848942749874779,280.8623122022719
204,1.291184719785628,278.4726983698505
205,1.2974838835464695,277.22060387582144
206,1.3037565466535246,275.00701237281027
207,1.310025121763233,272.46493414286914
208,1.3163155649700726,269.65451365629514
209,1.3225994200705813,267.66250121367517
210,1.3288729619027055,266.14750263856007
211,1.3351552005684029,264.4808060339975
212,1.341452566610122,262.04578792193007
213,1.3477396007730553,259.6988012386392
214,1.354008185137218,257.9914554571056
215,1.3602925618593986,255.81613803190768
216,1.3665774840677916,253.61143786548968
217,1.372863193743511,252.19715279806644
218,1.3791453527126112,249.45018851893153
219,1.385417268317886,248.09755906181138
220,1.3917091500735261,245.7085625068833
221,1.3979946549730564,243.71370000997626
222,1.4042736097437507,241.80901206216137
223,1.4105671760677956,240.51366964063422
224,1.4168523010197984,237.74567114819095
225,1.423126067017459,235.8385443729173
226,1.4294050828639389,234.53384164870988
227,1.4356927037286336,231.86801256442317
228,1.4419836828904564,230.21941403977343
229,1.4482673779425685,228.6013829515967
230,1.4545437854859817,227.1898991641118
231,1.4608260948994742,224.33910384570152
232,1.467122054074757,223.07499067859806
233,1.473405123726305,220.97634507138238
234,1.4796772979887085,220.35606702613882
235,1.4859635008505723,218.02695920310347
236,1.4922429338919585,216.53221898334414
237,1.4985118296860582,214.3467118476712
238,1.5047925535032742,212.91971724871476
239,1.511082266950079,210.7153237277457
240,1.5173695270276415,209.07798401544466
241,1.5236625163564148,207.50461374867416
242,1.529950444283032,205.67526403647184
243,1.5362376666779514,203.75715124013246
244,1.5425213624376795,202.45029171652143
245,1.5487924461792062,200.95153537770503
246,1.5550779331806213,199.62502946944633
247,1.5613662147271457,197.8205269204456
248,1.5676398585261002,196.62104982898805
249,1.5739221980369478,194.6352526296589
250,1.5802125014020314,193.3941291093092
251,1.5864955520396005,191.39093018203067
252,1.5927691810513314,190.53445401534933
253,1.599057519685254,188.8881610145048
254,1.605350982959999,186.61388810135986
255,1.6116236773486827,185.81117024494964
256,1.6179049876945184,184.00380248217587
257,1.624192247109105,182.58759019857968
258,1.630471373745042,181.5087238409044
259,1.6367594053589944,180.06818740072382
260,1.6430424172745675,178.6583210706865
261,1.6493168922278745,176.8379815643686
262,1.6555999775217596,175.76737171873893
263,1.6618853668058529,174.1273246877455
264,1.6681760997015156,173.7593351655896
265,1.6744610492324081,171.88379133465688
266,1.6807324831100852,170.18393653057586
267,1.6870184869364389,169.30564853510447
268,1.6933157183859626,167.652284286177
269,1.6995909937272273,166.68522498907822
270,1.705869274288526,165.00064371815049
271,1.712166445923419,163.5583998630166
272,1.7184517397121084,162.52690016901744
273,1.724727227764446,161.32301609810403
274,1.7310031694166959,159.6628028974073
275,1.737291453169446,159.0840370324241
276,1.7435734871828423,157.74672431104733
277,1.7498508701353088,156.4421622042182
278,1.7561366218328913,155.34258224046613
279,1.7624194263975368,154.46048876708787
280,1.7687053569250069,153.03617099013516
281,1.7749876607082833,151.80797955189905
282,1.781270766095254,150.6413017477755
283,1.7875569395755824,149.8096241187669
284,1.793843412655969,148.93937605773968
285,1.8001228488652092,147.71184432011677
286,1.8063990068526954,146.27668568240196
287,1.8126781493514301,145.28361673683122
288,1.8189631881145745,144.19523181218435
289,1.8252525757301614,143.0799111240099
290,1.831534255044713,142.172583576706
291,1.8378172990376744,141.30998329396854
292,1.8441107049982732,140.3920169406873
293,1.8503934363957655,139.56235178974518
294,1.8566700119321864,138.36465912631814
295,1.8629570694030888,137.17053720839777
296,1.8692394601270608,136.3419812381794
297,1.8755239082942206,135.65111297017393
298,1.8818072117973084,134.4161623056099
299,1.8880846573531107,133.50427874692204
300,1.8943600000397764,132.6296443846185
301,1.900650679874193,131.80525106923594
302,1.9069397833745312,130.82324639017483
303,1.91321166664152,130.09618407422613
304,1.919498493149042,129.10653630686159
305,1.9257850007787536,128.37070664044137
306,1.9320704958290196,127.21117775729708
307,1.9383523175911985,126.61581023291396
308,1.9446282413951748,125.76884418773379
309,1.9509125626638142,125.00061411676143
310,1.957199609032514,124.17205344382236
311,1.963485012567417,123.55319207865946
312,1.9697664763200013,123.27664804251883
313,1.9760602423411544,121.86104162729845
314,1.9823492298965477,121.48684839329415
315,1.9886230308677333,120.49908791020205
316,1.994903843201555,119.8741355266753
