,0,1
0,0.010349606593640951,18475.204326923078
1,0.01650344952940941,15954.45
2,0.022194613243884116,21270.04104477612
3,0.02831568698896918,15827.912790697674
4,0.0348107413184352,16089.25
5,0.04103064271602554,13217.21963562753
6,0.04701553145828454,11629.495652173913
7,0.053467358255336786,9537.745322245322
8,0.05981578285685437,8617.162112932605
9,0.06601077111525352,8908.630156472262
10,0.07217250790810555,7579.65969581749
11,0.07845294973245343,7172.20614469772
12,0.08487983061959864,6485.1268146883
13,0.09121687067623109,5349.068716780562
14,0.0973662399543837,5118.6795221843
15,0.10358157039985175,4641.470017636684
16,0.10992088138874975,4374.080489047376
17,0.11622324701882392,4038.760431317394
18,0.12246742426214964,3785.073572938689
19,0.12885814882449792,3570.755716878403
20,0.1351418555886657,3410.7802948579647
21,0.1413056743956595,3242.528107432854
22,0.1475902355969816,2943.248695652174
23,0.15386442710385623,2739.4576769025366
24,0.1601511297964478,2575.072414628239
25,0.16652706106388446,2472.5911121036174
26,0.17282857481926014,2358.5156052298607
27,0.17904943416533908,2249.562236921227
28,0.18532649428053719,2128.3724187466332
29,0.191563649031872,2054.159535129424
30,0.19782629696206475,1963.7665135434818
31,0.20418536403164306,1926.4617782395724
32,0.2104990989212861,1778.487480326227
33,0.21675980909587095,1737.367075119872
34,0.2230344613380522,1691.946619217082
35,0.22932301850476475,1589.761678354927
36,0.2355762016388017,1554.317405752263
37,0.24187842526247794,1509.316781365802
38,0.24815206687009406,1448.4166235379362
39,0.25439256167212715,1401.2839110593263
40,0.2607078409640793,1367.3167109725914
41,0.2669909140176128,1339.5245872536836
42,0.2732784318280276,1269.1053159478436
43,0.2796229172610428,1221.0115661887032
44,0.2859119997715271,1205.2995954566672
45,0.2921391016916988,1162.8732937685459
46,0.29838003554413434,1128.0396741055615
47,0.3046837133280835,1102.886926744108
48,0.310982390830028,1064.8073394495411
49,0.31726399487416806,1043.6717705143428
50,0.32355613714187975,1034.7286183228887
51,0.3298525386225757,994.0268053148469
52,0.3361688612656204,978.7347996251584
53,0.34242331947103166,961.2456178551987
54,0.34867931122799234,935.154048072469
55,0.35497899745172384,907.5096889595549
56,0.3612369381158765,888.9533749512291
57,0.36750548954263834,863.3043037040454
58,0.3737910977145136,851.7147257326629
59,0.3800917544550807,831.057126867278
60,0.38637965731630275,818.2233416585531
61,0.3926748754475865,807.8428658166363
62,0.39897488527208275,784.2646212091336
63,0.40523179144873506,779.8698728109174
64,0.41153541487923706,765.4308236925659
65,0.41782566669577126,744.3659773133458
66,0.42406715555058183,736.7591445272848
67,0.4303747715646338,726.2678301728479
68,0.4366734418013899,708.0047079106159
69,0.4429274463971563,715.9037621982537
70,0.4491842008515656,694.574911472533
71,0.4554666696164051,679.5225276880828
72,0.46179273545910354,667.3620774986172
73,0.4681027510911702,658.6914731359176
74,0.47438105083637416,647.4280456180464
75,0.48067113342738055,633.2899074099215
76,0.4869473921397646,628.5698463832167
77,0.4932044549191383,612.7325124172186
78,0.4994699859415744,610.2562113375925
79,0.5057519130594601,599.7884512129643
80,0.5120346274738824,593.888755000723
81,0.5183384345513805,586.2238567760738
82,0.5246352366218466,579.4102558219571
83,0.5309032312560826,570.3647008871707
84,0.53718135035127,563.5877756554958
85,0.5434900436579115,555.2232771043485
86,0.549770203942528,545.3612961145792
87,0.5560082955335752,539.4329748809719
88,0.5623115380430711,536.6769176525895
89,0.5686266768704786,527.7145138983578
90,0.5748954251898436,521.8095910809056
91,0.5811814135948373,518.3566754168669
92,0.5874694821282174,507.7418115981785
93,0.5937386770505129,503.317278532948
94,0.6000103455236553,497.75172196776333
95,0.6062846358238438,490.60965039995887
96,0.6125723049911028,485.71309875369144
97,0.6188885042351785,479.67275750215975
98,0.6251647508435086,471.9347322368954
99,0.6314196335941735,471.76898938770364
100,0.6377208431051586,466.7554318576723
101,0.6440086487704034,459.42607692190893
102,0.6502848743497683,454.16494017983206
103,0.6565882460402733,449.2528194808391
104,0.6628711418064465,445.74221493121513
105,0.6691399061794252,438.68771398102933
106,0.675427045999761,435.20144438037175
107,0.6817035932908005,431.9761373530692
108,0.6879798079284616,426.3322184471795
109,0.694260558798306,423.57648508039676
110,0.700536689538698,417.70664317360604
111,0.7068239025083084,414.7807552531972
112,0.713120103376383,410.7387089612984
113,0.7194114445611601,408.86817234527217
114,0.7256979273574933,402.42418162492686
115,0.7319918845955835,398.1935544116446
116,0.738277753734539,395.87065563335454
117,0.7445428457009419,390.9376171595415
118,0.750801621394061,387.3964747356052
119,0.757088076099497,383.57183898629086
120,0.7633775148157896,381.15276474078865
121,0.7696671650395364,377.617283427894
122,0.7759582763565732,373.64247580914247
123,0.7822458074996136,368.450552831853
124,0.7885541612369119,365.77118065319564
125,0.7948110753018989,364.3004910709784
126,0.8010577152601829,358.78599998044143
127,0.807351342288355,357.1826314473153
128,0.8136430139340965,354.30399575202443
129,0.8199315970602434,350.991451234666
130,0.8262109744414238,348.9072563925363
131,0.8325045349587703,346.4821133438699
132,0.8388108169513222,341.0779316663553
133,0.8450834027638249,338.4619608537773
134,0.85134356163431,335.6271327796504
135,0.8576285819775129,332.5230326703941
136,0.8639197534937754,330.59463380483646
137,0.8702014298406736,328.8386632118347
138,0.8764777990604619,323.6710846543445
139,0.8827695246776728,322.53923647507867
140,0.8890533847083338,320.06932403467806
141,0.8953242077442493,315.4398013613328
142,0.9016082531687436,311.9392914243344
143,0.9078950579621933,311.61295342716556
144,0.9141895146336302,308.08583588263014
145,0.9204893072050552,305.86304091572947
146,0.9267668123549547,302.9214890885751
147,0.933041162893945,301.49858967977434
148,0.9393396103782004,297.10475055507084
149,0.9456124334591955,296.73353651206696
150,0.951875186205769,295.21943906552565
151,0.9581585600376504,290.4282538966057
152,0.9644578276363043,290.2189716252462
153,0.9707517849666705,286.2033357156693
154,0.9770208152211595,284.90642954675883
155,0.9832934457105661,281.9105503691262
156,0.989568604804225,279.82199510820374
157,0.9958630444849629,278.40867458935736
158,1.0021490229171717,275.0465853918964
159,1.0084153752091234,273.30019853664265
160,1.014712531044671,271.2872817409689
161,1.0210087525885356,268.0263810923459
162,1.0272839774584774,266.72870958300234
163,1.033578238050456,264.3136030679832
164,1.039868336844789,263.24957307797666
165,1.0461388378227132,259.781189423005
166,1.0524133455332338,258.67425862176526
167,1.0586903006802657,256.80918588828035
168,1.064975748699498,254.0274054280856
169,1.071271929438306,252.04754016805254
170,1.0775563147744947,250.33231056129583
171,1.0838349439214088,247.58888770167755
172,1.090122620041348,246.46356424220292
173,1.0964032350272732,243.86147638113832
174,1.102689001142532,242.0428365377159
175,1.1089761197992,241.22717273130968
176,1.115240569684966,238.22573299174496
177,1.1215127374076095,237.370572601114
178,1.1278037978855004,234.0640287202146
179,1.134100900266551,232.5533526701928
180,1.1403743471609005,230.8016726810007
181,1.1466528479675178,228.70475673668727
182,1.1529541955747153,228.16907204817684
183,1.1592352368786463,225.3997330148247
184,1.1655193928053122,224.0298620473139
185,1.1718057297384517,222.43654868837515
186,1.1780965784323296,220.6726752181068
187,1.1843876642803364,218.44316656566335
188,1.190655377609803,217.00999422555856
189,1.1969224717071019,216.54122885756024
190,1.203208661242506,213.07493852715825
191,1.209493047689779,211.9359264577162
192,1.2157736064783424,210.29969180419607
193,1.2220660816291498,208.0956604717445
194,1.2283553803452045,206.37767979448492
195,1.2346428005642225,205.43414726434455
196,1.2409171718597256,203.47043501445947
197,1.2471893494444475,201.65552566517303
198,1.2534732728382747,200.53842981989087
199,1.2597634755469846,198.97162753790826
200,1.2660477146711018,198.20685593583016
201,1.2723288517278217,196.30952704460134
202,1.2786152562773352,194.49174893432527
203,1.2848942749874779,192.93605716379625
204,1.291184719785628,191.61546767445
205,1.2974838835464695,189.97834824177423
206,1.3037565466535246,188.53084664471513
207,1.310025121763233,187.05069114304848
208,1.3163155649700726,185.6038642445134
209,1.3225994200705813,183.47205310682858
210,1.3288729619027055,182.77095872436317
211,1.3351552005684029,181.20653214004278
212,1.341452566610122,179.6968821467483
213,1.3477396007730553,178.22228232789263
214,1.354008185137218,176.65544336836322
215,1.3602925618593986,175.67119911156857
216,1.3665774840677916,174.29048857934396
217,1.372863193743511,172.3667100475419
218,1.3791453527126112,171.7278954914768
219,1.385417268317886,170.52887212047108
220,1.3917091500735261,168.61474873509158
221,1.3979946549730564,167.8125874936039
222,1.4042736097437507,165.75282602394594
223,1.4105671760677956,164.8543848425352
224,1.4168523010197984,163.4871332337439
225,1.423126067017459,162.72516887004085
226,1.4294050828639389,160.3247079335261
227,1.4356927037286336,160.12948674941296
228,1.4419836828904564,158.1139062306883
229,1.4482673779425685,157.31882584109556
230,1.4545437854859817,155.8300866219234
231,1.4608260948994742,154.9131953428202
232,1.467122054074757,153.62858873974645
233,1.473405123726305,152.5905119289627
234,1.4796772979887085,151.49679261597862
235,1.4859635008505723,149.94061927159564
236,1.4922429338919585,149.14380712999275
237,1.4985118296860582,147.7054744566498
238,1.5047925535032742,146.49032751285233
239,1.511082266950079,145.4095617507958
240,1.5173695270276415,144.4996496050217
241,1.5236625163564148,143.24124548273656
242,1.529950444283032,142.02099388999846
243,1.5362376666779514,140.59623008233916
244,1.5425213624376795,140.15120551455408
245,1.5487924461792062,138.7650126986126
246,1.5550779331806213,137.76090239978444
247,1.5613662147271457,136.82133498560714
248,1.5676398585261002,135.71165543654126
249,1.5739221980369478,134.6276119251738
250,1.5802125014020314,133.89114589226224
251,1.5864955520396005,132.55068214680827
252,1.5927691810513314,131.0672235293533
253,1.599057519685254,130.1708701412348
254,1.605350982959999,129.60485487198036
255,1.6116236773486827,128.35853983789423
256,1.6179049876945184,127.57536068367862
257,1.624192247109105,126.64120480551378
258,1.630471373745042,125.43784426091752
259,1.6367594053589944,124.71513021996918
260,1.6430424172745675,123.53260309368508
261,1.6493168922278745,123.14992540161688
262,1.6555999775217596,121.90750796930816
263,1.6618853668058529,120.43594712452607
264,1.6681760997015156,120.08458091077091
265,1.6744610492324081,119.1311479827879
266,1.6807324831100852,117.82483508646817
267,1.6870184869364389,117.27716268230044
268,1.6933157183859626,116.49966298134581
269,1.6995909937272273,115.5108256880734
270,1.705869274288526,114.76819472581698
271,1.712166445923419,113.83606515271504
272,1.7184517397121084,112.98381775066308
273,1.724727227764446,112.33124928568103
274,1.7310031694166959,111.60510655441873
275,1.737291453169446,110.23248225183708
276,1.7435734871828423,109.63460820353667
277,1.7498508701353088,108.88812450221023
278,1.7561366218328913,108.03137011678105
279,1.7624194263975368,107.16625033347077
280,1.7687053569250069,106.76959211778356
281,1.7749876607082833,105.78265106433963
282,1.781270766095254,104.78769895006948
283,1.7875569395755824,104.21293308632886
284,1.793843412655969,103.54354333300226
285,1.8001228488652092,102.57374653369011
286,1.8063990068526954,102.09160261281976
287,1.8126781493514301,101.20057612821918
288,1.8189631881145745,100.4560262068338
289,1.8252525757301614,99.76880935195533
290,1.831534255044713,99.05944670466845
291,1.8378172990376744,98.52248066913323
292,1.8441107049982732,97.85283054336628
293,1.8503934363957655,97.50271262709977
294,1.8566700119321864,96.53592963313234
295,1.8629570694030888,95.76277803406511
296,1.8692394601270608,94.98691207353568
297,1.8755239082942206,94.78942664956645
298,1.8818072117973084,93.89871541238514
299,1.8880846573531107,93.34763166290348
300,1.8943600000397764,92.84516524190025
301,1.900650679874193,91.86511789721834
302,1.9069397833745312,91.40888820331146
303,1.91321166664152,90.80509110774025
304,1.919498493149042,90.23369155627083
305,1.9257850007787536,89.55698825462068
306,1.9320704958290196,89.32108520807208
307,1.9383523175911985,88.75010275862878
308,1.9446282413951748,87.92946618165398
309,1.9509125626638142,87.589637935247
310,1.957199609032514,87.11065074016285
311,1.963485012567417,86.40267846232801
312,1.9697664763200013,85.92677240167195
313,1.9760602423411544,85.4991848774754
314,1.9823492298965477,84.95746134380202
315,1.9886230308677333,84.28362496901437
316,1.994903843201555,83.84522156891545
