,0,1
0,0.010349606593640951,29277.009615384617
1,0.01650344952940941,21281.77638888889
2,0.022194613243884116,16941.619402985074
3,0.02831568698896918,16946.071705426355
4,0.0348107413184352,13649.3
5,0.04103064271602554,12242.352226720648
6,0.04701553145828454,10252.413768115943
7,0.053467358255336786,9442.6683991684
8,0.05981578285685437,8938.455373406194
9,0.06601077111525352,8132.069701280228
10,0.07217250790810555,7785.801013941697
11,0.07845294973245343,7354.058473736372
12,0.08487983061959864,6388.219470538002
13,0.09121687067623109,5691.442293090357
14,0.0973662399543837,4917.465870307167
15,0.10358157039985175,4637.089653145209
16,0.10992088138874975,4403.439633214468
17,0.11622324701882392,4238.79606188467
18,0.12246742426214964,3781.9446088794925
19,0.12885814882449792,3658.2896551724134
20,0.1351418555886657,3427.7313915857603
21,0.1413056743956595,3143.639912554653
22,0.1475902355969816,2957.8278260869565
23,0.15386442710385623,2718.7391188251004
24,0.1601511297964478,2687.2165173165413
25,0.16652706106388446,2436.0792764627063
26,0.17282857481926014,2332.5086461408687
27,0.17904943416533908,2307.528763279214
28,0.18532649428053719,2122.7202370263963
29,0.191563649031872,2088.6837471385807
30,0.19782629696206475,1986.3606843022335
31,0.20418536403164306,1932.403888971352
32,0.2104990989212861,1852.1336385749034
33,0.21675980909587095,1759.4559136920616
34,0.2230344613380522,1656.661921708185
35,0.22932301850476475,1605.787234042553
36,0.2355762016388017,1578.0496161338376
37,0.24187842526247794,1505.814081524616
38,0.24815206687009406,1446.8637822171618
39,0.25439256167212715,1438.7139528109526
40,0.2607078409640793,1355.6281969016409
41,0.2669909140176128,1328.6662524409728
42,0.2732784318280276,1274.4521899030424
43,0.2796229172610428,1251.0031688188228
44,0.2859119997715271,1217.3552201649293
45,0.2921391016916988,1155.9410979228487
46,0.29838003554413434,1158.1371590506553
47,0.3046837133280835,1120.8027932585778
48,0.310982390830028,1087.6660160062463
49,0.31726399487416806,1066.0122492344228
50,0.32355613714187975,1035.6717397791704
51,0.3298525386225757,1019.7075678798383
52,0.3361688612656204,986.853425941238
53,0.34242331947103166,958.3272727272728
54,0.34867931122799234,949.7750784909157
55,0.35497899745172384,925.7793898439829
56,0.3612369381158765,902.8401287553648
57,0.36750548954263834,887.5642787951474
58,0.3737910977145136,856.0163065633917
59,0.3800917544550807,829.7838047268501
60,0.38637965731630275,832.873640096516
61,0.3926748754475865,813.7592390204411
62,0.39897488527208275,803.2633986670347
63,0.40523179144873506,783.3942861561062
64,0.41153541487923706,774.6596109631035
65,0.41782566669577126,752.7454499033447
66,0.42406715555058183,739.5070881024886
67,0.4303747715646338,727.1242154723948
68,0.4366734418013899,722.6746236986936
69,0.4429274463971563,711.3601052901901
70,0.4491842008515656,696.4898624298831
71,0.4554666696164051,687.6702779370493
72,0.46179273545910354,674.4506681417217
73,0.4681027510911702,665.9281705948373
74,0.47438105083637416,649.4549814572122
75,0.48067113342738055,641.8558744467675
76,0.4869473921397646,637.9096403184154
77,0.4932044549191383,629.2218025662252
78,0.4994699859415744,617.5921813203529
79,0.5057519130594601,609.481476057988
80,0.5120346274738824,602.08131296091
81,0.5183384345513805,589.4325630883816
82,0.5246352366218466,584.1538602730297
83,0.5309032312560826,572.324968155713
84,0.53718135035127,564.3638652543845
85,0.5434900436579115,566.0409849961854
86,0.549770203942528,553.4271457502558
87,0.5560082955335752,550.7365375143654
88,0.5623115380430711,540.9241949384941
89,0.5686266768704786,531.7669517112414
90,0.5748954251898436,527.3269443702035
91,0.5811814135948373,522.8967722852811
92,0.5874694821282174,512.2321830251824
93,0.5937386770505129,510.1921937992793
94,0.6000103455236553,503.15558896542075
95,0.6062846358238438,498.07372261523443
96,0.6125723049911028,492.9851677594808
97,0.6188885042351785,485.8402255945492
98,0.6251647508435086,480.7195333387345
99,0.6314196335941735,475.37502562404404
100,0.6377208431051586,470.0140544031492
101,0.6440086487704034,469.67278579996656
102,0.6502848743497683,462.2268856357286
103,0.6565882460402733,454.76298988027156
104,0.6628711418064465,449.93118632360563
105,0.6691399061794252,448.4235280911489
106,0.675427045999761,438.7694208748661
107,0.6817035932908005,438.1670929473226
108,0.6879798079284616,430.9524212418862
109,0.694260558798306,427.19325374464347
110,0.700536689538698,421.03231572630585
111,0.7068239025083084,418.31110496334395
112,0.713120103376383,418.9398880146025
113,0.7194114445611601,412.15358891096787
114,0.7256979273574933,408.23713470196935
115,0.7319918845955835,402.34156248905697
116,0.738277753734539,400.46853770036455
117,0.7445428457009419,396.7957646470729
118,0.750801621394061,392.9702870572436
119,0.757088076099497,389.92683379758586
120,0.7633775148157896,387.0950423477369
121,0.7696671650395364,384.28888982979083
122,0.7759582763565732,380.83433433433436
123,0.7822458074996136,373.6703111858705
124,0.7885541612369119,372.1250954083477
125,0.7948110753018989,368.18170634560505
126,0.8010577152601829,365.0763468515603
127,0.807351342288355,362.20377460128134
128,0.8136430139340965,359.5196374049421
129,0.8199315970602434,355.8740575336579
130,0.8262109744414238,353.68473623589034
131,0.8325045349587703,350.0946669677128
132,0.8388108169513222,347.1258772983214
133,0.8450834027638249,344.2017181826233
134,0.85134356163431,341.52475935643054
135,0.8576285819775129,338.327282629971
136,0.8639197534937754,335.4910127617939
137,0.8702014298406736,333.67954502181345
138,0.8764777990604619,329.886239557982
139,0.8827695246776728,327.01133844910504
140,0.8890533847083338,326.08173645989956
141,0.8953242077442493,321.8650103000728
142,0.9016082531687436,318.0110449444277
143,0.9078950579621933,316.5236907350193
144,0.9141895146336302,312.93088102201244
145,0.9204893072050552,311.32539088273893
146,0.9267668123549547,307.5982835136622
147,0.933041162893945,305.00423456763406
148,0.9393396103782004,302.368850772843
149,0.9456124334591955,299.5745974727582
150,0.951875186205769,298.58321360901164
151,0.9581585600376504,297.9444250668527
152,0.9644578276363043,294.8539584159614
153,0.9707517849666705,291.68382171220935
154,0.9770208152211595,289.02265875973796
155,0.9832934457105661,286.85436766792964
156,0.989568604804225,284.2049418697961
157,0.9958630444849629,280.88746751444506
158,1.0021490229171717,281.0646869288312
159,1.0084153752091234,277.35118719964373
160,1.014712531044671,273.88252591161495
161,1.0210087525885356,273.320403787313
162,1.0272839774584774,269.8464019688073
163,1.033578238050456,268.89203014199944
164,1.039868336844789,267.6385296397536
165,1.0461388378227132,264.50275814068533
166,1.0524133455332338,262.72396173019445
167,1.0586903006802657,260.0980442874976
168,1.064975748699498,258.59956274981784
169,1.071271929438306,255.5502927525298
170,1.0775563147744947,255.0215215812128
171,1.0838349439214088,251.94431028956086
172,1.090122620041348,249.3544607274979
173,1.0964032350272732,248.8185714360289
174,1.102689001142532,244.99315008297447
175,1.1089761197992,244.50999147598216
176,1.115240569684966,241.82753853035663
177,1.1215127374076095,240.52190823821564
178,1.1278037978855004,238.51394587344168
179,1.134100900266551,236.22537353450164
180,1.1403743471609005,234.64596375857832
181,1.1466528479675178,232.6864019116436
182,1.1529541955747153,230.55335416214376
183,1.1592352368786463,229.3912644324223
184,1.1655193928053122,227.82090158636356
185,1.1718057297384517,225.61182134235997
186,1.1780965784323296,224.25816632475934
187,1.1843876642803364,222.27267299620675
188,1.190655377609803,221.47434815439968
189,1.1969224717071019,218.7045602548533
190,1.203208661242506,217.4177344286807
191,1.209493047689779,215.4534863164612
192,1.2157736064783424,213.74919559623385
193,1.2220660816291498,212.47599870524587
194,1.2283553803452045,210.38868834234754
195,1.2346428005642225,208.98005683944706
196,1.2409171718597256,207.0357897327563
197,1.2471893494444475,205.98792464397056
198,1.2534732728382747,204.66863362864453
199,1.2597634755469846,202.8729180566028
200,1.2660477146711018,200.55704969395248
201,1.2723288517278217,199.4209625261556
202,1.2786152562773352,197.87798168305625
203,1.2848942749874779,196.4364083302797
204,1.291184719785628,195.06847527781528
205,1.2974838835464695,193.0968134373752
206,1.3037565466535246,191.45552210438007
207,1.310025121763233,190.10780880022543
208,1.3163155649700726,188.51024538966516
209,1.3225994200705813,187.2429687752849
210,1.3288729619027055,185.78875830789855
211,1.3351552005684029,184.60769165822356
212,1.341452566610122,182.9189956871495
213,1.3477396007730553,181.1625731237495
214,1.354008185137218,179.9449824850608
215,1.3602925618593986,178.19569869173054
216,1.3665774840677916,176.54260348440522
217,1.372863193743511,175.26461448567102
218,1.3791453527126112,174.3872869205034
219,1.385417268317886,173.28359477679768
220,1.3917091500735261,171.6492851080922
221,1.3979946549730564,170.57699598052372
222,1.4042736097437507,168.79433807814445
223,1.4105671760677956,167.5297580591789
224,1.4168523010197984,165.92178784946336
225,1.423126067017459,164.74447808189768
226,1.4294050828639389,163.7871828400587
227,1.4356927037286336,162.21200939282122
228,1.4419836828904564,161.5788067971145
229,1.4482673779425685,159.37082602108927
230,1.4545437854859817,158.55988153046934
231,1.4608260948994742,157.50767964247913
232,1.467122054074757,156.40140287099177
233,1.473405123726305,154.81270064059996
234,1.4796772979887085,153.64565085621211
235,1.4859635008505723,152.64498600315463
236,1.4922429338919585,151.71355625987803
237,1.4985118296860582,150.14049123121978
238,1.5047925535032742,148.71188619039177
239,1.511082266950079,148.0572593536175
240,1.5173695270276415,147.00905573325264
241,1.5236625163564148,145.78283129522322
242,1.529950444283032,144.63425740498315
243,1.5362376666779514,143.16947104852994
244,1.5425213624376795,142.31996696350103
245,1.5487924461792062,141.32195705560105
246,1.5550779331806213,140.58550284590652
247,1.5613662147271457,139.14836644335153
248,1.5676398585261002,137.95838368116
249,1.5739221980369478,136.8175148456659
250,1.5802125014020314,135.56116412093783
251,1.5864955520396005,134.7097573340459
252,1.5927691810513314,133.87668356965213
253,1.599057519685254,132.75476771301325
254,1.605350982959999,131.76080516966633
255,1.6116236773486827,130.73056993564657
256,1.6179049876945184,129.3966056125021
257,1.624192247109105,128.88586904784572
258,1.630471373745042,127.78299638074813
259,1.6367594053589944,126.57688861648448
260,1.6430424172745675,125.90950283226333
261,1.6493168922278745,125.21138521679794
262,1.6555999775217596,123.87701292252208
263,1.6618853668058529,123.15656104475742
264,1.6681760997015156,122.17617121466884
265,1.6744610492324081,121.35529164458258
266,1.6807324831100852,120.28515778213585
267,1.6870184869364389,119.60928783167292
268,1.6933157183859626,118.47568651137549
269,1.6995909937272273,117.41542158147664
270,1.705869274288526,116.71830333979923
271,1.712166445923419,115.55981250401318
272,1.7184517397121084,114.99141289215665
273,1.724727227764446,114.08721675929884
274,1.7310031694166959,113.41612039516204
275,1.737291453169446,112.19309170922072
276,1.7435734871828423,111.53833323652177
277,1.7498508701353088,110.72911432836004
278,1.7561366218328913,109.92054644719553
279,1.7624194263975368,109.15469809780193
280,1.7687053569250069,108.34761730779267
281,1.7749876607082833,107.40349055473462
282,1.781270766095254,106.75370816636783
283,1.7875569395755824,105.92150848602134
284,1.793843412655969,105.40268015899447
285,1.8001228488652092,104.69128095353929
286,1.8063990068526954,103.722194537706
287,1.8126781493514301,103.03599652177911
288,1.8189631881145745,102.45284134855999
289,1.8252525757301614,101.57952761544361
290,1.831534255044713,100.73018177452906
291,1.8378172990376744,100.23665700975045
292,1.8441107049982732,99.66883094145031
293,1.8503934363957655,98.8456810450927
294,1.8566700119321864,98.32993489206078
295,1.8629570694030888,97.72728736443155
296,1.8692394601270608,96.92796331853526
297,1.8755239082942206,96.14773722523576
298,1.8818072117973084,95.8572680427947
299,1.8880846573531107,94.83777424079783
300,1.8943600000397764,94.4501817301128
301,1.900650679874193,93.59796728337045
302,1.9069397833745312,93.37046312874047
303,1.91321166664152,92.6059991788536
304,1.919498493149042,91.88658220612479
305,1.9257850007787536,91.55012872229756
306,1.9320704958290196,90.69840838163923
307,1.9383523175911985,90.18666335602131
308,1.9446282413951748,89.69016189042055
309,1.9509125626638142,89.14483250460587
310,1.957199609032514,88.65509984659158
311,1.963485012567417,88.30552066277279
312,1.9697664763200013,87.48629779396266
313,1.9760602423411544,86.86048113047406
314,1.9823492298965477,86.56696398502824
315,1.9886230308677333,86.30202566563487
316,1.994903843201555,85.47796629442395
